0.005426
0.004500
0.004249
0.000579
0.003069
0.005236
0.000541
0.003935
0.001929
0.000387
0.005274
0.004485
0.003766
0.004003
0.005492
0.000316
0.003813
0.003098
0.005654
0.000246
0.004208
0.004905
0.000284
0.000492
0.000450
0.000463
0.005050
0.004078
0.004850
0.003210
0.004270
0.003863
0.005395
0.000353
0.000580
0.002800
0.005177
0.001561
0.000495
0.004034
0.000409
0.004706
0.006703
0.000066
0.000491
0.000365
0.000625
0.000379
0.003736
0.004525
0.000724
0.000389
0.002393
0.000270
0.000312
0.001956
0.004473
0.000643
0.002568
0.000530
0.000550
0.000407
0.004125
0.000259
0.000588
0.005356
0.000427
0.002621
0.003515
0.005356
0.000383
0.006639
0.000519
0.003057
0.003661
0.002912
0.000544
0.003364
0.003661
0.004828
0.005687
0.004474
0.003233
0.004081
0.000665
0.005349
0.000253
0.000398
0.000162
0.003167
0.002774
0.000167
0.000381
0.003892
0.000480
0.000591
0.003948
0.000333
0.004183
0.000228
