-56.558100
-59.346100
-58.584300
-57.800800
-60.530300
-59.533700
-57.600400
-58.292900
-57.808400
-57.177500
-56.087000
-58.953800
-60.722600
-55.938500
-57.784000
-57.987200
-58.408500
-59.390400
-59.892500
-59.499600
-58.159400
-57.772900
-56.112600
-56.608400
-56.062500
-54.826300
-56.389800
-56.090000
-58.151700
-58.494700
-57.476400
-57.878100
-55.717800
-55.923600
-59.256800
-56.692700
-58.181700
-57.858000
-56.082200
-55.215500
-57.717900
-58.306100
-58.205500
-58.798600
-59.038500
-57.914200
-56.301900
-57.046300
-58.138400
-58.297300
-56.230100
-56.890600
-59.007400
-57.778300
-56.182700
-58.104700
-57.931900
-57.656500
-57.588100
-56.436300
-58.744300
-56.528000
-61.348400
-58.959300
-57.111500
-57.230800
-56.503800
-55.866500
-57.560900
-57.230800
-59.636300
-58.663800
-57.537800
-59.253000
-57.480700
-56.446500
-59.091100
-56.528600
-57.480700
-58.141400
-57.681100
-59.279100
-58.914800
-58.859800
-55.213900
-56.966100
-57.469100
-57.705800
-57.764800
-54.340500
-54.927400
-57.880200
-58.020700
-59.555300
-59.639000
-55.053200
-58.261200
-56.459300
-56.920600
-57.816000
