18.641000
55.384700
51.082500
30.672500
63.062700
48.241900
35.753200
38.841700
27.187200
46.650400
45.149400
44.852700
54.368200
51.533800
56.426200
49.220500
20.449900
38.913200
47.605500
67.387500
45.684700
37.864500
30.562300
56.016100
51.096900
51.198300
10.536600
43.639700
61.465800
49.561200
34.994700
50.866000
65.378500
30.943800
58.317800
51.867900
40.966600
60.793100
72.473700
49.897600
66.990200
60.268500
30.161800
28.071100
57.857100
50.360800
64.263300
57.749800
31.895400
60.816100
51.783300
32.176000
53.102400
26.948000
46.088700
59.219100
23.949400
48.093400
49.928600
53.508500
69.618800
29.155800
31.348800
33.180200
42.400900
32.544600
40.525500
45.468200
50.514600
32.544600
57.049200
36.181400
36.803300
68.298200
44.511200
29.286500
19.044400
13.070300
44.511200
25.425400
51.670900
36.049800
63.030100
49.950500
32.478400
40.696400
74.445300
57.909200
47.055100
56.193700
36.623500
48.669900
61.953200
61.287200
50.785800
85.116300
32.917200
38.980700
49.211800
54.879700
