0.015899
0.037469
0.050950
0.049139
0.044076
0.048737
0.049134
0.046096
0.035062
0.038174
0.044062
0.050626
0.030490
0.038190
0.031748
0.039465
0.027191
0.041789
0.049332
0.036331
0.048429
0.039258
0.040877
0.039231
0.046060
0.038593
0.032737
0.035675
0.042120
0.048472
0.035442
0.036500
0.033469
0.016812
0.039445
0.045594
0.048581
0.045626
0.049325
0.038769
0.040325
0.036167
0.063561
0.015612
0.041992
0.035168
0.035333
0.046757
0.042257
0.039815
0.072568
0.036093
0.033980
0.046036
0.046435
0.035456
0.008528
0.031281
0.046144
0.039782
0.032391
0.022494
0.040368
0.043449
0.016026
0.039964
0.038253
0.040289
0.015185
0.039964
0.037975
0.033353
0.045550
0.031715
0.024945
0.022776
0.070625
0.019278
0.024945
0.048194
0.014166
0.027222
0.024393
0.021925
0.063415
0.047443
0.022832
0.036398
0.017662
0.050502
0.018751
0.011452
0.018360
0.031440
0.008482
0.028634
0.024759
0.039060
0.041841
0.031577
