-0.568758
-0.665826
-0.969374
-0.520778
-0.732946
-1.228839
-0.537870
-0.392254
-0.341436
0.001278
-0.146377
-0.105509
-0.218623
0.188820
-0.063289
-0.633212
-0.447051
-0.197992
0.142893
0.444123
0.413820
0.689292
0.346107
0.455582
1.746456
0.423549
0.705726
1.104093
0.099535
0.348469
0.927305
1.156987
1.073567
0.527643
1.368782
1.664462
1.004733
0.400856
1.317612
1.294416
1.082841
1.207931
0.854704
1.279428
1.177930
0.897868
1.053551
1.510918
1.569786
1.276581
1.000063
2.055845
1.218818
1.548759
1.655208
1.859847
1.194183
1.258911
1.232227
1.047704
1.555895
1.291533
1.606014
1.432767
1.752345
1.428813
3.000248
1.287413
2.165704
1.428813
1.766277
1.430171
2.068630
1.721669
2.395575
2.407766
1.786361
1.988700
2.395575
2.027685
1.748354
2.430654
2.239467
2.900802
3.503873
2.803232
2.871707
3.249761
3.116171
2.289007
3.381769
3.292204
3.010667
2.583919
2.979332
4.170508
3.186144
3.751848
0.554653
4.100660
