0.013565
0.011251
0.010623
0.001448
0.007673
0.013091
0.001353
0.009837
0.004823
0.000967
0.013185
0.011211
0.009414
0.010007
0.013730
0.000790
0.009532
0.007745
0.014135
0.000615
0.010519
0.012262
0.000709
0.001230
0.001124
0.001157
0.012624
0.010196
0.012124
0.008025
0.010674
0.009657
0.013486
0.000883
0.001450
0.007000
0.012943
0.003903
0.001237
0.010084
0.001024
0.011765
0.016756
0.000165
0.001228
0.000913
0.001563
0.000948
0.009339
0.011312
0.001810
0.000972
0.005983
0.000675
0.000780
0.004889
0.011183
0.001606
0.006421
0.001325
0.001376
0.001019
0.010311
0.000649
0.001470
0.013389
0.001068
0.006553
0.008786
0.013389
0.000958
0.016596
0.001297
0.007642
0.009152
0.007279
0.001361
0.008409
0.009152
0.012071
0.014218
0.011186
0.008083
0.010203
0.001662
0.013372
0.000634
0.000996
0.000405
0.007919
0.006935
0.000417
0.000953
0.009730
0.001201
0.001476
0.009869
0.000832
0.010457
0.000571
