-59.346100
-60.530300
-57.464100
-56.615000
-58.292900
-56.558100
-58.921900
-57.600400
-61.443700
-58.408500
-56.068600
-58.330300
-57.784000
-57.287000
-59.390400
-58.953800
-55.891100
-55.938500
-54.100400
-56.112600
-57.757000
-55.497100
-56.389800
-58.159400
-56.869300
-58.151700
-55.000800
-58.494700
-58.539800
-58.556100
-58.181700
-57.858000
-55.215500
-59.038500
-56.646300
-57.476400
-59.886600
-57.926600
-55.529600
-56.301900
-54.382700
-55.923600
-58.798600
-58.306100
-54.420600
-58.023000
-55.257600
-61.348400
-58.483100
-56.436300
-57.923400
-58.297300
-58.380400
-58.309400
-57.931900
-58.104700
-59.007400
-57.046300
-56.890600
-57.478900
-58.208800
-55.591500
-57.588100
-56.528000
-58.209000
-54.702600
-55.974800
-55.866500
-57.537800
-57.542800
-56.503800
-57.726300
-57.230800
-59.253000
-56.900700
-59.279100
-58.144700
-54.245600
-55.840500
-57.480700
-54.735600
-56.446500
-54.604500
-58.859800
-56.966100
-55.213900
-58.362500
-57.764800
-57.764800
-57.880200
-54.340500
-54.927400
-58.020700
-57.220700
-56.618600
-58.261200
-55.053200
-56.459300
-57.476400
-59.328000
