0.007058
0.024074
0.000818
0.006103
0.001821
0.038216
0.006567
0.008046
0.003957
0.001253
0.038954
0.005458
0.014305
0.008368
0.011269
0.002357
0.017709
0.008204
0.011090
0.080742
0.018507
0.091901
0.091855
0.134988
0.039677
0.089988
0.004955
0.000292
0.053019
0.004331
0.004507
0.088421
0.183240
0.107476
0.571240
1.463893
0.117490
0.114450
0.120693
0.491005
0.059633
0.083763
0.103163
0.001611
0.434733
0.067416
0.009653
0.013242
0.118938
0.087390
0.249126
0.025394
0.306832
0.272752
0.029752
0.055903
0.138738
0.145120
0.174747
0.764081
0.079956
0.165029
0.037454
0.017549
0.205215
0.050669
0.075706
0.271127
0.451614
0.672752
0.011820
0.795341
0.084470
0.324132
0.702836
0.079345
0.535591
0.007892
0.252829
0.722032
0.290639
0.126786
0.513671
0.763855
0.220490
0.930036
0.099871
1.854881
3.974983
0.873871
0.762349
0.030822
1.279449
1.511058
4.426157
10.302220
0.077403
6.143106
1.463893
0.045662
