0.003069
0.003167
0.005426
0.000257
0.000425
0.004370
0.003540
0.003935
0.005236
0.004003
0.000413
0.004485
0.003098
0.005492
0.005490
0.000397
0.000441
0.000469
0.005654
0.004078
0.003600
0.005044
0.000246
0.004208
0.003580
0.002942
0.004330
0.004183
0.004905
0.003920
0.003863
0.005395
0.000542
0.000345
0.000409
0.006703
0.000450
0.000252
0.000392
0.000066
0.000429
0.000365
0.005023
0.004706
0.003744
0.000495
0.000393
0.000304
0.002565
0.004125
0.006168
0.000550
0.002656
0.004473
0.000530
0.000379
0.002393
0.000695
0.005140
0.004310
0.000588
0.000389
0.000259
0.000430
0.000407
0.000243
0.004236
0.000413
0.000458
0.000464
0.000249
0.003515
0.000418
0.003661
0.003195
0.004061
0.003661
0.003057
0.004828
0.003233
0.003805
0.000354
0.002912
0.000310
0.000251
0.005349
0.004081
0.000398
0.000162
0.001910
0.000381
0.002774
0.003168
0.000480
0.002375
0.000591
0.003948
0.002686
0.000383
0.003737
