0.155290
0.161861
0.210238
0.036901
0.169077
0.270877
0.159500
0.165796
0.126082
0.194663
0.163255
0.181358
0.079895
0.236351
0.233088
0.146116
0.171093
0.211983
0.220027
0.165570
0.148101
0.200049
0.232870
0.178530
0.234046
0.147321
0.238944
0.206192
0.160524
0.183750
0.188346
0.202530
0.180054
0.187284
0.209732
0.307796
0.169365
0.146514
0.215517
0.133947
0.190411
0.195592
0.163289
0.195821
0.159926
0.192648
0.178097
0.248675
0.193320
0.231387
0.249851
0.153913
0.228678
0.064433
0.158764
0.234018
0.231589
0.198369
0.168070
0.215105
0.215310
0.203949
0.116859
0.208128
0.148739
0.145350
0.214025
0.176766
0.229657
0.170406
0.210099
0.220994
0.193632
0.206136
0.211527
0.146283
0.206136
0.170631
0.206697
0.213285
0.160107
0.183075
0.268047
0.214774
0.288516
0.254793
0.236267
0.241011
0.267969
0.245675
0.261265
0.249149
0.261319
0.339698
0.271824
0.289875
0.300513
0.326825
0.308398
0.222205
