0.002748
0.004476
0.002337
0.005787
0.002688
0.001134
0.000934
0.001315
0.002038
0.003274
0.006375
0.002331
0.002908
0.003219
0.005181
0.008717
0.001103
0.002673
0.006438
0.001040
0.004334
0.001965
0.001386
0.001952
0.000434
0.004119
0.003376
0.004208
0.002238
0.003047
0.004916
0.000977
0.006154
0.003047
0.002252
0.003354
0.002711
0.001178
0.004979
0.003774
0.005660
0.003310
0.001308
0.004291
0.000829
0.002460
0.002872
0.008563
0.002908
0.003477
0.004414
0.003962
0.001054
0.004664
0.006597
0.005649
0.007405
0.000680
0.001284
0.003777
0.002954
0.005193
0.001081
0.000605
0.004709
0.003378
0.005233
0.006761
0.006273
0.002009
0.001084
0.004485
0.002820
0.001024
0.004024
0.002451
0.002802
0.002090
0.006625
0.003169
0.001735
0.006060
0.001147
0.005639
0.006914
0.005916
0.004923
0.002563
0.001308
0.002249
0.004914
0.002610
0.009834
0.007607
0.002495
0.001279
0.002665
0.004392
0.000912
0.002740
