582.000000
472.000000
662.000000
269.000000
1185.000000
654.000000
1242.000000
1002.000000
832.000000
712.000000
409.000000
150.000000
602.000000
192.000000
778.000000
423.000000
19.000000
757.000000
230.000000
346.000000
1014.000000
488.000000
989.000000
784.000000
966.000000
1130.000000
124.000000
676.000000
160.000000
1104.000000
1112.000000
1102.000000
1315.000000
443.000000
1339.000000
294.000000
217.000000
293.000000
113.000000
671.000000
17.000000
423.000000
1000.000000
722.000000
10.000000
497.000000
599.000000
251.000000
1242.000000
552.000000
174.000000
1249.000000
864.000000
1270.000000
651.000000
425.000000
224.000000
889.000000
598.000000
876.000000
1219.000000
127.000000
665.000000
765.000000
621.000000
191.000000
104.000000
195.000000
545.000000
573.000000
431.000000
888.000000
49.000000
938.000000
206.000000
1294.000000
938.000000
284.000000
170.000000
92.000000
520.000000
995.000000
178.000000
583.000000
1333.000000
242.000000
210.000000
845.000000
309.000000
230.000000
1181.000000
1180.000000
568.000000
931.000000
280.000000
611.000000
266.000000
278.000000
643.000000
942.000000
