50.739900
38.883600
51.194300
60.470600
64.410100
55.384700
63.062700
48.241900
38.841700
47.231500
51.533800
48.410200
56.800500
53.010800
52.103300
54.368200
40.426600
53.495100
37.864500
56.253300
51.198300
30.562300
51.038900
43.639700
36.044600
32.859600
45.684700
43.933600
46.147600
38.852100
62.794100
51.472900
29.438400
50.866000
45.252800
58.228500
47.813700
51.867900
50.360800
65.405300
30.943800
28.071100
39.462100
54.019300
49.897600
77.278600
39.573100
29.155800
26.948000
27.853400
77.290300
59.219100
31.348800
49.928600
53.508500
33.180200
61.704500
53.301800
48.093400
39.583600
52.057100
53.102400
57.320900
42.500600
50.193600
57.049200
50.514600
25.521000
50.915500
48.393000
60.830100
40.337400
39.763100
44.511200
65.802800
14.747700
57.097100
37.996500
19.044400
51.670900
56.897400
55.706600
68.298200
64.023400
34.516600
32.213200
72.306100
71.620900
56.193700
47.055100
47.055100
57.909200
47.055100
84.858200
61.287200
85.116300
32.917200
38.980700
51.096900
35.753200
