0.006738
0.002451
0.005525
0.004745
0.000985
0.007077
0.006059
0.002908
0.001809
0.006727
0.005976
0.004861
0.003203
0.003048
0.002691
0.002748
0.004119
0.005961
0.003212
0.003513
0.006084
0.003047
0.005219
0.005652
0.002665
0.002213
0.001081
0.001964
0.009834
0.001178
0.003167
0.002341
0.004916
0.009834
0.007667
0.002249
0.001040
0.006126
0.006625
0.001029
0.004291
0.001828
0.007405
0.005193
0.002331
0.005663
0.002090
0.004709
0.001102
0.003242
0.002740
0.006257
0.004945
0.003400
0.002954
0.004476
0.002295
0.003128
0.005188
0.000934
0.006438
0.002564
0.000805
0.004923
0.002338
0.004914
0.002238
0.002588
0.008717
0.001084
0.005539
0.007909
0.006060
0.001308
0.007666
0.003093
0.002896
0.001934
0.004664
0.000829
0.005787
0.000983
0.000680
0.000936
0.004485
0.006597
0.005916
0.003788
0.008481
0.006660
0.001965
0.004753
0.004114
0.004414
0.006472
0.003354
0.004742
0.002871
0.005660
0.009834
