1005.000000
490.000000
1045.000000
789.000000
897.000000
582.000000
582.000000
832.000000
1002.000000
19.000000
712.000000
759.000000
757.000000
423.000000
749.000000
1024.000000
1038.000000
1013.000000
160.000000
42.000000
611.000000
125.000000
1014.000000
346.000000
242.000000
1104.000000
784.000000
1209.000000
762.000000
495.000000
1247.000000
443.000000
293.000000
1112.000000
10.000000
442.000000
804.000000
120.000000
423.000000
851.000000
601.000000
671.000000
113.000000
217.000000
12.000000
226.000000
521.000000
621.000000
559.000000
174.000000
1271.000000
576.000000
552.000000
548.000000
651.000000
665.000000
37.000000
942.000000
1299.000000
598.000000
800.000000
224.000000
1242.000000
214.000000
251.000000
643.000000
888.000000
136.000000
573.000000
49.000000
976.000000
803.000000
769.000000
938.000000
1290.000000
1294.000000
1211.000000
520.000000
595.000000
604.000000
88.000000
171.000000
284.000000
1320.000000
597.000000
268.000000
983.000000
230.000000
934.000000
309.000000
309.000000
845.000000
309.000000
281.000000
266.000000
611.000000
266.000000
593.000000
489.000000
141.000000
