0.092801
0.123701
0.111747
0.092070
0.106711
0.086856
0.160002
0.074683
0.100318
0.098683
0.104543
0.111489
0.112145
0.122837
0.095379
0.083728
0.150961
0.122740
0.097759
0.094575
0.106976
0.150570
0.125749
0.160091
0.071439
0.099271
0.095099
0.130229
0.115264
0.090098
0.119861
0.115972
0.092138
0.097202
0.102979
0.093152
0.097717
0.144277
0.123620
0.125706
0.131414
0.121019
0.076345
0.117755
0.101552
0.142560
0.129576
0.139965
0.121002
0.114051
0.146692
0.121234
0.159150
0.118767
0.109560
0.143312
0.103418
0.144020
0.060880
0.145575
0.134088
0.171875
0.171120
0.109492
0.144092
0.108836
0.139778
0.144083
0.102882
0.113012
0.099128
0.111137
0.146600
0.107167
0.129073
0.188191
0.164806
0.146239
0.092693
0.065718
0.120139
0.116278
0.150022
0.171190
0.101342
0.060144
0.158449
0.146287
0.124080
0.147850
0.161999
0.161999
0.124080
0.131007
0.163182
0.175556
0.138024
0.138138
0.100318
0.144043
