0.000541
0.000875
0.010926
0.000971
0.013091
0.007916
0.009837
0.007673
0.013565
0.001070
0.000790
0.013724
0.009414
0.012233
0.010641
0.000967
0.007745
0.000817
0.009733
0.007354
0.012219
0.004637
0.010519
0.014135
0.009342
0.012624
0.000858
0.012262
0.012124
0.000709
0.010885
0.000981
0.001099
0.000918
0.001074
0.012559
0.007194
0.012943
0.001228
0.000861
0.000631
0.007000
0.001125
0.012066
0.003903
0.001108
0.001450
0.001325
0.000949
0.001148
0.004889
0.000761
0.009339
0.000972
0.013050
0.010265
0.010626
0.023045
0.006640
0.000696
0.012850
0.015856
0.010311
0.005983
0.001606
0.000622
0.008426
0.001031
0.001144
0.013934
0.006553
0.000947
0.001159
0.007279
0.000885
0.013994
0.010153
0.011186
0.000789
0.008409
0.008083
0.009790
0.012071
0.000628
0.013211
0.000989
0.009648
0.000996
0.000953
0.000417
0.000405
0.000405
0.000953
0.001397
0.005936
0.001476
0.009869
0.006714
0.013565
0.001631
