0.573553
0.421279
0.293047
0.864421
1.429099
0.991818
0.794383
0.090351
0.710330
0.354322
0.852289
0.235216
0.375307
0.538433
0.088620
1.211377
0.000000
0.432949
0.430372
0.454108
0.000000
0.152131
0.000000
0.274919
1.583880
0.000000
0.168291
0.109984
0.206036
0.115171
0.000000
0.529975
0.279980
0.222095
0.070577
0.342194
0.577625
1.158579
0.398584
0.237329
0.207413
0.185615
0.161585
0.276453
0.189808
0.562552
0.271155
0.146926
0.331069
0.203102
0.748523
0.051963
0.246614
0.092840
0.519732
0.684350
0.542593
0.000000
0.731506
0.124981
0.506871
0.167934
0.231447
0.091394
1.795145
0.196808
0.686975
0.227216
0.441096
0.351811
0.253046
0.132384
0.592737
0.105759
0.356736
0.750017
0.477559
0.482802
0.624473
0.250547
0.093176
0.082555
0.092080
0.934455
0.334481
0.377051
0.084310
0.322937
0.456195
0.491775
0.326999
0.326999
0.456195
0.386341
0.193907
0.089422
0.053291
0.230728
0.710330
0.563183
