0.000934
0.001152
0.001674
0.009740
0.002208
0.005230
0.004365
0.004000
0.003120
0.003642
0.003929
0.001786
0.008212
0.004960
0.002352
0.000761
0.001079
0.003257
0.003275
0.005606
0.006863
0.002618
0.001312
0.001002
0.007687
0.001283
0.003056
0.003433
0.003412
0.005075
0.003449
0.005904
0.005412
0.002057
0.000972
0.004999
0.002690
0.004607
0.006814
0.001549
0.000865
0.006236
0.004640
0.001723
0.003436
0.008863
0.004276
0.003199
0.003548
0.001189
0.007470
0.004302
0.001863
0.000959
0.000387
0.005906
0.002082
0.004405
0.001055
0.006574
0.006302
0.007954
0.003559
0.000994
0.001664
0.002781
0.001522
0.003760
0.000940
0.000894
0.004207
0.002183
0.004581
0.006249
0.000796
0.001215
0.003514
0.002016
0.002108
0.004574
0.004475
0.008546
0.003747
0.006799
0.001984
0.001078
0.007674
0.000710
0.000601
0.006802
0.001902
0.001461
0.000858
0.003793
0.002859
0.005873
0.004953
0.001240
0.000966
0.002305
