0.159500
0.270877
0.197402
0.169710
0.128097
0.134614
0.165796
0.036901
0.169077
0.194663
0.129274
0.163255
0.175710
0.178878
0.146116
0.161680
0.148956
0.193692
0.242746
0.148101
0.220027
0.165570
0.160524
0.147321
0.134872
0.224980
0.201690
0.111869
0.238944
0.232870
0.195592
0.188346
0.192516
0.180893
0.221315
0.204617
0.191377
0.195821
0.190411
0.235237
0.192648
0.180054
0.161376
0.159926
0.221608
0.133947
0.293393
0.198369
0.249020
0.195859
0.266967
0.148739
0.064433
0.229120
0.187922
0.215105
0.158764
0.248675
0.203949
0.168070
0.144292
0.267334
0.249851
0.153913
0.193985
0.233550
0.220994
0.252261
0.202113
0.217772
0.256725
0.193632
0.236506
0.213916
0.206697
0.275473
0.213285
0.160107
0.183075
0.217230
0.244279
0.146283
0.170631
0.267014
0.261319
0.233065
0.338173
0.176148
0.261319
0.245675
0.261265
0.267969
0.241011
0.360487
0.287910
0.289875
0.300513
0.326825
0.149091
0.145345
