0.008124
0.013070
0.009404
0.010386
0.008455
0.009109
0.009387
0.002688
0.008050
0.009838
0.010711
0.007763
0.010409
0.007262
0.008030
0.009221
0.010470
0.006943
0.011605
0.010344
0.010597
0.008939
0.009076
0.011974
0.008963
0.006811
0.008294
0.011471
0.008109
0.014238
0.010013
0.009581
0.007305
0.007460
0.010202
0.013887
0.008858
0.008542
0.007708
0.012077
0.006956
0.010218
0.005488
0.009775
0.004951
0.008710
0.007785
0.011052
0.013643
0.007325
0.010045
0.001273
0.007967
0.010041
0.006265
0.009356
0.007304
0.006810
0.009167
0.007895
0.006097
0.007535
0.008793
0.009727
0.006003
0.008900
0.006955
0.006091
0.008798
0.009586
0.000834
0.008467
0.007232
0.006024
0.005129
0.012766
0.007597
0.010534
0.003711
0.006025
0.006189
0.003520
0.003074
0.004763
0.002895
0.003637
0.004413
0.003936
0.004248
0.003391
0.002122
0.006696
0.005208
0.004920
0.001174
0.008212
0.003806
0.000247
0.008847
0.005687
