0.003167
0.000622
0.000257
0.004500
0.002421
0.000579
0.000372
0.003069
0.003935
0.000413
0.004347
0.003098
0.004256
0.000397
0.003766
0.000469
0.000327
0.000441
0.004887
0.000436
0.003893
0.000492
0.004552
0.000246
0.004905
0.000369
0.003210
0.005050
0.002855
0.000368
0.004270
0.002878
0.000392
0.000450
0.000495
0.000429
0.000440
0.005395
0.004034
0.000503
0.000066
0.004827
0.000357
0.000345
0.005023
0.001561
0.000580
0.000724
0.000147
0.009218
0.005220
0.002393
0.000588
0.003736
0.002565
0.000434
0.000530
0.005140
0.002111
0.000332
0.000380
0.004808
0.000367
0.001956
0.000389
0.000355
0.000458
0.000243
0.000519
0.000287
0.000552
0.000464
0.005574
0.003057
0.003195
0.003916
0.000544
0.005687
0.003364
0.003233
0.000316
0.005598
0.004828
0.001970
0.004081
0.005284
0.004509
0.000398
0.001910
0.003167
0.000381
0.000162
0.003168
0.004027
0.000296
0.000591
0.000684
0.002686
0.000369
0.004474
