0.086856
0.171525
0.075992
0.102077
0.092705
0.113634
0.090832
0.074683
0.160002
0.108701
0.103260
0.150961
0.095379
0.112891
0.112145
0.122829
0.122740
0.086169
0.106976
0.120299
0.097759
0.093529
0.088918
0.115121
0.130229
0.084240
0.127762
0.099271
0.111692
0.097353
0.097294
0.097717
0.110632
0.076345
0.099143
0.102979
0.092138
0.082425
0.106811
0.095252
0.162182
0.117755
0.107439
0.125706
0.093152
0.101552
0.129576
0.185947
0.133348
0.144020
0.109560
0.109492
0.139148
0.159150
0.119259
0.131418
0.139965
0.134088
0.145005
0.093381
0.121002
0.084170
0.126259
0.146692
0.118767
0.126078
0.102882
0.166878
0.112522
0.106795
0.135749
0.146600
0.113012
0.132607
0.130156
0.116278
0.141757
0.084931
0.065718
0.120139
0.092693
0.188191
0.150022
0.116243
0.163532
0.101342
0.181279
0.146287
0.119885
0.132056
0.124080
0.161999
0.121587
0.123360
0.183054
0.175556
0.187720
0.138138
0.084240
0.146239
