0.002938
0.001819
0.101678
0.007058
0.078289
0.035331
0.006103
0.024074
0.001821
0.029675
0.007383
0.011269
0.135486
0.008386
0.003924
0.008440
0.000029
0.008368
0.064446
0.019493
0.025554
0.082669
0.020708
0.089942
0.058299
0.091901
0.000292
0.091855
0.201557
0.011090
1.463893
0.059633
0.030712
0.072459
0.022316
0.571240
0.434733
0.078218
0.183240
0.018430
0.103163
0.010234
0.023484
0.116861
0.563140
0.088421
0.346678
1.085921
0.249126
0.764081
0.281916
0.138738
0.103581
0.014006
0.303058
0.765406
0.087390
0.079956
0.020219
0.120633
0.372323
0.091263
0.306832
0.055903
0.174747
0.682939
0.085280
0.075706
0.451614
0.288369
0.360944
0.066653
0.019931
0.324132
0.513671
0.535591
0.896909
0.168988
0.916361
0.784898
0.011939
0.034057
0.637064
2.047195
0.763855
0.500157
0.363615
0.239384
0.932173
0.762349
0.890452
3.974983
0.694417
0.845302
0.156417
0.077403
0.752204
5.512727
0.091901
0.079345
