0.546054
0.834204
0.770625
1.199350
0.809074
0.764274
0.810504
0.886504
0.675808
0.581415
0.792789
0.802716
0.710446
0.391837
0.677797
0.570899
0.748750
0.707563
0.629946
0.435142
0.657397
0.801517
0.282753
0.697925
0.533834
0.940776
0.813395
0.632023
0.722432
1.038450
0.731563
0.921642
0.213598
0.821058
0.524557
0.550586
0.716300
0.671788
0.925473
0.790571
0.795029
0.155552
0.514788
0.456384
0.838432
0.703476
0.695115
0.635799
0.660265
0.714793
0.861303
0.737601
0.700664
0.648212
0.521725
0.688839
0.745598
0.435333
0.173453
0.915847
0.747270
0.659256
0.289897
0.925858
0.186576
1.002000
0.536500
0.456520
1.233010
0.828475
0.548970
0.662309
0.779131
0.812620
0.726824
0.818118
0.575872
0.584407
0.826401
0.759878
0.840123
1.226460
0.545540
0.723412
0.543443
1.012010
0.492293
1.113130
0.385039
0.533261
0.647155
0.533261
1.429880
0.057768
0.640246
0.790499
0.670649
0.792337
0.708161
0.696640
