0.001448
0.001353
0.000642
0.013565
0.000854
0.008849
0.000971
0.000875
0.001062
0.011211
0.012233
0.013185
0.001070
0.000817
0.010868
0.007745
0.000967
0.009414
0.008949
0.004637
0.000858
0.001001
0.000615
0.009800
0.012219
0.010519
0.001124
0.012124
0.008025
0.009826
0.011765
0.001228
0.001258
0.008710
0.001450
0.000913
0.000892
0.009361
0.009657
0.000918
0.000981
0.016756
0.003903
0.000863
0.007000
0.001108
0.001237
0.005279
0.000918
0.006414
0.000949
0.001606
0.000948
0.013050
0.006640
0.006421
0.010774
0.010311
0.001470
0.023045
0.000972
0.012019
0.005983
0.000830
0.000367
0.001033
0.000888
0.013389
0.001381
0.010591
0.000718
0.001031
0.000947
0.010153
0.000885
0.009790
0.009513
0.009152
0.012071
0.001157
0.008409
0.000512
0.000789
0.009648
0.010203
0.004924
0.001662
0.007919
0.000953
0.000405
0.006935
0.000405
0.000417
0.001201
0.005936
0.001711
0.001476
0.000832
0.010265
0.001739
