18.145300
54.091600
64.410100
38.883600
51.082500
50.739900
38.841700
60.470600
51.232700
38.913200
46.650400
54.368200
47.184700
47.584100
44.852700
53.010800
49.220500
47.231500
57.658400
32.859600
43.639700
67.934500
25.591500
45.684700
54.313400
10.536600
46.147600
64.004300
47.605500
51.198300
61.627700
30.161800
28.071100
77.278600
56.201300
64.263300
49.897600
44.184300
51.638500
34.994700
65.378500
50.360800
39.462100
47.782800
110.872000
45.252800
19.653100
57.320900
53.301800
38.254000
50.193600
46.088700
61.704500
32.176000
27.853400
57.749800
42.714600
32.975000
53.508500
56.101800
69.618800
71.169900
77.290300
17.053800
45.579900
70.488100
36.803300
47.619800
39.763100
50.288100
37.980900
32.544600
40.525500
68.298200
51.670900
66.515100
13.070300
65.802800
44.511200
55.706600
29.286500
29.886300
86.582900
32.478400
49.950500
66.752300
75.658100
71.620900
56.193700
48.669900
61.953200
43.107800
47.055100
39.298300
84.858200
32.917200
85.116300
42.738700
55.954100
30.943800
