0.032538
0.052616
0.025437
0.048689
0.050950
0.077307
0.046096
0.030530
0.036129
0.041789
0.038174
0.030490
0.045467
0.037472
0.050626
0.044424
0.039465
0.036765
0.048105
0.024272
0.035675
0.031538
0.029465
0.048429
0.028491
0.032737
0.037450
0.037948
0.049332
0.038593
0.043145
0.063561
0.015612
0.047659
0.027924
0.035333
0.038769
0.020997
0.036539
0.035442
0.033469
0.035168
0.034486
0.022349
0.041416
0.039536
0.028336
0.050899
0.038613
0.037641
0.042984
0.046435
0.033736
0.036093
0.049368
0.046757
0.020523
0.029827
0.039782
0.029830
0.032391
0.035816
0.032667
0.034956
0.048495
0.044425
0.045550
0.032487
0.034870
0.028103
0.020900
0.039964
0.038253
0.031715
0.014166
0.045847
0.019278
0.027608
0.024945
0.023390
0.022776
0.032261
0.039026
0.063415
0.021925
0.018111
0.056426
0.026203
0.050502
0.011452
0.018360
0.034328
0.017662
0.020646
0.003971
0.024759
0.028634
0.028231
0.037992
0.016812
