49.521300
19.296100
30.985100
18.626000
38.325000
31.172100
9.967190
15.164900
32.653900
35.494100
27.718600
32.124900
38.546000
42.626000
44.032000
31.783000
42.462500
36.036600
45.595400
32.490000
35.909300
37.819500
23.516200
36.204300
34.096400
30.680000
26.419200
28.941900
37.250300
36.907900
44.496500
37.632500
36.632500
40.985700
48.471100
36.304600
30.235500
34.336300
51.813300
42.316800
37.506600
30.580600
38.249900
34.081300
32.931200
26.181800
42.949800
64.878200
26.146900
32.803300
30.180800
30.544100
62.139600
28.189600
34.952100
50.100000
44.094200
32.991400
36.038100
36.475500
38.630500
42.105300
47.372700
37.145600
24.229100
53.414800
46.729100
37.815400
31.606100
23.429600
46.892400
43.316300
44.827300
45.699000
46.626600
49.089900
49.034100
27.519700
56.239100
38.469800
37.229100
49.034100
39.488000
47.881500
48.502100
39.481200
49.247700
34.792600
48.412500
54.538300
30.594300
60.287300
31.583900
40.500300
40.500300
47.771000
60.336800
39.566100
48.968800
28.236500
