0.036901
0.169077
0.223165
0.235087
0.169710
0.169934
0.270877
0.258877
0.126082
0.181358
0.178878
0.236351
0.148956
0.193692
0.201810
0.162913
0.182944
0.194663
0.147321
0.160524
0.176048
0.178530
0.234046
0.206835
0.165570
0.167639
0.224980
0.220027
0.232870
0.206192
0.192648
0.190411
0.175653
0.181688
0.235237
0.293393
0.232551
0.221182
0.129921
0.221608
0.187284
0.236617
0.161376
0.190345
0.195821
0.236229
0.145345
0.173831
0.267334
0.215310
0.148739
0.195859
0.148156
0.249851
0.195508
0.144292
0.249020
0.187922
0.248675
0.223610
0.215105
0.174410
0.266967
0.158764
0.208128
0.229657
0.170406
0.174550
0.223761
0.180453
0.228958
0.288858
0.236506
0.208448
0.214867
0.199295
0.206136
0.213285
0.183075
0.160107
0.217230
0.206136
0.170631
0.269588
0.091962
0.236267
0.233534
0.241011
0.267969
0.261265
0.249149
0.176148
0.245675
0.271824
0.271824
0.300513
0.237393
0.326825
0.202113
0.213293
