0.123404
0.924156
0.421279
0.401877
0.197436
0.678470
0.293047
0.815914
1.429099
0.079759
0.088620
0.359607
0.421595
0.538433
1.211377
0.852289
0.265111
0.886979
0.454108
0.109984
0.236578
0.000000
0.794764
0.000000
0.380070
0.065065
0.226099
0.274919
0.182454
0.623430
0.186661
0.070577
0.819856
0.297461
0.562552
0.398584
0.222095
0.210109
0.189808
0.276453
0.237329
0.577625
0.185615
0.201245
0.324885
0.643809
0.117489
0.473259
0.337206
0.570156
0.283916
0.748523
0.167934
0.139410
0.519732
0.336105
0.094694
1.795145
0.051963
1.329068
0.296897
0.000000
0.124981
0.146926
0.354410
0.441096
0.592737
0.227216
0.109230
0.320767
0.055982
0.253046
0.836254
1.128434
0.082555
0.203050
0.482783
0.093176
0.356736
0.244489
0.655368
0.482783
0.371271
0.360649
0.094269
0.285126
0.084310
0.322937
0.326999
0.456195
0.745107
0.491775
0.080172
0.193907
0.193907
0.053291
0.557480
0.230728
0.454384
0.101455
