11.754696
5.029554
10.405931
12.589333
5.069445
5.255395
10.407604
9.380418
7.693370
10.924003
9.443026
5.157503
7.672313
8.373075
10.482204
10.274410
12.197312
6.277914
7.676143
9.872544
8.888836
7.655398
7.128016
4.915654
9.531814
7.302547
6.656102
5.652655
5.775764
8.478357
4.897411
7.858889
11.834490
5.954946
6.353721
10.728152
6.658056
6.471680
7.291691
6.918621
8.693888
5.333051
4.556535
10.129066
5.055773
5.399514
7.496819
6.146863
6.216455
12.237415
9.947666
7.894816
10.328406
4.851998
11.041574
7.198592
11.977048
7.624160
6.380228
6.101535
6.216455
12.055906
8.678304
6.226895
9.118001
6.373147
8.981745
9.810303
6.359674
5.477625
5.490753
11.478767
12.845791
10.091621
6.751779
6.088397
4.728707
9.456664
7.655398
13.420757
4.621813
4.723042
6.394613
7.377004
7.957275
11.196456
6.363538
11.667071
6.081395
9.430102
8.728976
8.326711
5.395180
7.285087
7.279263
10.271554
5.506193
6.059407
8.858915
9.054379
