-57.800800
-57.040700
-56.558100
-58.584300
-55.517900
-60.551600
-57.808400
-58.921900
-57.464100
-57.177500
-55.938500
-57.287000
-58.418600
-56.068600
-57.987200
-57.120600
-59.390400
-57.728500
-56.112600
-59.927000
-58.409300
-58.151700
-58.494700
-56.043600
-57.757000
-55.000800
-56.423800
-59.892500
-56.438000
-56.588000
-59.038500
-57.037500
-54.420600
-58.306100
-57.878100
-56.692700
-55.215500
-58.205500
-56.213400
-57.674500
-57.717900
-59.636700
-57.822700
-57.858000
-56.646300
-54.382700
-58.240400
-58.483100
-58.981800
-56.705000
-57.753000
-58.208800
-57.778300
-61.348400
-55.591500
-58.380400
-57.588100
-58.959300
-59.335400
-55.502000
-55.468800
-59.063200
-59.007400
-57.478900
-56.947900
-55.991000
-58.998400
-56.444000
-56.503800
-54.702600
-58.079400
-57.899400
-59.636300
-59.279100
-57.681100
-56.446500
-57.480700
-56.750400
-58.144700
-54.735600
-59.091100
-56.031700
-58.616700
-55.807800
-58.362500
-56.764200
-55.213900
-58.020700
-54.340500
-56.149900
-57.764800
-57.035200
-57.705800
-56.618600
-55.311600
-55.053200
-58.261200
-56.850000
-57.753000
-55.311600
