0.049139
0.058242
0.015899
0.050950
0.030530
0.077307
0.035062
0.054807
0.056570
0.038174
0.038190
0.036765
0.037773
0.037472
0.039465
0.039555
0.041789
0.044424
0.040877
0.048105
0.031538
0.042120
0.048472
0.037941
0.024272
0.045069
0.040645
0.049332
0.040624
0.048199
0.041992
0.045924
0.037992
0.036167
0.036500
0.045594
0.038769
0.063561
0.041416
0.031761
0.040325
0.047659
0.042612
0.045626
0.036539
0.047309
0.029565
0.029827
0.029583
0.050899
0.052309
0.040485
0.046036
0.040368
0.048404
0.033736
0.046144
0.043449
0.020523
0.034956
0.049368
0.042984
0.033980
0.047590
0.052407
0.044425
0.022363
0.031797
0.038253
0.028103
0.022761
0.034349
0.037975
0.027222
0.014166
0.022776
0.024945
0.036423
0.034941
0.045847
0.070625
0.039026
0.020249
0.026719
0.040629
0.056426
0.063415
0.018360
0.050502
0.026203
0.017662
0.034328
0.036398
0.020646
0.035067
0.028634
0.024759
0.028231
0.052309
0.035067
