39.413900
9.967190
29.048100
36.791700
12.820400
15.164900
39.785400
43.408400
52.792200
44.032000
36.036600
33.748700
27.718600
38.546000
31.783000
38.579300
50.019100
44.169200
43.957000
25.874000
38.220900
45.035600
40.127200
37.198900
32.444800
45.595400
39.226900
28.941900
35.729500
26.419200
36.304600
34.081300
33.632100
32.931200
40.583700
38.249900
33.298700
45.800500
45.552600
37.506600
37.727600
42.316800
35.405200
51.813300
37.632500
30.580600
40.211600
24.229100
34.952100
34.197200
62.139600
59.169300
50.748700
35.199100
54.763600
28.236500
26.146900
47.997400
38.589800
32.327300
28.189600
36.038100
30.685900
42.105300
49.936400
45.727300
37.557800
53.414800
31.606100
32.710600
29.118900
44.827300
31.211800
50.142300
47.206900
36.315900
49.034100
37.229100
46.626600
56.239100
37.142200
29.602700
45.699000
50.265800
42.749600
35.312300
33.997600
54.538300
43.112900
31.583900
48.412500
41.907500
34.792600
40.500300
53.413100
35.947600
47.771000
39.566100
62.139600
53.413100
