0.005639
0.001029
0.004488
0.004192
0.000605
0.001315
0.003035
0.002451
0.003797
0.004119
0.004291
0.002038
0.006914
0.002820
0.005739
0.001013
0.007405
0.002711
0.002337
0.004664
0.006814
0.006517
0.002520
0.001284
0.006257
0.002896
0.004697
0.004914
0.001735
0.006438
0.000943
0.001855
0.004979
0.001757
0.001147
0.003477
0.002513
0.001492
0.004788
0.003048
0.006727
0.001134
0.000936
0.007667
0.001103
0.001158
0.002046
0.003203
0.002687
0.005961
0.005649
0.005539
0.006597
0.001054
0.008717
0.002957
0.006761
0.002563
0.001657
0.004414
0.002687
0.004708
0.002313
0.001965
0.006084
0.003774
0.001497
0.009834
0.001308
0.001084
0.002460
0.004745
0.005660
0.005193
0.003679
0.002872
0.001079
0.001700
0.006517
0.004861
0.001178
0.000912
0.002252
0.003354
0.008481
0.005976
0.004485
0.004531
0.002588
0.007077
0.006059
0.004742
0.000934
0.002213
0.004560
0.002748
0.001559
0.003376
0.001809
0.003400
