1.399941
0.239021
-0.280432
-0.499160
1.100392
0.846091
0.021573
0.210870
0.826815
1.123858
0.369058
-0.310962
-0.225930
-0.194084
1.136037
1.138805
1.986303
1.316243
0.015351
-0.542966
0.584655
-0.270883
0.306678
-0.169893
0.272776
0.277312
0.682779
0.098947
0.746560
1.268351
0.646303
-0.596847
-0.413929
0.446005
0.645220
-0.031557
-0.587773
0.035467
0.234651
-0.007075
0.652516
0.347056
0.376336
0.428249
-0.621712
0.891062
0.305419
-0.060163
0.043059
0.529227
0.204357
0.270990
-0.380388
0.422252
0.610869
-0.474811
0.361294
0.250469
0.673372
1.009143
-0.013572
-0.159457
-0.143231
0.005950
0.300986
0.080195
0.481959
0.514740
-0.399665
0.232138
-0.316823
0.283785
0.085611
-0.218070
0.665019
-0.043227
0.884514
1.016369
-0.359993
2.232083
-0.242807
0.168257
0.276978
-0.295875
0.023222
0.693477
0.496309
0.376854
0.093974
-0.289241
-0.250009
0.323381
-0.112487
-0.207791
0.076973
-0.191686
-0.113292
0.636413
0.204357
0.076973
