0.391251
0.159330
0.087284
0.125524
0.356057
0.251016
0.103507
0.198940
0.272104
0.349344
0.282441
0.115429
0.067718
0.145349
0.380063
0.289673
0.511274
0.494508
0.168281
0.054547
0.272591
0.159673
0.208686
0.108686
0.251893
0.220247
0.297230
0.219446
0.246250
0.419027
0.202537
0.114485
0.084134
0.248596
0.293370
0.181654
0.098204
0.094734
0.141947
0.182010
0.210603
0.186833
0.192726
0.138373
0.055600
0.274652
0.161345
0.237612
0.172069
0.257050
0.119972
0.131857
0.092293
0.170630
0.283448
0.106653
0.172752
0.168523
0.305883
0.240714
0.103579
0.084359
0.111167
0.068309
0.229095
0.186619
0.239164
0.183576
0.131564
0.147467
0.101425
0.177611
0.098899
0.075126
0.273570
0.070341
0.315437
0.293148
0.095268
0.232567
0.068554
0.180883
0.221326
0.047410
0.115553
0.237469
0.180216
0.182462
0.124419
0.135254
0.059551
0.246709
0.156552
0.076089
0.115009
0.047835
0.068994
0.153879
0.119972
0.115009
