0.035331
0.045289
0.038216
0.003117
0.077664
0.001819
0.015265
0.006567
0.000818
0.007097
0.008204
0.008368
0.135486
0.038954
0.010628
0.007383
0.011269
0.008386
0.080742
0.002398
0.008147
0.089988
0.000292
0.201557
0.018507
0.004955
0.025554
0.096732
0.134909
0.003164
0.107476
0.322152
0.434733
0.001611
0.099513
0.148512
0.183240
0.116873
0.178936
0.116861
0.035689
0.010234
0.028873
0.088421
0.571240
0.059633
0.251045
0.118938
0.281916
0.303058
0.064514
0.079956
0.096798
0.013242
0.165029
0.306832
0.037454
0.399054
0.020219
0.184023
0.083835
0.256094
0.138738
0.764081
0.159385
0.019931
0.699714
0.085280
0.011820
0.050669
0.108706
0.057091
1.548992
0.079345
0.168988
0.126786
0.722032
0.421334
0.535591
0.290639
0.896909
0.011939
0.232503
0.518327
0.099871
1.005139
0.930036
1.279449
0.762349
0.932173
1.593705
0.694417
0.239384
14.465038
1.649927
0.077403
10.302220
16.053053
0.064514
1.649927
