1241.000000
654.000000
662.000000
404.000000
789.000000
1005.000000
924.000000
1242.000000
1335.000000
1029.000000
712.000000
19.000000
226.000000
796.000000
1081.000000
1038.000000
602.000000
423.000000
125.000000
124.000000
436.000000
430.000000
424.000000
242.000000
1104.000000
1130.000000
1032.000000
230.000000
488.000000
794.000000
583.000000
10.000000
111.000000
722.000000
1112.000000
120.000000
12.000000
294.000000
958.000000
443.000000
1339.000000
226.000000
1315.000000
266.000000
17.000000
804.000000
293.000000
765.000000
214.000000
1242.000000
322.000000
598.000000
559.000000
552.000000
800.000000
37.000000
548.000000
665.000000
616.000000
926.000000
174.000000
251.000000
224.000000
298.000000
889.000000
844.000000
976.000000
545.000000
15.000000
195.000000
431.000000
847.000000
643.000000
508.000000
604.000000
178.000000
938.000000
962.000000
88.000000
995.000000
595.000000
637.000000
1211.000000
983.000000
268.000000
1333.000000
885.000000
1181.000000
934.000000
230.000000
309.000000
568.000000
845.000000
280.000000
531.000000
611.000000
266.000000
278.000000
322.000000
531.000000
