0.004207
0.001953
0.001078
0.001575
0.002305
0.003257
0.003553
0.002016
0.000887
0.002319
0.007051
0.001314
0.001002
0.002938
0.005075
0.001152
0.001055
0.002592
0.002358
0.000731
0.001885
0.002690
0.000745
0.001988
0.007310
0.005412
0.001902
0.001453
0.002118
0.004022
0.007954
0.006236
0.004692
0.002082
0.005230
0.002283
0.000959
0.002057
0.000940
0.001007
0.002301
0.001312
0.005383
0.004808
0.001247
0.003559
0.001189
0.006302
0.004302
0.001079
0.004259
0.001279
0.003300
0.000746
0.004787
0.003275
0.003127
0.003182
0.006941
0.004022
0.003318
0.004000
0.001558
0.008212
0.000387
0.000322
0.000484
0.006740
0.001608
0.002275
0.002420
0.006814
0.001240
0.005810
0.000816
0.000687
0.001147
0.006574
0.006802
0.004009
0.004960
0.003056
0.000902
0.003891
0.001664
0.004226
0.005498
0.001786
0.004167
0.003747
0.003233
0.000994
0.002859
0.002655
0.003642
0.002858
0.001404
0.012083
0.000937
0.008546
