0.010233
0.009171
0.009387
0.006945
0.009404
0.002688
0.010386
0.009046
0.008068
0.008085
0.008847
0.008338
0.009499
0.009221
0.010711
0.010470
0.007262
0.009969
0.009788
0.011471
0.010344
0.008372
0.008939
0.008294
0.008020
0.009540
0.008004
0.010708
0.009261
0.010012
0.009284
0.006194
0.010218
0.008710
0.004874
0.013887
0.004177
0.009581
0.006956
0.010501
0.007403
0.009391
0.008542
0.006196
0.011394
0.007785
0.010202
0.008889
0.006810
0.004049
0.013074
0.009356
0.004924
0.010832
0.010007
0.008223
0.006708
0.006097
0.004988
0.012370
0.009727
0.008793
0.007967
0.006265
0.009337
0.007780
0.008467
0.000834
0.009014
0.006091
0.006625
0.005157
0.006718
0.006761
0.002674
0.003074
0.008393
0.006876
0.006024
0.003711
0.006189
0.001688
0.012766
0.003723
0.007150
0.005368
0.007310
0.005208
0.005920
0.003391
0.002122
0.006696
0.003936
0.004968
0.002342
0.009039
0.008212
0.001713
0.009194
0.009969
