0.038216
0.001819
0.001821
0.002938
0.035331
0.101678
0.008046
0.000818
0.078289
0.008368
0.007383
0.008440
0.011269
0.017709
0.000029
0.038954
0.135486
0.001253
0.018507
0.039677
0.036533
0.091901
0.039987
0.045662
0.082669
0.011090
0.020708
0.056010
0.008147
0.134988
0.114450
0.059633
0.028873
0.103163
0.072459
0.178936
0.088421
0.099513
0.022316
0.083763
0.018430
0.116861
0.001611
0.116873
0.028144
0.107476
0.434733
0.081813
0.256094
0.091263
0.103581
0.718967
0.281916
0.014006
0.025394
0.010546
0.473806
1.085921
0.399054
0.249126
0.136339
0.083835
0.029752
0.591668
0.118938
0.271127
0.006396
0.084470
0.075706
0.451614
0.038018
0.360944
0.699714
0.252829
0.011939
0.324132
0.232503
0.722032
0.079345
0.290639
0.916361
0.168988
0.034057
0.518327
2.047195
0.252098
0.220490
0.239384
0.030822
0.932173
1.279449
3.974983
0.873871
2.477519
1.649927
0.752204
0.077403
6.143106
0.007892
0.001253
