662.000000
1005.000000
1002.000000
472.000000
1241.000000
269.000000
141.000000
1335.000000
490.000000
19.000000
1038.000000
757.000000
602.000000
749.000000
759.000000
796.000000
226.000000
890.000000
1104.000000
284.000000
1014.000000
111.000000
346.000000
253.000000
29.000000
495.000000
42.000000
489.000000
436.000000
784.000000
851.000000
804.000000
1315.000000
671.000000
217.000000
958.000000
266.000000
1112.000000
497.000000
601.000000
229.000000
443.000000
722.000000
294.000000
599.000000
583.000000
111.000000
7.000000
251.000000
942.000000
1219.000000
876.000000
214.000000
90.000000
1198.000000
211.000000
864.000000
1301.000000
665.000000
1271.000000
1249.000000
174.000000
1270.000000
1299.000000
765.000000
312.000000
49.000000
618.000000
191.000000
169.000000
104.000000
1265.000000
976.000000
1193.000000
637.000000
284.000000
1211.000000
938.000000
508.000000
995.000000
188.000000
604.000000
1290.000000
983.000000
272.000000
583.000000
242.000000
845.000000
1180.000000
230.000000
1181.000000
309.000000
959.000000
266.000000
531.000000
627.000000
611.000000
593.000000
171.000000
890.000000
