29.048100
41.013700
19.296100
30.472400
38.182900
12.820400
36.791700
43.408400
18.626000
33.748700
41.136600
32.124900
42.462500
27.718600
26.265900
50.019100
35.494100
42.626000
32.444800
37.250300
36.262000
30.680000
29.622400
62.301400
43.957000
28.941900
37.819500
35.729500
26.419200
26.225600
34.264500
30.580600
46.113300
35.405200
48.471100
37.632500
30.235500
39.415800
33.298700
45.552600
40.211600
32.381600
34.336300
37.727600
34.517400
66.224900
51.813300
36.195200
30.685900
24.229100
36.109900
35.199100
30.180800
36.475500
43.637400
47.997400
27.888800
29.848200
50.100000
64.878200
28.236500
44.075400
36.038100
28.189600
62.139600
26.194000
31.606100
37.815400
46.729100
46.862900
40.275000
53.414800
35.876200
50.142300
46.626600
37.142200
26.749100
40.937800
38.469800
49.034100
49.034100
48.072200
27.519700
33.997600
42.588000
42.749600
48.502100
54.538300
30.594300
54.538300
31.583900
48.412500
60.287300
53.413100
35.435700
35.947600
60.336800
39.566100
37.506600
66.224900
