0.001863
0.004692
0.004870
0.001055
0.001723
0.006583
0.001079
0.002208
0.002118
0.002118
0.000322
0.003785
0.000430
0.004993
0.002276
0.001201
0.001126
0.004302
0.004960
0.000887
0.001747
0.004000
0.001179
0.000369
0.001283
0.008212
0.001675
0.003964
0.005412
0.000830
0.000994
0.003412
0.003760
0.003182
0.008863
0.001002
0.001078
0.002057
0.000816
0.005383
0.002082
0.003026
0.002618
0.001453
0.005906
0.006249
0.000902
0.006740
0.002592
0.004363
0.001078
0.007741
0.004207
0.004858
0.000982
0.005734
0.004207
0.005904
0.002667
0.001135
0.000866
0.009120
0.000966
0.001063
0.001189
0.002283
0.000439
0.001575
0.007248
0.001109
0.004292
0.002409
0.001522
0.006802
0.002127
0.001215
0.003449
0.006576
0.000913
0.003582
0.001902
0.002655
0.003318
0.001461
0.004574
0.004167
0.003182
0.000761
0.002239
0.004405
0.002690
0.000687
0.003257
0.002075
0.001786
0.001011
0.000960
0.001247
0.000959
0.001561
