36.791700
34.612400
36.662000
39.413900
38.182900
49.521300
50.448800
32.653900
38.325000
44.032000
35.494100
43.218600
26.265900
44.169200
42.462500
31.423500
36.036600
31.783000
35.909300
41.788900
37.819500
30.680000
35.726600
28.941900
38.220900
45.035600
53.970300
43.957000
36.907900
26.419200
46.113300
26.181800
35.693200
33.298700
32.931200
34.081300
34.336300
30.411200
51.813300
39.415800
38.249900
45.552600
37.294400
35.734200
45.800500
36.632500
42.316800
47.372700
28.236500
28.189600
37.145600
36.038100
35.199100
38.630500
44.094200
64.878200
30.180800
36.109900
30.685900
50.748700
32.327300
46.455700
43.637400
38.589800
34.197200
40.261100
53.414800
33.977600
46.892400
31.211800
41.001500
48.968800
32.710600
49.034100
36.315900
37.142200
42.881900
50.142300
38.469800
26.740700
29.602700
26.749100
49.034100
46.352300
32.295900
40.176300
39.481200
54.538300
34.792600
54.538300
48.412500
43.112900
48.412500
53.413100
35.980100
60.336800
35.947600
39.566100
37.819500
46.862900
