0.164694
0.192658
0.161861
0.197402
0.183954
0.036901
0.155290
0.126082
0.169710
0.201810
0.181358
0.211983
0.233088
0.146116
0.182944
0.158258
0.194663
0.162913
0.176048
0.201690
0.178530
0.167639
0.148101
0.220027
0.168477
0.193550
0.222205
0.174312
0.206192
0.224980
0.169365
0.236229
0.159926
0.169872
0.195821
0.190345
0.221182
0.202530
0.129921
0.179124
0.161376
0.204617
0.178097
0.192516
0.307796
0.175653
0.221608
0.266967
0.213293
0.249851
0.158764
0.248675
0.231387
0.215105
0.249020
0.173831
0.148739
0.207565
0.231589
0.233996
0.181640
0.153913
0.211671
0.229120
0.193320
0.221316
0.229657
0.233550
0.228958
0.308398
0.193632
0.202113
0.176766
0.206136
0.268047
0.331394
0.206697
0.213916
0.160107
0.275473
0.203173
0.275949
0.206136
0.214774
0.169268
0.267014
0.236267
0.261265
0.241011
0.261265
0.267969
0.249866
0.267969
0.202685
0.236606
0.237393
0.289875
0.326825
0.178530
0.256725
