0.003117
0.057058
0.002938
0.035331
0.006103
0.101678
0.024074
0.035069
0.008046
0.007097
0.002357
0.008440
0.005458
0.008386
0.038574
0.003651
0.008204
0.010628
0.053019
0.045662
0.134988
0.084796
0.036533
0.096732
0.008147
0.089988
0.010564
0.080742
0.010258
0.003164
0.072459
0.067416
0.120693
0.183240
0.001611
0.322152
0.098452
0.078218
0.088421
0.069550
0.148512
0.178936
0.028144
0.004507
0.116873
0.083763
0.010234
0.205215
0.306832
0.083835
0.087390
0.256094
0.013242
0.718967
0.765406
0.091263
0.017549
0.014006
0.138738
0.096798
0.184023
0.136339
0.120633
0.020219
0.303058
0.360944
0.085280
0.387989
0.672752
1.548992
0.006396
0.348793
0.050669
0.722032
0.126786
0.896909
0.637064
0.079345
0.702836
0.034057
0.011939
0.252829
0.722032
0.252098
0.500157
1.342911
0.763855
1.279449
0.239384
0.890452
1.854881
0.762349
3.974983
1.649927
1.511058
0.752204
0.077403
16.053053
0.134988
0.115127
