10.091621
5.395180
5.446869
8.990820
6.179153
6.101535
7.087370
9.737029
9.947666
5.486685
9.430102
9.810303
9.469039
11.073689
9.776967
9.810303
8.373075
6.725055
11.893283
8.981745
5.177332
10.728152
12.083656
7.712887
8.478357
10.730723
11.754696
12.048164
12.380869
6.937847
10.737612
10.336881
5.029554
8.369188
6.959389
7.789998
12.250212
9.872544
7.261119
4.682472
13.268091
9.531814
6.373147
11.240862
9.634177
8.728976
7.624160
13.420757
7.291691
10.407604
4.851998
5.636450
9.009488
6.196937
11.196456
6.155465
5.110193
6.380228
5.119741
6.088397
5.157503
5.614474
8.599691
7.693370
9.201719
9.201719
4.887875
10.274410
10.129066
4.621813
5.775764
7.539873
5.075127
11.298675
13.585299
10.482204
8.177497
9.201719
5.350748
7.279263
5.069445
10.701530
10.140659
13.112511
6.139843
6.272110
12.055906
9.054379
7.006009
6.380228
11.977048
11.450475
7.821324
6.679742
7.285087
7.469688
10.325067
6.658056
5.291600
11.389701
