0.431631
0.887928
0.546054
0.809074
0.810504
0.834204
0.656789
0.770625
0.636782
0.629857
0.732641
0.707563
0.802716
0.846194
0.581415
0.655395
0.515750
0.792789
0.698501
0.632023
0.287581
0.959344
0.738179
0.750254
0.722432
0.657397
0.814171
0.852243
0.697925
0.691397
0.719629
0.986125
0.966678
0.634003
0.390733
0.488331
0.566293
0.716300
0.550586
0.640606
0.456384
0.731563
0.524557
0.838432
0.836457
0.488120
0.790571
0.660265
0.723179
0.696640
0.714793
0.648212
0.909076
0.655649
0.871615
0.657084
0.474072
0.688839
0.738230
0.697961
0.492508
0.659256
0.934044
1.055000
0.745598
0.656220
0.994288
0.877537
0.700425
0.725501
0.643475
0.743812
0.473007
0.545540
0.818118
0.795001
0.826401
0.753648
0.759878
0.484620
0.396148
0.575872
0.726824
0.414880
0.543443
0.847852
0.442529
1.429880
1.108260
1.113130
0.647155
0.385039
0.948789
0.505387
0.841696
0.670649
0.636181
0.792337
0.909076
0.671788
