43.044500
54.091600
30.672500
64.410100
54.824400
35.753200
55.384700
18.145300
63.062700
47.584100
53.010800
54.368200
45.149400
56.426200
44.852700
52.103300
56.800500
38.732900
57.658400
61.465800
47.605500
46.147600
30.562300
51.926900
49.561200
64.004300
43.639700
56.175800
32.859600
49.211800
56.201300
46.855900
30.943800
47.813700
110.872000
64.263300
58.228500
62.794100
50.360800
61.627700
19.653100
60.268500
58.317800
51.867900
34.994700
55.954100
65.405300
61.704500
47.183600
31.646100
57.320900
42.500600
29.155800
38.254000
51.783300
23.949400
50.627100
49.928600
27.853400
33.180200
39.583600
53.301800
45.579900
17.053800
71.169900
57.049200
50.514600
70.488100
36.181400
45.468200
48.393000
53.541100
50.116900
86.582900
56.897400
29.286500
25.425400
51.670900
55.706600
68.298200
36.049800
37.996500
66.515100
60.880600
49.950500
32.213200
66.175500
48.669900
56.193700
43.107800
36.623500
61.953200
57.909200
84.858200
73.392900
85.116300
32.917200
38.980700
29.155800
45.252800
