0.009046
0.006945
0.009404
0.011965
0.008438
0.010386
0.005557
0.002688
0.010724
0.010470
0.008030
0.010409
0.011172
0.014350
0.010004
0.009221
0.008338
0.006943
0.008109
0.011547
0.010597
0.011965
0.008750
0.008536
0.009166
0.008294
0.008939
0.009713
0.009788
0.008975
0.007195
0.007958
0.010501
0.006194
0.013887
0.005687
0.007175
0.006143
0.010013
0.008728
0.011368
0.008542
0.007460
0.005488
0.008180
0.010202
0.009284
0.009304
0.007175
0.011052
0.006257
0.004924
0.001273
0.006003
0.006097
0.007967
0.013643
0.007535
0.008793
0.004988
0.007895
0.004049
0.010045
0.008481
0.009356
0.005481
0.006955
0.006709
0.002753
0.007780
0.008467
0.007895
0.006984
0.002674
0.005877
0.010227
0.005129
0.001688
0.009194
0.003074
0.006024
0.010534
0.003711
0.005368
0.007660
0.002895
0.006330
0.003936
0.006803
0.004248
0.005920
0.002122
0.005208
0.003638
0.002342
0.008212
0.003806
0.001713
0.001273
0.009775
