0.795646
0.991818
1.548500
0.551054
0.864421
0.197436
0.401877
0.123404
0.090351
0.421595
0.240822
0.375307
0.265111
0.359607
0.079759
0.952438
0.872954
0.538433
0.000000
0.206036
0.274919
0.236578
0.115171
0.430372
0.200956
0.168291
0.380070
0.233031
0.449987
0.623430
0.187560
0.342194
0.819856
0.577625
0.342883
0.117489
0.210109
0.297461
0.485426
0.000000
0.643809
0.324885
0.271155
0.185615
0.359348
0.279980
0.222095
0.101455
0.167934
0.225382
0.206312
0.519732
0.283916
0.542593
0.336105
0.462305
0.094694
0.337206
0.139410
0.220953
0.506871
0.473259
0.124981
1.266268
0.296897
0.738330
0.328337
0.351811
0.071760
0.253046
0.102837
0.441096
0.196808
0.624473
0.082555
0.105759
0.092080
0.515208
0.203050
0.371271
0.482802
0.244489
0.356736
0.153801
0.285126
0.089641
0.094269
0.491775
0.259688
0.192496
0.745107
0.456195
0.322937
0.386341
0.111707
0.089422
0.053291
0.415612
0.283916
0.099615
