10.580685
12.380869
9.380418
8.177497
7.894816
8.858915
5.506193
13.585299
6.139843
8.326711
9.054379
11.240862
5.652655
6.751779
10.924003
12.048164
11.298675
12.083656
11.191626
12.938004
9.456664
8.990820
5.395180
5.350748
5.333051
8.478357
6.471680
6.155465
9.810303
9.867685
9.781793
5.255539
13.420757
7.198592
10.730723
9.237926
10.328406
11.800550
4.630988
7.712887
11.478767
6.705581
10.134484
10.091621
12.197312
6.656102
5.153909
5.105274
6.394613
12.589333
5.954946
5.075127
6.972896
7.559746
9.810303
6.937847
10.407604
7.789998
9.947666
5.069445
12.813997
4.892558
7.793612
8.652397
6.380228
8.678304
8.981745
10.728152
12.250212
6.146863
7.821324
8.599691
4.863122
11.041574
9.531814
5.157503
5.477625
9.009488
9.058059
6.359674
5.055773
9.955097
11.450475
7.821324
7.624160
5.255395
7.261119
9.118001
9.401812
8.373075
6.226895
7.128016
11.073689
12.307273
10.325067
6.196937
7.291691
6.088397
5.775764
8.675854
