0.049139
0.052616
0.044076
0.015899
0.047607
0.056570
0.048689
0.032538
0.030530
0.037773
0.030490
0.041789
0.041240
0.043561
0.031748
0.049081
0.044424
0.037472
0.049332
0.045069
0.028491
0.024360
0.048852
0.023016
0.036331
0.048472
0.039258
0.048105
0.024272
0.039231
0.063561
0.036539
0.028336
0.042612
0.039331
0.039536
0.045626
0.020997
0.034571
0.037992
0.036500
0.035333
0.041992
0.039062
0.035442
0.016812
0.031761
0.029830
0.048404
0.046144
0.040368
0.043449
0.072568
0.031281
0.022494
0.049368
0.047590
0.035816
0.016863
0.035456
0.050899
0.046757
0.038613
0.008528
0.020523
0.033353
0.037975
0.022363
0.028103
0.034349
0.044425
0.030617
0.049011
0.039026
0.027222
0.014166
0.049588
0.024945
0.031715
0.070625
0.032261
0.034941
0.024393
0.021925
0.047443
0.026719
0.028552
0.050502
0.034328
0.018360
0.011452
0.017662
0.017662
0.043287
0.020646
0.024759
0.027088
0.039060
0.038190
0.043561
