1.399941
0.590085
0.006103
-0.280432
0.622450
0.826815
1.175920
-0.120897
1.100392
-0.225930
0.549579
1.986303
1.775647
1.105449
0.933456
0.994393
1.316243
-0.194084
0.098947
0.277312
0.294957
0.348249
0.414901
0.671445
0.218643
0.306678
-0.004321
-0.542966
0.272776
0.038304
0.035467
-0.621712
2.115767
0.376336
-0.027709
-0.525729
0.428249
0.124505
-0.403464
-0.413929
0.645220
0.304811
0.646303
0.718144
-0.215087
0.602426
-0.007075
-0.112438
0.610869
0.361294
0.422252
0.250469
-0.243234
1.877733
0.463532
-0.013572
0.005950
-0.194854
0.324373
0.302335
0.529227
-0.325151
0.274888
0.124031
0.673372
-0.121593
0.085611
0.481959
0.232138
0.283785
0.080195
0.078459
-0.168117
0.168257
-0.218070
0.665019
0.537064
0.884514
0.031128
-0.242807
-0.087644
-0.359993
-0.335912
0.217415
-0.085961
-0.295875
0.130047
0.093974
0.323381
0.376854
0.656081
-0.250009
-0.250009
-0.238936
-0.207791
-0.113292
-0.069035
-0.103141
0.369058
1.105449
