1.548500
0.991818
0.090351
0.710330
0.573553
0.795646
0.678470
0.123404
0.651833
0.088620
0.375307
0.000000
0.432949
0.538433
0.359607
0.872954
0.240822
0.421595
0.274919
0.454108
0.353473
0.202567
1.583880
0.858376
0.182454
0.200956
0.109984
0.000000
0.449987
0.166068
0.046283
0.070577
0.643809
1.228409
0.161585
0.099615
0.189808
0.236863
0.342194
0.279980
1.170670
0.117489
0.398584
0.297461
0.359348
0.819856
0.237329
0.331069
0.684350
0.337206
0.231447
0.220953
0.336105
1.795145
0.283916
0.139410
0.000000
0.296897
0.731506
0.748523
0.206312
0.199903
0.473259
0.462305
0.656038
0.071760
0.738330
0.686975
0.106308
0.836254
0.351811
0.320510
0.454384
0.624473
0.482802
0.515208
0.555882
0.482783
0.371271
0.865813
0.087791
0.082555
0.093176
0.285126
0.125343
0.623050
0.377051
0.259688
0.192496
0.456195
0.491775
0.326999
0.326999
0.254415
0.193907
0.053291
0.557480
0.415612
0.886979
0.538433
