0.000622
0.000237
0.005426
0.000425
0.000216
0.000372
0.005236
0.003069
0.000257
0.004485
0.005492
0.003766
0.003098
0.000327
0.004893
0.004256
0.005490
0.003813
0.001855
0.003600
0.004330
0.003920
0.003930
0.000368
0.003737
0.005654
0.000436
0.003600
0.002942
0.000284
0.000353
0.000625
0.004755
0.000329
0.004034
0.000580
0.000345
0.005177
0.001554
0.000393
0.004354
0.004706
0.000503
0.003744
0.000392
0.000409
0.005023
0.000588
0.006168
0.000389
0.000332
0.000434
0.004125
0.002565
0.002656
0.002568
0.002393
0.005220
0.000270
0.000643
0.002111
0.001956
0.000147
0.006324
0.000407
0.005356
0.006639
0.000418
0.003370
0.002621
0.001460
0.000379
0.000249
0.003057
0.000602
0.004828
0.003805
0.000544
0.005687
0.005268
0.000354
0.000205
0.003916
0.000618
0.000251
0.000160
0.004509
0.000381
0.003168
0.000167
0.000162
0.001910
0.000398
0.002375
0.000480
0.003948
0.000684
0.000333
0.000350
0.005044
