0.258877
0.201649
0.210238
0.169077
0.143029
0.183954
0.126082
0.155290
0.036901
0.181358
0.236351
0.175710
0.079895
0.129274
0.193692
0.178878
0.233088
0.186572
0.111869
0.167639
0.238944
0.183750
0.224980
0.110521
0.222205
0.220027
0.186541
0.148101
0.147321
0.174312
0.175653
0.145345
0.221182
0.191377
0.169872
0.180893
0.236229
0.192516
0.238566
0.178097
0.179124
0.195821
0.214067
0.159926
0.215517
0.209732
0.163289
0.215310
0.249851
0.203949
0.211671
0.249020
0.231387
0.193320
0.228678
0.267334
0.231589
0.195508
0.233996
0.187922
0.229120
0.195859
0.230148
0.181640
0.148739
0.256725
0.179312
0.193632
0.175432
0.288858
0.228958
0.274654
0.210099
0.170631
0.275949
0.206697
0.160107
0.331394
0.220170
0.217230
0.183075
0.208448
0.214867
0.269015
0.288516
0.091962
0.269588
0.261265
0.261319
0.176148
0.267969
0.245675
0.241011
0.271824
0.339698
0.300513
0.237393
0.261304
0.223165
0.200049
