0.002926
0.002238
0.001996
0.001237
0.002563
0.001158
0.001279
0.002419
0.002802
0.001559
0.006084
0.007140
0.001013
0.001315
0.002954
0.000895
0.008481
0.004024
0.004112
0.003219
0.000768
0.000605
0.001103
0.005515
0.002688
0.001284
0.006413
0.003128
0.003093
0.003903
0.003048
0.005203
0.004923
0.002341
0.006060
0.001102
0.004861
0.006816
0.005961
0.001964
0.002588
0.007667
0.002038
0.008871
0.002588
0.005181
0.002673
0.001182
0.002313
0.001735
0.005188
0.008683
0.004945
0.003782
0.001431
0.003774
0.003615
0.006438
0.005539
0.006761
0.001054
0.002665
0.007405
0.000943
0.009834
0.001040
0.004334
0.000933
0.001828
0.001178
0.003376
0.003047
0.000947
0.006154
0.006273
0.002908
0.005805
0.007666
0.003477
0.003203
0.003400
0.001084
0.004119
0.003242
0.002748
0.004788
0.006279
0.000934
0.003777
0.006375
0.000985
0.001134
0.001809
0.003992
0.004485
0.008563
0.001271
0.006914
0.004709
0.005976
