0.846091
0.826815
-0.280432
1.016948
0.622450
-0.829913
1.102857
0.006103
-0.120897
0.192669
0.933456
0.549579
1.986303
1.775647
1.105449
-0.225930
0.067629
1.579743
0.285711
0.139380
-0.542966
0.272776
1.268351
0.348249
0.414901
0.098947
0.294957
0.513791
0.277312
0.015351
0.602426
0.304811
-0.454473
0.124505
-0.587773
-0.126043
2.115767
0.357134
0.384523
0.396485
-1.129666
0.446005
0.693557
-0.525729
-0.227499
0.652516
-0.403464
0.915701
-0.013572
-0.336706
0.025141
-0.182551
0.422252
0.529227
0.324373
0.361294
-0.143231
0.043059
-0.380388
1.877733
0.673372
0.302335
-0.041698
1.009143
0.463532
0.838745
-0.121593
-0.193315
0.481959
0.545775
0.127773
0.104804
-0.316823
0.031128
0.537064
0.166625
0.442581
-0.242807
0.665019
1.016369
2.232083
0.276978
-0.359993
-0.295875
0.693477
0.269347
0.242540
0.376854
0.323381
0.656081
-0.250009
-0.289241
-0.112487
-0.207791
-0.260360
-0.113292
-0.069035
-0.103141
-0.090432
0.746560
