0.815914
0.795646
0.710330
0.924156
0.573553
0.846957
1.429099
0.090351
0.123404
0.079759
0.359607
0.375307
0.000000
0.432949
0.538433
0.088620
0.235216
0.538683
0.152131
0.065065
0.000000
0.449987
0.226099
0.202567
1.583880
0.274919
0.353473
0.403306
0.454108
0.115171
0.819856
0.117489
0.210109
0.236863
0.103169
0.271155
0.643809
1.158579
0.247097
0.529975
0.000000
0.324885
0.334678
0.099615
0.058558
0.355689
0.342194
0.570156
0.139410
0.092840
0.195196
0.094694
0.231447
0.206312
0.731506
0.337206
0.091394
0.519732
0.051684
1.795145
0.656038
0.748523
1.037456
1.266268
0.283916
0.550327
0.071760
0.102837
0.686975
0.253046
0.055982
0.132384
0.196808
0.371271
0.555882
0.092080
0.244489
0.865813
0.515208
0.655368
0.356736
1.128434
0.082555
0.623050
0.934455
0.094269
0.360649
0.456195
0.192496
0.491775
0.326999
0.080172
0.322937
0.193907
0.502013
0.053291
0.557480
0.415612
0.421279
0.233031
