-59.417700
-60.530300
-56.615000
-59.533700
-60.551600
-55.517900
-58.352200
-57.800800
-61.443700
-57.177500
-58.816000
-56.399000
-59.245600
-57.262200
-58.330300
-56.087000
-55.938500
-58.953800
-58.151700
-56.112600
-55.535200
-56.920600
-54.826300
-58.159400
-56.869300
-57.757000
-59.927000
-58.494700
-56.090000
-57.384000
-59.893000
-54.382700
-56.239600
-55.215500
-57.926600
-58.205500
-59.636700
-59.038500
-56.492500
-57.914200
-58.306100
-56.430600
-58.181700
-55.717800
-57.878100
-57.858000
-56.082200
-56.436300
-56.919800
-54.881000
-58.483100
-56.182700
-60.490200
-58.104700
-58.380400
-59.007400
-58.309400
-57.753000
-58.138400
-57.588100
-55.591500
-61.348400
-56.705000
-56.890600
-57.923400
-57.230800
-57.284500
-54.702600
-57.899400
-57.560900
-58.501800
-55.495700
-56.444000
-58.144700
-59.091100
-59.253000
-57.622400
-57.480700
-56.446500
-55.840500
-57.480700
-56.900700
-58.616700
-55.213900
-56.966100
-55.807800
-56.861200
-57.035200
-57.880200
-56.149900
-54.340500
-58.020700
-58.020700
-56.618600
-55.149100
-55.343200
-58.261200
-56.459300
-59.346100
-59.417700
