0.036129
0.044076
0.042583
0.048737
0.077307
0.030530
0.043855
0.049139
0.058769
0.038174
0.042193
0.041240
0.045467
0.043561
0.041812
0.044062
0.038190
0.050626
0.042120
0.040877
0.048852
0.041841
0.038593
0.048429
0.030832
0.024272
0.048105
0.048472
0.035675
0.037433
0.020997
0.047309
0.039062
0.038769
0.029749
0.063561
0.047659
0.041992
0.033867
0.035168
0.036167
0.043145
0.048581
0.033469
0.036500
0.045626
0.049325
0.039782
0.029830
0.036197
0.029827
0.046435
0.035816
0.035456
0.033736
0.033980
0.037641
0.052309
0.042257
0.046144
0.048404
0.040368
0.050899
0.036093
0.032667
0.039964
0.049011
0.028103
0.034349
0.015185
0.020900
0.034870
0.031797
0.034941
0.070625
0.031715
0.031257
0.024945
0.022776
0.049588
0.024945
0.013695
0.020249
0.063415
0.047443
0.026719
0.028552
0.034328
0.011452
0.026203
0.050502
0.018360
0.018360
0.020646
0.046807
0.027088
0.024759
0.039060
0.037469
0.036129
