0.009109
0.010724
0.009785
0.006151
0.009171
0.007169
0.008438
0.009404
0.008748
0.008076
0.009053
0.010711
0.007763
0.006943
0.010779
0.011172
0.009838
0.010004
0.011547
0.008750
0.007901
0.008975
0.012606
0.010012
0.011471
0.009788
0.008109
0.009166
0.008939
0.011333
0.008858
0.006194
0.006143
0.009482
0.009284
0.006196
0.004951
0.007785
0.007403
0.010013
0.008542
0.008728
0.007305
0.007038
0.009581
0.004177
0.006956
0.007304
0.007993
0.013643
0.009337
0.008223
0.009356
0.007325
0.009304
0.006271
0.006003
0.007175
0.010832
0.007535
0.010053
0.005809
0.006257
0.009167
0.012370
0.000834
0.008798
0.006163
0.007232
0.006955
0.005157
0.009586
0.007895
0.005877
0.004126
0.003074
0.003520
0.006876
0.010227
0.006761
0.006876
0.010534
0.008393
0.003637
0.007310
0.003723
0.004413
0.004248
0.003936
0.003391
0.006803
0.002122
0.002122
0.007536
0.004920
0.009039
0.003806
0.001713
0.005557
0.009109
