0.113120
0.074683
0.090832
0.106711
0.171525
0.094510
0.092070
0.113634
0.123701
0.083728
0.098683
0.122740
0.108701
0.122837
0.111489
0.092746
0.097204
0.115079
0.115264
0.090098
0.071439
0.103592
0.107612
0.125749
0.150570
0.092656
0.116514
0.127762
0.102552
0.125992
0.116151
0.097717
0.107439
0.106811
0.097202
0.088568
0.117755
0.123620
0.095252
0.120409
0.099860
0.119861
0.144277
0.082425
0.135558
0.101552
0.099143
0.139965
0.121002
0.131418
0.123627
0.145857
0.136756
0.146692
0.126259
0.109492
0.103418
0.171875
0.159150
0.109628
0.143312
0.171120
0.119259
0.118767
0.133348
0.074846
0.165029
0.110924
0.107105
0.107315
0.135749
0.126078
0.102882
0.116278
0.141757
0.132607
0.164806
0.140549
0.107167
0.136636
0.140549
0.196372
0.120098
0.164476
0.167193
0.090407
0.060144
0.121587
0.147850
0.119885
0.132056
0.124080
0.124080
0.163182
0.144043
0.187720
0.138024
0.153837
0.102077
0.113120
