0.006517
0.003592
0.002820
0.003513
0.004881
0.005805
0.003477
0.001308
0.000962
0.005181
0.001158
0.009834
0.001757
0.006059
0.002090
0.004923
0.001103
0.006727
0.003887
0.002896
0.004476
0.003777
0.005203
0.006413
0.001431
0.009834
0.005219
0.001084
0.005961
0.006060
0.001178
0.003615
0.006914
0.004697
0.003903
0.003903
0.007667
0.001013
0.000943
0.003470
0.006660
0.000895
0.004916
0.004560
0.006539
0.003477
0.001134
0.001964
0.002513
0.006126
0.002802
0.005787
0.001559
0.003047
0.007319
0.002908
0.001237
0.002338
0.006814
0.008683
0.002451
0.005652
0.005515
0.003679
0.006597
0.005539
0.008717
0.001934
0.005193
0.005233
0.001809
0.005350
0.000811
0.002564
0.006438
0.003093
0.003953
0.005554
0.006154
0.005976
0.007909
0.003203
0.001735
0.004112
0.004485
0.003274
0.002957
0.001971
0.000912
0.004291
0.000933
0.007140
0.000605
0.004979
0.003242
0.002238
0.003284
0.003169
0.004785
0.006084
