0.533496
0.886504
0.430305
1.061540
0.548279
0.810504
0.770625
0.499531
0.752844
0.581415
0.646351
0.515750
0.629857
0.655395
0.755549
0.732641
0.391837
0.802716
0.709370
0.533834
0.435142
0.373010
0.479149
0.722432
0.713701
0.750254
1.141840
0.801517
0.282753
0.657397
0.836457
0.795029
0.784945
0.687243
0.703476
0.634003
0.566293
0.921642
0.986125
0.749220
0.488120
0.838432
0.966678
0.659977
0.695115
0.390733
0.524557
0.186576
0.738230
0.737116
0.660265
0.737601
0.681380
0.861303
0.909076
0.714793
0.594495
0.925858
0.697961
0.492508
0.871615
0.915847
0.648212
0.289897
0.745598
0.089404
0.656220
0.758477
0.863668
0.700425
0.632139
1.233010
0.828475
0.759878
0.584407
1.164330
0.795001
0.545540
0.818118
0.336454
0.840123
0.518935
0.513414
1.012010
0.847852
0.414880
0.509100
0.385039
1.429880
0.948789
0.533261
0.533261
0.533261
0.964616
0.057768
0.670649
0.790499
0.792337
0.635401
0.484620
