60.470600
67.863600
38.883600
27.187200
51.232700
54.824400
18.145300
38.841700
51.418600
44.852700
47.184700
56.800500
47.584100
52.103300
49.220500
53.010800
48.410200
45.149400
56.253300
51.403400
68.881400
40.647900
50.501000
49.561200
67.934500
51.926900
43.933600
48.257800
67.387500
64.004300
34.994700
47.782800
77.278600
49.897600
39.573100
47.813700
58.228500
57.857100
46.855900
66.990200
55.954100
51.867900
30.943800
39.462100
72.473700
110.872000
58.317800
77.290300
27.853400
60.816100
61.704500
48.093400
32.975000
56.101800
29.155800
57.320900
69.618800
58.804500
33.180200
39.583600
51.783300
59.653400
42.500600
53.102400
71.169900
50.915500
57.049200
36.803300
52.156500
36.181400
60.830100
37.980900
47.619800
55.706600
44.511200
63.030100
29.286500
86.582900
56.897400
65.802800
13.070300
45.610600
29.886300
66.752300
32.213200
60.880600
40.696400
61.953200
48.669900
57.909200
47.055100
47.055100
47.055100
61.287200
50.785800
85.116300
63.847300
38.980700
54.879700
68.298200
