0.030530
0.058769
0.048689
0.035062
0.036129
0.043855
0.032538
0.046096
0.047607
0.050626
0.045467
0.049081
0.037472
0.045310
0.039465
0.044424
0.041240
0.044062
0.037866
0.030976
0.030832
0.048852
0.045069
0.048472
0.031538
0.040645
0.023016
0.037433
0.036331
0.037948
0.035442
0.022349
0.047659
0.038769
0.035929
0.047309
0.051587
0.041992
0.034571
0.040325
0.037992
0.045594
0.016812
0.034486
0.049325
0.041416
0.039445
0.032667
0.049368
0.039815
0.033736
0.031281
0.029827
0.029830
0.022494
0.050899
0.032391
0.031392
0.043449
0.040485
0.072568
0.047590
0.029583
0.033980
0.035816
0.033757
0.037975
0.045550
0.049011
0.033353
0.022363
0.020900
0.032487
0.023390
0.024945
0.024393
0.022776
0.039026
0.034941
0.027608
0.019278
0.036423
0.032261
0.018111
0.040629
0.030827
0.047443
0.018360
0.011452
0.036398
0.017662
0.017662
0.017662
0.031440
0.008482
0.028634
0.027088
0.039060
0.031577
0.031715
