0.115043
0.223165
0.169934
0.128097
0.134614
0.192658
0.036901
0.165796
0.143029
0.181358
0.163255
0.211983
0.148956
0.161680
0.162913
0.146116
0.129274
0.182944
0.191805
0.134872
0.111869
0.222205
0.147321
0.185284
0.168477
0.168722
0.186819
0.164652
0.232870
0.201690
0.234311
0.178097
0.221608
0.169872
0.235237
0.236617
0.221182
0.293393
0.163289
0.209732
0.221315
0.161376
0.175653
0.215517
0.192648
0.204617
0.180893
0.230148
0.249851
0.223610
0.213293
0.187922
0.208128
0.205287
0.148739
0.193320
0.153913
0.211671
0.116859
0.168070
0.144292
0.174410
0.195508
0.231589
0.215105
0.170406
0.308398
0.252261
0.202113
0.179312
0.175432
0.221316
0.214025
0.199295
0.206136
0.213285
0.268047
0.203173
0.214867
0.275473
0.244279
0.217230
0.211527
0.264215
0.261319
0.214774
0.254793
0.261265
0.176148
0.241011
0.267969
0.267969
0.267969
0.269923
0.339698
0.289875
0.237393
0.261304
0.293452
0.170631
