0.094510
0.123701
0.092705
0.076186
0.113120
0.092070
0.075992
0.160002
0.092801
0.115079
0.108701
0.122829
0.099648
0.096489
0.104543
0.112891
0.122740
0.092746
0.088918
0.106976
0.150570
0.071439
0.094575
0.127762
0.107309
0.097759
0.124585
0.125992
0.115121
0.095099
0.097294
0.115972
0.117755
0.106811
0.142560
0.097717
0.129261
0.123620
0.093152
0.080924
0.092138
0.121019
0.105033
0.110632
0.099143
0.138017
0.129576
0.133348
0.105796
0.145187
0.126259
0.144092
0.123627
0.121002
0.083783
0.119259
0.169488
0.093381
0.199406
0.134088
0.185947
0.144020
0.109560
0.109492
0.136756
0.146600
0.108543
0.112522
0.165029
0.101337
0.139778
0.135749
0.119614
0.111130
0.140549
0.120139
0.107167
0.092693
0.116278
0.188191
0.065718
0.120866
0.130156
0.116243
0.104015
0.153907
0.167193
0.124080
0.147850
0.146287
0.161999
0.161999
0.161999
0.136304
0.138261
0.175556
0.187720
0.153837
0.209511
0.132607
