-60.530300
-57.464100
-59.417700
-61.001400
-58.061700
-56.615000
-57.839800
-56.768000
-58.292900
-57.177500
-56.087000
-57.262200
-58.408500
-57.120600
-59.390400
-58.816000
-56.399000
-59.245600
-58.409300
-55.497100
-59.892500
-58.556100
-58.151700
-55.535200
-54.100400
-54.826300
-58.494700
-56.112600
-56.389800
-56.608400
-58.798600
-57.926600
-56.492500
-59.893000
-57.914200
-57.717900
-56.213400
-57.006100
-58.011700
-55.215500
-57.476400
-56.430600
-56.692700
-59.636700
-59.886600
-55.923600
-58.306100
-57.753000
-59.007400
-56.890600
-60.490200
-54.770900
-57.778300
-61.348400
-56.230100
-59.335400
-55.468800
-55.502000
-57.111500
-58.297300
-56.436300
-57.478900
-59.063200
-57.656500
-58.138400
-57.016300
-58.079400
-58.233800
-55.495700
-58.984500
-57.560900
-58.501800
-56.503800
-56.900700
-54.604500
-59.279100
-57.622400
-54.735600
-59.091100
-58.616700
-57.480700
-54.245600
-58.854700
-58.362500
-56.966100
-59.118400
-56.764200
-58.020700
-57.764800
-58.020700
-57.880200
-57.764800
-54.927400
-58.055000
-58.816200
-55.053200
-55.343200
-56.459300
-57.674500
-57.287000
