4.621813
6.272110
7.957275
8.478357
6.101535
9.469039
5.172858
9.941379
6.359674
7.690555
6.982587
12.307273
7.712887
5.652655
8.990820
5.074523
5.490753
8.888836
8.981745
5.486685
5.446869
6.196937
11.667071
10.140659
8.572948
9.456664
9.380418
12.083656
5.119741
6.363538
11.834490
11.450475
7.279263
6.146863
13.585299
9.810303
5.614474
9.481984
5.333051
6.937847
8.177497
11.416411
8.369188
11.298675
10.580685
10.491412
7.306707
7.285087
7.789998
11.191626
7.858889
5.399514
7.302547
6.263266
6.359674
12.380869
5.395180
5.658486
7.655398
4.897411
7.793612
11.754696
5.153909
6.725055
11.478767
10.271554
11.073689
10.134484
6.394613
6.088397
13.268091
4.723042
5.075127
5.029554
4.892558
12.238956
4.851998
6.751779
8.693888
5.055773
10.405931
11.738666
11.045282
4.999162
9.810303
7.077575
5.636450
7.006009
7.427960
5.110193
6.139843
6.471680
11.389701
11.988731
8.858915
5.477625
9.947666
12.250212
10.336881
11.919900
