-57.600400
-58.352200
-59.346100
-58.921900
-58.584300
-57.839800
-58.292900
-60.551600
-56.558100
-57.728500
-58.330300
-57.120600
-57.784000
-58.408500
-57.177500
-56.684700
-58.953800
-58.816000
-57.772900
-58.151700
-56.090000
-58.573000
-58.409300
-56.588000
-55.000800
-58.159400
-56.062500
-55.535200
-57.923400
-58.494700
-59.256800
-57.006100
-56.213400
-58.205500
-59.893000
-57.675600
-55.717800
-55.257600
-55.923600
-57.476400
-57.822700
-56.239600
-56.285200
-56.492500
-54.382700
-58.306100
-58.023000
-57.096600
-58.209000
-57.923400
-57.478900
-57.753000
-56.928300
-57.931900
-56.436300
-61.348400
-56.705000
-58.959300
-58.380400
-58.483100
-58.297300
-59.007400
-54.881000
-59.063200
-57.656500
-55.495700
-58.998400
-55.991000
-55.271600
-58.984500
-57.726300
-57.537800
-54.702600
-56.446500
-58.144700
-57.480700
-58.141400
-57.622400
-57.480700
-56.528600
-59.253000
-58.914800
-56.750400
-57.494900
-58.362500
-56.861200
-58.859800
-57.705800
-54.340500
-54.927400
-56.149900
-57.764800
-57.764800
-59.639000
-59.555300
-58.261200
-55.343200
-56.459300
-56.947900
-57.858000
