0.834204
0.810504
0.656789
0.764274
0.670463
0.430305
0.499531
0.785430
1.199350
0.732641
0.597808
0.677797
0.846194
0.470485
0.748750
0.515750
0.581415
0.710446
0.845157
0.632023
0.814171
0.281659
0.713701
1.038450
0.479149
0.940776
0.813395
0.373010
0.709370
0.722432
0.524557
0.795519
0.390733
0.155552
0.749028
0.703476
0.792463
0.757437
0.966678
0.836457
0.613193
0.716300
0.986125
0.213598
0.634003
0.731563
0.456384
0.800501
0.934044
0.186576
0.915847
0.723179
0.659256
0.657084
0.469438
0.435333
0.714793
0.697961
0.660265
0.681380
0.737116
0.289897
0.474072
0.292935
0.737601
0.536500
0.632139
0.877537
0.515469
0.089404
0.779131
0.758477
1.002000
0.795001
0.818118
0.584407
0.826401
0.812620
0.584407
0.840123
0.484620
1.164330
0.518935
1.164840
0.847852
0.759276
0.543443
0.948789
1.108260
0.647155
0.603754
0.533261
0.533261
0.057768
0.964616
0.636181
0.790499
0.792337
0.696640
0.514788
