0.049134
0.043855
0.037469
0.054807
0.050950
0.048689
0.046096
0.077307
0.015899
0.044424
0.041812
0.039555
0.031748
0.027191
0.038174
0.049081
0.050626
0.042193
0.039258
0.042120
0.035675
0.028491
0.031538
0.048199
0.045069
0.048429
0.046060
0.048852
0.037866
0.048472
0.039445
0.039331
0.041416
0.063561
0.020997
0.035929
0.033469
0.047023
0.016812
0.035442
0.042612
0.039062
0.034571
0.033867
0.047309
0.036167
0.028336
0.035516
0.048495
0.032667
0.047590
0.052309
0.038613
0.008528
0.039782
0.040368
0.050899
0.043449
0.033736
0.029827
0.039815
0.033980
0.036197
0.042984
0.031281
0.034870
0.022363
0.044425
0.036178
0.033757
0.048774
0.045550
0.028103
0.022776
0.034941
0.024945
0.048194
0.031257
0.024945
0.019278
0.031715
0.024393
0.036423
0.023226
0.040629
0.028552
0.021925
0.036398
0.050502
0.018751
0.026203
0.017662
0.017662
0.008482
0.031440
0.024759
0.027088
0.039060
0.052407
0.045626
