141.000000
1033.000000
582.000000
1242.000000
404.000000
490.000000
1002.000000
1005.000000
662.000000
423.000000
778.000000
1038.000000
192.000000
890.000000
1029.000000
757.000000
150.000000
1013.000000
160.000000
430.000000
346.000000
1229.000000
436.000000
794.000000
1130.000000
784.000000
489.000000
942.000000
42.000000
424.000000
163.000000
217.000000
958.000000
294.000000
97.000000
521.000000
1102.000000
542.000000
601.000000
514.000000
1315.000000
1247.000000
1000.000000
229.000000
804.000000
722.000000
945.000000
7.000000
667.000000
1271.000000
298.000000
322.000000
942.000000
1270.000000
651.000000
552.000000
1242.000000
665.000000
37.000000
765.000000
1198.000000
224.000000
513.000000
251.000000
1299.000000
769.000000
976.000000
844.000000
136.000000
573.000000
299.000000
169.000000
195.000000
178.000000
88.000000
938.000000
170.000000
1294.000000
938.000000
188.000000
284.000000
92.000000
962.000000
936.000000
268.000000
597.000000
210.000000
845.000000
934.000000
1180.000000
230.000000
309.000000
309.000000
931.000000
266.000000
266.000000
627.000000
593.000000
889.000000
266.000000
