0.197436
0.864421
0.401877
0.238459
0.678953
0.678470
0.794383
0.815914
0.710330
0.240822
0.235216
0.400110
0.359607
0.538683
1.211377
0.872954
0.079759
0.354322
0.109984
0.206036
0.380070
0.353473
0.484799
0.226099
0.454108
0.000000
0.360717
1.583880
0.102979
0.200956
0.271155
0.161585
0.342883
0.046283
0.236863
0.562552
0.347311
0.247097
0.819856
0.359348
1.228409
0.297461
0.342194
0.334678
0.577625
0.324885
0.643809
0.203102
0.124981
1.037456
0.000000
0.167934
0.473259
0.462305
0.146926
0.231447
0.206312
0.220953
0.101455
0.354410
1.329068
0.091394
0.094694
0.051963
1.795145
0.557281
0.686975
0.351811
0.077251
0.592737
0.132384
0.054941
0.106308
0.105759
0.082555
0.482783
0.092080
0.477559
0.482783
0.250547
0.371271
0.093176
0.655368
0.334481
0.089641
0.377051
0.285126
0.322937
0.259688
0.745107
0.080172
0.326999
0.326999
0.502013
0.080251
0.053291
0.557480
0.415612
0.225382
0.189808
