0.058242
0.050950
0.030530
0.037469
0.043778
0.054807
0.036129
0.052616
0.025437
0.050626
0.037472
0.039555
0.041789
0.043561
0.031748
0.042193
0.039465
0.027191
0.048852
0.032737
0.031538
0.037948
0.048472
0.037866
0.024360
0.037433
0.045069
0.037941
0.048429
0.029465
0.033469
0.038769
0.041992
0.036500
0.051587
0.036539
0.037992
0.041416
0.039536
0.016812
0.039062
0.045594
0.027924
0.039331
0.034486
0.029565
0.034571
0.046036
0.016863
0.008528
0.050899
0.046435
0.031281
0.034956
0.035816
0.020523
0.048404
0.039815
0.037641
0.022494
0.032667
0.048495
0.038613
0.035516
0.033736
0.033757
0.017532
0.036178
0.034870
0.039964
0.030617
0.022761
0.044425
0.045847
0.034941
0.032261
0.031257
0.024945
0.023390
0.031715
0.019278
0.022776
0.070625
0.063415
0.030827
0.047443
0.040629
0.018751
0.017662
0.018360
0.026203
0.034328
0.017662
0.043287
0.008482
0.028634
0.024759
0.039060
0.035333
0.033469
