9.967190
36.791700
12.820400
18.626000
19.296100
43.408400
32.025600
36.662000
41.013700
35.494100
38.546000
38.579300
50.019100
42.626000
32.124900
31.423500
31.783000
47.045400
53.970300
36.204300
38.220900
41.788900
40.127200
39.154300
39.293100
37.313600
45.595400
37.198900
37.819500
30.680000
30.411200
33.298700
36.304600
40.583700
34.336300
37.632500
33.632100
45.552600
35.693200
36.632500
40.985700
38.249900
32.381600
46.113300
46.529400
40.211600
66.224900
50.748700
29.848200
36.195200
34.197200
54.179500
32.991400
32.327300
38.630500
38.589800
54.763600
36.475500
32.307800
30.180800
44.075400
47.372700
64.878200
38.037100
28.236500
46.729100
23.429600
33.977600
26.194000
46.862900
40.275000
29.118900
45.727300
56.239100
46.626600
40.937800
48.072200
49.034100
49.089900
39.488000
33.916100
36.315900
37.142200
33.997600
46.352300
44.958000
42.749600
30.594300
48.412500
54.538300
31.583900
41.907500
48.412500
48.304300
35.435700
35.947600
47.771000
48.172300
42.949800
30.411200
