0.045289
0.003117
0.077664
0.007058
0.042458
0.006567
0.025430
0.002938
0.197037
0.002357
0.038954
0.007383
0.011269
0.024434
0.014305
0.003651
0.010628
0.001253
0.010564
0.091855
0.008147
0.045662
0.000292
0.020708
0.011090
0.203111
0.004955
0.201557
0.134988
0.084796
0.078218
0.183240
0.107476
0.099513
0.098452
0.571240
0.434733
0.178936
0.120693
0.083763
0.023484
0.148512
0.117490
0.072459
0.030712
0.251045
0.563140
0.096798
0.473806
0.029752
0.303058
0.010546
0.591668
0.184023
0.718967
0.020219
0.165029
0.025394
0.272752
0.017549
0.249126
0.205215
0.091263
0.081813
0.306832
0.066653
0.288369
0.387989
0.682939
0.115127
0.075706
0.108706
0.019931
0.290639
0.535591
0.513671
0.479386
0.722032
0.007892
0.324132
0.916361
0.126786
0.896909
0.930036
0.252098
0.220490
0.099871
0.030822
1.854881
0.890452
0.932173
0.694417
3.974983
0.845302
2.091044
0.077403
10.302220
5.109369
0.491005
0.078218
