0.000541
0.003540
0.002421
0.000372
0.000237
0.005426
0.005236
0.000438
0.000350
0.003813
0.005274
0.000327
0.005490
0.004347
0.000413
0.005492
0.000397
0.003098
0.000369
0.005654
0.003600
0.004068
0.004470
0.004208
0.000368
0.005050
0.001855
0.004905
0.000450
0.003580
0.000503
0.000450
0.003721
0.000353
0.000542
0.000393
0.006703
0.000580
0.002878
0.000429
0.004270
0.000426
0.000491
0.000345
0.000357
0.000409
0.000329
0.002565
0.002393
0.001956
0.002568
0.006324
0.000695
0.000459
0.000332
0.000270
0.006342
0.004125
0.004310
0.000380
0.009218
0.000407
0.005220
0.000643
0.004106
0.000287
0.000413
0.000402
0.005356
0.000176
0.001460
0.003464
0.000249
0.003057
0.003916
0.005268
0.000354
0.003661
0.000316
0.005598
0.002912
0.003233
0.005687
0.004081
0.000665
0.000253
0.000160
0.001910
0.000381
0.000167
0.000381
0.000398
0.003168
0.004027
0.002375
0.003948
0.000684
0.000333
0.004125
0.000413
