0.002908
0.006375
0.001084
0.001158
0.007667
0.003797
0.007140
0.001315
0.003903
0.004785
0.008563
0.002090
0.003093
0.003212
0.000605
0.002495
0.000680
0.008683
0.003376
0.006761
0.003242
0.002295
0.004485
0.003592
0.003378
0.006517
0.001657
0.000977
0.007703
0.001178
0.001308
0.002588
0.000933
0.005649
0.003679
0.004881
0.005539
0.001828
0.002939
0.004334
0.003962
0.006279
0.002872
0.004753
0.001013
0.001102
0.006257
0.004192
0.006472
0.002665
0.001996
0.001134
0.000934
0.005663
0.001237
0.001855
0.002748
0.002460
0.000912
0.002451
0.001971
0.003887
0.003477
0.006914
0.002338
0.003615
0.005525
0.004923
0.001559
0.000947
0.006472
0.007319
0.002563
0.006438
0.002341
0.003912
0.005639
0.003274
0.006383
0.001809
0.002820
0.007666
0.003400
0.005219
0.003477
0.002038
0.001271
0.005554
0.006814
0.004742
0.006727
0.006438
0.006060
0.001431
0.004697
0.000829
0.000895
0.002896
0.000985
0.006413
