0.008046
0.006567
0.078289
0.006103
0.000818
0.038216
0.035069
0.077664
0.003957
0.001253
0.038574
0.000029
0.005458
0.007383
0.029675
0.014305
0.008386
0.011269
0.091901
0.096732
0.036533
0.008147
0.053019
0.134988
0.011090
0.091855
0.039677
0.058299
0.056010
0.004331
0.018430
0.072459
0.178936
0.083763
0.028873
0.028144
0.116873
0.346678
0.059633
0.571240
1.463893
0.117490
0.107476
0.067416
0.023484
0.035689
0.017572
0.303058
0.138738
0.055903
0.037454
0.184023
0.159385
0.081813
0.120633
0.096798
0.064514
0.013242
0.718967
0.372323
0.764081
0.017549
0.281916
0.591668
0.165029
0.288369
0.138620
0.348793
0.084470
0.057091
0.672752
0.387989
0.108706
0.324132
0.535591
0.421334
0.290639
0.722032
0.011939
0.034057
0.126786
0.784898
0.168988
0.763855
0.930036
1.342911
0.109992
0.932173
0.890452
0.873871
1.279449
0.239384
0.694417
0.845302
14.465038
10.302220
0.752204
6.143106
0.013242
0.138620
