0.161861
0.270877
0.258877
0.183954
0.036901
0.159500
0.143029
0.223165
0.115043
0.201810
0.161680
0.158258
0.171093
0.182944
0.233088
0.146116
0.194663
0.236351
0.222205
0.160524
0.239144
0.206835
0.186541
0.200049
0.110521
0.191805
0.205315
0.134872
0.206192
0.176048
0.214067
0.235237
0.209732
0.179124
0.180893
0.236617
0.221608
0.202530
0.238566
0.215517
0.133947
0.195592
0.221315
0.181688
0.187284
0.159926
0.192516
0.187922
0.213293
0.195859
0.248675
0.116859
0.153913
0.232016
0.193320
0.208128
0.266967
0.181640
0.231387
0.176519
0.176934
0.229120
0.205287
0.215310
0.207565
0.214025
0.176766
0.180453
0.308398
0.233550
0.175432
0.236506
0.170406
0.206697
0.214867
0.244279
0.213916
0.170631
0.160107
0.213285
0.208448
0.199295
0.206136
0.338173
0.091962
0.264215
0.169268
0.245675
0.261265
0.261265
0.249149
0.267969
0.176148
0.271824
0.202685
0.300513
0.289875
0.326825
0.194663
0.126082
