0.004979
0.005359
0.008481
0.004664
0.004931
0.008563
0.004742
0.002711
0.004392
0.003788
0.001084
0.007666
0.003615
0.008683
0.004914
0.005663
0.001147
0.003953
0.004243
0.006727
0.003782
0.006059
0.004208
0.006625
0.002520
0.001178
0.001013
0.003477
0.001809
0.002939
0.002009
0.002238
0.002802
0.004334
0.003376
0.005554
0.003477
0.004488
0.003274
0.002249
0.002665
0.006438
0.005219
0.002090
0.005916
0.003035
0.006257
0.003774
0.000934
0.003047
0.006126
0.008717
0.002313
0.006816
0.001102
0.001971
0.003839
0.001965
0.002673
0.002687
0.004291
0.002451
0.000895
0.001952
0.000768
0.001029
0.002513
0.002871
0.002252
0.003887
0.003513
0.001828
0.003242
0.002338
0.005181
0.004414
0.001965
0.004923
0.002563
0.003912
0.002295
0.004709
0.005203
0.003203
0.005976
0.005350
0.001308
0.006597
0.004192
0.002691
0.003047
0.001386
0.007703
0.001996
0.001279
0.009834
0.002419
0.001271
0.002460
0.001934
