-1.050781
-0.469522
-0.550042
-1.008793
-0.552204
-0.466012
-0.438779
-0.789359
-0.902808
0.001278
-0.016406
-0.710379
0.080978
-0.146377
0.143108
-0.141897
0.188820
-0.063289
0.312001
0.689292
1.746456
0.705726
0.695316
0.994160
0.404228
0.579993
0.142356
0.474847
0.554653
0.767317
1.095636
0.835597
1.082841
3.166055
1.368782
1.320253
1.085098
1.073567
0.684213
1.404466
1.279428
0.897868
1.124122
0.733581
1.278496
1.431360
1.004733
1.258911
2.632879
1.859847
1.444827
1.432767
1.555895
2.807208
1.678570
1.405459
1.788975
1.126520
1.606014
1.655208
2.212256
0.886782
2.784608
1.752345
1.569786
2.328027
2.209422
1.759988
1.766277
2.635790
2.043737
1.229439
2.165909
2.027685
2.270257
1.988700
2.430654
1.721669
2.289613
2.239467
2.609907
1.440716
2.395575
2.399668
1.835416
2.516878
1.976942
2.825028
3.010667
3.010667
3.381769
3.116171
3.292204
2.791803
3.779844
3.186144
4.170508
3.851470
0.188820
-1.228839
