8.990820
6.370892
9.443026
6.936091
5.333051
9.456664
10.328406
7.128016
11.754696
8.728976
6.972896
9.531814
7.927761
8.888836
11.298675
4.728707
10.737612
10.580685
6.373147
8.572948
7.655398
5.856182
7.559746
11.196456
6.471680
4.621813
10.325067
10.455191
7.789998
13.268091
7.693370
11.478767
11.240862
6.353721
9.776967
8.326711
7.397742
11.667071
6.028593
6.226895
5.157503
11.045282
11.073689
8.369188
7.302547
8.652397
9.867685
9.781793
9.810303
6.101535
6.081395
6.059407
9.872544
5.954946
5.399514
9.727181
5.255395
7.469688
9.955097
13.268091
5.506193
10.118458
9.947666
7.261119
7.306707
9.054379
6.155465
7.894816
11.539215
13.112511
5.636450
7.774817
8.153711
9.941379
4.915654
4.911334
9.737029
4.897411
7.690555
5.172858
9.430102
4.640299
7.021312
9.626968
9.875588
7.895492
7.427960
5.614474
12.813997
6.139843
10.214561
11.041574
9.810303
6.394613
7.279263
5.255539
5.506193
8.675854
10.407604
8.182256
