1335.000000
832.000000
141.000000
662.000000
269.000000
897.000000
404.000000
789.000000
885.000000
426.000000
749.000000
712.000000
1024.000000
796.000000
1038.000000
1081.000000
409.000000
19.000000
253.000000
989.000000
1014.000000
230.000000
488.000000
1229.000000
489.000000
794.000000
762.000000
29.000000
611.000000
430.000000
423.000000
120.000000
599.000000
958.000000
207.000000
442.000000
1339.000000
229.000000
111.000000
601.000000
521.000000
226.000000
1208.000000
266.000000
443.000000
209.000000
1315.000000
513.000000
559.000000
424.000000
942.000000
251.000000
211.000000
548.000000
1270.000000
864.000000
90.000000
1301.000000
667.000000
576.000000
1271.000000
425.000000
621.000000
800.000000
322.000000
49.000000
844.000000
803.000000
136.000000
299.000000
643.000000
195.000000
256.000000
1294.000000
92.000000
1290.000000
178.000000
604.000000
1211.000000
170.000000
520.000000
508.000000
962.000000
1320.000000
1333.000000
885.000000
198.000000
230.000000
568.000000
309.000000
959.000000
309.000000
934.000000
180.000000
1003.000000
627.000000
611.000000
278.000000
1271.000000
1335.000000
