0.046096
0.049139
0.077307
0.043855
0.054807
0.025437
0.044076
0.049134
0.032538
0.045310
0.027191
0.049081
0.041789
0.039465
0.042193
0.044424
0.030490
0.031748
0.037433
0.048852
0.039405
0.030832
0.024272
0.045069
0.037866
0.048472
0.039231
0.036331
0.032113
0.046060
0.039536
0.036539
0.015612
0.047309
0.045626
0.043145
0.033867
0.039445
0.031761
0.045594
0.035929
0.042612
0.022349
0.034571
0.036167
0.035168
0.027924
0.033980
0.033736
0.050899
0.029583
0.032667
0.040368
0.072568
0.031281
0.029827
0.020523
0.043449
0.008528
0.035816
0.029830
0.052407
0.016863
0.040485
0.046757
0.048774
0.022761
0.044425
0.034870
0.033757
0.028103
0.045550
0.036186
0.045847
0.027608
0.031715
0.032261
0.034941
0.048194
0.023390
0.031257
0.049588
0.024945
0.026271
0.021925
0.022832
0.030827
0.017662
0.018751
0.017662
0.018360
0.011452
0.017662
0.020646
0.043287
0.027088
0.028634
0.039060
0.037948
0.040368
