0.001308
0.002563
0.007667
0.002252
0.006472
0.003093
0.005787
0.000933
0.002249
0.000434
0.006597
0.005649
0.007077
0.006727
0.006914
0.000987
0.009834
0.002460
0.001934
0.006273
0.002691
0.003962
0.003169
0.001054
0.003284
0.008563
0.005660
0.006375
0.000811
0.002802
0.002871
0.004291
0.004945
0.003477
0.002908
0.003992
0.007703
0.004753
0.001952
0.000605
0.001497
0.007909
0.002495
0.004112
0.002957
0.002610
0.001492
0.002954
0.000962
0.008481
0.002740
0.003242
0.001700
0.004923
0.004979
0.003212
0.002820
0.007405
0.001081
0.007140
0.005219
0.001304
0.003615
0.002673
0.006438
0.003788
0.002313
0.008683
0.001964
0.001079
0.001431
0.004914
0.006625
0.009834
0.004485
0.009834
0.004785
0.003592
0.001809
0.000983
0.000912
0.003378
0.005916
0.005203
0.005233
0.007319
0.001103
0.006438
0.001029
0.001084
0.002897
0.003219
0.001279
0.002451
0.004709
0.000895
0.003533
0.002908
0.006761
0.003513
