-0.392254
-0.520778
-0.550042
-1.264390
-0.466012
-0.776736
-0.732946
-0.537870
-0.552204
-0.016406
-0.447051
-0.147794
-0.197992
-0.633212
-0.710379
-0.141897
-0.218623
-0.063289
0.554349
0.312001
0.521483
0.223194
0.718024
0.198591
0.579993
0.348469
0.455582
0.444123
0.243203
1.746456
1.431360
1.760448
1.279428
1.320253
0.400856
3.166055
1.095636
1.368782
1.278496
1.664462
0.835597
0.929254
0.864734
0.555243
1.207931
0.897868
1.121184
1.218818
2.632879
1.678570
1.717285
1.050393
1.606014
1.000063
1.258911
1.405459
0.886782
1.432767
1.194183
1.469784
2.784608
1.299574
1.120473
1.073865
1.510918
1.622664
2.021411
1.738861
2.418302
2.165909
2.209422
2.068630
2.946645
1.923994
2.179478
1.721669
2.453073
2.270257
2.027685
1.440716
1.788006
2.689370
2.395575
3.644332
2.900802
2.871707
3.055549
3.116171
3.381769
3.116171
3.010667
3.292204
3.116171
2.791803
3.119335
3.329139
4.170508
3.751848
0.163047
1.606014
