0.794383
1.548500
0.815914
0.864421
0.238459
0.551054
0.090351
0.197436
0.123404
0.952438
0.538683
0.872954
0.000000
0.852289
0.354322
0.240822
0.375307
0.359607
0.240077
1.583880
0.403306
0.152131
0.449987
0.454108
0.102979
0.200956
0.166068
0.182454
0.794764
0.360717
0.099615
0.070577
0.352121
0.577625
0.189808
0.000000
0.334678
0.271155
0.237329
0.185615
0.562552
1.228409
0.529975
0.342194
0.324885
0.485426
0.187560
0.091394
0.101455
0.206312
0.519732
1.037456
0.231447
0.336105
1.795145
0.354410
0.656038
0.220953
0.462305
0.296897
0.331069
0.225382
0.731506
0.506871
0.199903
0.132384
0.196808
0.351811
0.557281
0.592737
0.106308
0.054941
0.227216
0.356736
0.750017
0.371271
0.087791
0.082555
0.092080
0.203050
0.477559
0.555882
0.482783
0.084310
0.285126
0.296571
0.153801
0.326999
0.745107
0.326999
0.456195
0.491775
0.326999
0.193907
0.254415
0.557480
0.089422
0.415612
0.168291
0.231447
