0.077307
0.043778
0.052616
0.043855
0.049139
0.048737
0.049134
0.030530
0.058769
0.039555
0.049081
0.039465
0.042193
0.044062
0.030490
0.027191
0.038190
0.045310
0.032737
0.030832
0.038593
0.048429
0.039405
0.037433
0.040877
0.028491
0.039231
0.029465
0.048105
0.049332
0.035929
0.037992
0.035333
0.039445
0.040325
0.039331
0.063561
0.041992
0.045626
0.033469
0.036500
0.036539
0.042612
0.016812
0.033867
0.047659
0.015612
0.020523
0.072568
0.049368
0.033980
0.032667
0.029830
0.033736
0.016026
0.031392
0.035456
0.042984
0.042257
0.046036
0.050899
0.036093
0.048495
0.022494
0.035816
0.037975
0.048774
0.030617
0.030957
0.032487
0.044425
0.038253
0.039964
0.034941
0.022776
0.024393
0.036423
0.024945
0.048194
0.019278
0.039026
0.070625
0.013695
0.022832
0.056426
0.047443
0.023226
0.018360
0.036398
0.017662
0.017662
0.050502
0.011452
0.003971
0.020646
0.028634
0.024759
0.039060
0.039445
0.039964
