0.013091
0.007916
0.006052
0.001556
0.000541
0.004823
0.010224
0.010926
0.000642
0.010641
0.010007
0.012233
0.000817
0.009414
0.009532
0.013724
0.001171
0.001040
0.009800
0.012624
0.001230
0.001157
0.009000
0.010169
0.010196
0.009342
0.007138
0.001198
0.001124
0.011380
0.001237
0.000824
0.000861
0.013486
0.001356
0.001228
0.001563
0.000980
0.000913
0.000631
0.012066
0.009657
0.001108
0.010885
0.012559
0.009361
0.001066
0.001739
0.000780
0.013050
0.010265
0.000675
0.001085
0.000367
0.000948
0.010774
0.015856
0.011312
0.001470
0.006414
0.000761
0.009339
0.000649
0.006640
0.012850
0.000947
0.001297
0.016596
0.001381
0.000718
0.003650
0.010591
0.000440
0.010153
0.014218
0.007642
0.000512
0.001504
0.007279
0.012071
0.009790
0.008083
0.001157
0.001662
0.013372
0.004924
0.001545
0.000405
0.004775
0.000405
0.006935
0.000405
0.000996
0.010066
0.001397
0.001711
0.001476
0.000832
0.000165
0.000541
