0.032538
0.042583
0.050950
0.025437
0.049134
0.043778
0.015899
0.077307
0.049139
0.037773
0.037472
0.042193
0.041789
0.049081
0.044062
0.045310
0.038190
0.044424
0.041841
0.035675
0.039231
0.038593
0.049332
0.024360
0.037450
0.048429
0.040877
0.032737
0.039258
0.045069
0.041416
0.031761
0.048581
0.039445
0.035168
0.037992
0.063561
0.036500
0.016812
0.036539
0.045626
0.045594
0.043145
0.029565
0.035333
0.045924
0.047659
0.047590
0.046435
0.046757
0.039815
0.052309
0.050899
0.035516
0.034956
0.031281
0.043449
0.029827
0.046144
0.046036
0.042257
0.035816
0.033736
0.020523
0.040368
0.036186
0.032487
0.031797
0.038253
0.028103
0.033757
0.022363
0.034349
0.014166
0.070625
0.039026
0.020249
0.045847
0.048194
0.036423
0.049588
0.031715
0.024393
0.022832
0.063415
0.018111
0.028552
0.018360
0.011452
0.017662
0.017662
0.018751
0.034328
0.008482
0.000688
0.027088
0.024759
0.028231
0.031538
0.045847
