-59.533700
-58.352200
-55.517900
-60.551600
-58.292900
-56.339100
-57.464100
-61.443700
-56.615000
-58.953800
-57.784000
-57.728500
-58.816000
-57.262200
-56.068600
-56.399000
-59.245600
-60.722600
-57.757000
-57.524800
-58.151700
-56.062500
-56.090000
-58.159400
-56.389800
-55.000800
-58.573000
-56.608400
-58.556100
-56.869300
-57.476400
-56.301900
-59.886600
-56.285200
-58.240400
-57.717900
-59.256800
-56.646300
-55.215500
-56.492500
-55.717800
-54.382700
-56.213400
-57.926600
-57.037500
-58.798600
-56.821800
-58.309400
-61.348400
-58.981800
-59.335400
-58.297300
-58.208800
-60.490200
-55.468800
-58.483100
-58.209000
-54.881000
-57.923400
-56.919800
-58.959300
-57.096600
-57.046300
-54.770900
-55.788400
-58.233800
-58.984500
-57.230800
-57.542800
-57.560900
-56.444000
-57.726300
-55.991000
-59.253000
-58.144700
-54.735600
-58.141400
-57.480700
-57.622400
-56.446500
-54.604500
-57.480700
-59.091100
-56.764200
-58.859800
-55.476400
-59.118400
-58.020700
-57.764800
-57.705800
-58.020700
-57.764800
-57.035200
-55.311600
-56.618600
-55.343200
-58.261200
-56.459300
-58.144700
-58.744300
