0.013091
0.000971
0.001096
0.001556
0.009837
0.000541
0.000592
0.000875
0.000929
0.011211
0.013730
0.000993
0.001070
0.012233
0.011528
0.000817
0.001031
0.009414
0.009800
0.001198
0.012124
0.001124
0.010196
0.010519
0.012624
0.007354
0.001090
0.001230
0.008949
0.004637
0.010674
0.001563
0.001066
0.012559
0.000631
0.001024
0.001450
0.001074
0.010084
0.001258
0.013486
0.007194
0.009303
0.000918
0.008710
0.000165
0.011888
0.010626
0.010311
0.013050
0.005279
0.011312
0.012850
0.010774
0.015421
0.001076
0.000696
0.001085
0.000367
0.000949
0.000649
0.001148
0.000948
0.000830
0.006640
0.001031
0.001159
0.013389
0.003650
0.008786
0.001144
0.000947
0.013934
0.007642
0.009790
0.000885
0.012071
0.009152
0.010153
0.007279
0.007988
0.009152
0.001361
0.000628
0.010203
0.000401
0.004924
0.000953
0.000405
0.000996
0.000953
0.000405
0.007919
0.000372
0.005936
0.001711
0.009869
0.000832
0.009790
0.001376
