0.163143
0.036901
0.159500
0.235087
0.134614
0.155290
0.270877
0.164694
0.183954
0.161680
0.149091
0.182944
0.146116
0.148956
0.233088
0.171093
0.201810
0.211983
0.178530
0.111869
0.206192
0.222205
0.160524
0.205315
0.205416
0.174312
0.234046
0.238944
0.186541
0.147321
0.179124
0.204617
0.238566
0.195592
0.180054
0.169365
0.188346
0.163289
0.230775
0.214067
0.293393
0.175653
0.181688
0.146514
0.129921
0.221182
0.209732
0.231387
0.148739
0.249851
0.223610
0.195859
0.230148
0.198369
0.195508
0.248675
0.193985
0.168070
0.181640
0.208128
0.267334
0.213293
0.205287
0.207565
0.234018
0.214025
0.252261
0.236506
0.256725
0.229657
0.210099
0.180453
0.228958
0.170631
0.275473
0.206136
0.211527
0.244279
0.146283
0.220170
0.331394
0.160107
0.203173
0.269015
0.338173
0.264215
0.267014
0.261319
0.267969
0.261265
0.249866
0.176148
0.249149
0.271824
0.269923
0.300513
0.289875
0.261304
0.192648
0.331394
