0.004414
0.001757
0.000805
0.004861
0.004192
0.004291
0.000895
0.001952
0.008683
0.004334
0.009834
0.004208
0.004945
0.000768
0.001103
0.003839
0.000985
0.003513
0.002460
0.003887
0.004697
0.005787
0.002038
0.003167
0.002337
0.004488
0.003093
0.000829
0.004119
0.003903
0.003354
0.001492
0.001657
0.002249
0.004979
0.007703
0.003962
0.006738
0.000811
0.000434
0.003592
0.002939
0.005188
0.000680
0.003212
0.001029
0.001081
0.001735
0.003477
0.002419
0.003219
0.000912
0.007666
0.006539
0.006126
0.005660
0.002451
0.002090
0.006761
0.003310
0.004745
0.006060
0.004923
0.002238
0.003376
0.005663
0.002802
0.000947
0.007140
0.002610
0.006814
0.001102
0.001013
0.004785
0.004931
0.004664
0.005203
0.002673
0.006056
0.002711
0.002954
0.006438
0.004861
0.003048
0.001308
0.002140
0.007667
0.003400
0.002009
0.002896
0.005539
0.000934
0.002563
0.005649
0.007909
0.001971
0.006084
0.003953
0.004560
0.005193
