-0.776736
-0.552204
-0.466012
-0.665826
-0.575323
-0.732946
-0.469522
-0.969374
-1.008793
-0.016406
0.092983
-0.146377
-0.141897
0.085040
0.143108
0.080978
0.001278
-0.147794
0.413820
0.223194
0.554653
0.312001
0.689292
0.142356
0.423549
0.346107
0.243203
0.599754
0.695316
0.198591
3.166055
0.678516
0.684213
0.897868
0.929254
0.501853
1.156987
0.555243
1.121184
1.095636
1.177930
0.527643
0.733581
0.625505
0.400856
1.383987
1.082841
1.606014
1.291533
1.357473
1.276581
1.859847
1.050393
1.299574
1.717285
1.444827
1.539816
1.073865
1.126520
1.405459
1.232227
2.632879
2.784608
1.569786
1.510918
2.328027
2.068630
1.229439
1.428813
2.633736
2.021411
1.759988
1.569148
1.721669
2.179478
2.395575
2.453073
1.988700
1.788006
1.748354
1.786361
2.289613
2.492903
2.646078
2.399668
2.516878
2.871707
3.942129
3.116171
3.010667
2.289007
3.292204
3.381769
2.791803
2.583919
3.186144
4.170508
3.751848
1.317612
1.786361
