0.770625
0.887928
0.431631
0.764274
0.533496
0.613854
0.548279
0.733800
1.199350
0.710446
0.802716
0.792789
0.391837
0.515750
0.748750
0.597808
0.655395
0.747414
0.629946
0.691397
0.497440
0.813395
0.845157
0.479149
0.533834
0.801517
0.800857
0.722432
0.697925
0.397150
0.566293
0.775702
0.836427
0.921642
0.986125
0.550586
0.671788
0.703476
0.613193
0.634003
0.716300
0.795519
0.719629
0.731563
0.488331
0.790571
0.784945
0.681380
0.871615
0.737116
0.688839
0.435333
0.738230
0.714793
0.635799
0.909076
0.594495
0.660265
0.292935
0.708161
0.655649
0.492508
0.934044
0.737601
0.474072
0.515469
1.081730
1.002000
0.456520
0.994288
0.643475
0.743812
0.877537
0.336454
0.502742
0.396148
0.826401
0.795001
0.753648
0.484620
1.226460
0.584407
0.759878
0.759276
0.543443
0.442529
0.414880
0.603754
0.533261
0.385039
0.385039
1.429880
0.948789
0.964616
0.860698
0.790499
0.670649
0.792337
0.648212
0.707563
