18.145300
54.091600
43.044500
63.591200
60.470600
48.241900
51.232700
51.194300
18.641000
53.495100
45.149400
38.732900
48.410200
56.800500
46.650400
26.644000
52.103300
51.533800
49.999800
49.211800
51.198300
51.096900
37.864500
50.501000
51.403400
48.257800
38.852100
49.561200
32.859600
25.591500
58.228500
51.638500
51.472900
57.857100
46.855900
50.360800
45.252800
39.573100
49.290700
47.813700
62.794100
54.019300
56.201300
60.268500
64.263300
65.405300
77.278600
32.975000
51.783300
60.816100
49.928600
31.348800
27.853400
57.320900
42.714600
29.155800
69.618800
61.704500
50.193600
52.057100
38.254000
39.583600
45.579900
48.093400
50.627100
25.521000
83.015900
50.288100
32.544600
50.514600
48.393000
53.541100
70.488100
65.802800
63.676700
36.049800
25.425400
29.286500
51.670900
68.298200
57.097100
44.511200
55.706600
34.516600
49.950500
66.175500
60.880600
71.620900
47.055100
61.953200
61.953200
48.669900
57.909200
61.287200
63.424600
63.847300
85.116300
38.980700
42.500600
54.368200
