49.521300
36.662000
52.792200
43.408400
12.820400
32.653900
32.025600
38.182900
29.048100
31.423500
42.462500
42.626000
39.043900
43.218600
44.032000
26.265900
41.136600
36.036600
23.516200
36.907900
34.208600
36.301700
32.490000
45.595400
36.262000
37.313600
39.293100
40.127200
32.444800
30.680000
34.336300
37.632500
37.506600
36.304600
66.224900
34.264500
35.693200
48.471100
35.405200
30.580600
40.985700
46.113300
32.381600
32.931200
42.949800
30.235500
42.316800
24.229100
50.100000
36.475500
26.146900
35.199100
28.189600
34.197200
38.589800
30.180800
46.455700
28.236500
36.038100
54.763600
32.307800
59.169300
47.372700
32.991400
44.094200
33.977600
46.892400
32.710600
46.862900
22.664200
41.001500
53.414800
45.727300
26.740700
26.749100
50.142300
42.881900
36.315900
47.206900
39.488000
45.699000
49.034100
49.089900
42.588000
39.481200
48.502100
46.352300
31.583900
48.412500
54.538300
54.538300
60.287300
34.792600
35.818400
48.304300
60.336800
35.947600
48.172300
34.952100
36.042600
