0.002688
0.006945
0.009046
0.008124
0.007169
0.006151
0.009109
0.009785
0.010233
0.009053
0.011172
0.006943
0.010711
0.008338
0.008076
0.010779
0.009221
0.009838
0.007646
0.008975
0.012606
0.010708
0.009076
0.011974
0.008963
0.011333
0.009540
0.009166
0.009788
0.011572
0.007175
0.007708
0.009391
0.007785
0.007958
0.010013
0.009775
0.012077
0.010218
0.006194
0.006143
0.004874
0.007195
0.008542
0.005687
0.009284
0.004951
0.009337
0.006097
0.010007
0.007535
0.005809
0.008793
0.006257
0.010041
0.001273
0.009727
0.009304
0.006810
0.010053
0.006003
0.007895
0.010045
0.006265
0.013643
0.008900
0.007221
0.006163
0.000834
0.006955
0.008467
0.007895
0.006709
0.012766
0.006761
0.006024
0.005129
0.010227
0.001688
0.003074
0.008393
0.006876
0.009194
0.004413
0.007660
0.006330
0.005368
0.003391
0.006696
0.002122
0.002122
0.003936
0.005208
0.004968
0.001174
0.009039
0.008212
0.001713
0.004924
0.010409
