0.075992
0.086856
0.073117
0.110732
0.094510
0.106711
0.113120
0.090832
0.100318
0.098683
0.092746
0.122837
0.122740
0.122829
0.083728
0.111489
0.096489
0.097204
0.079688
0.103592
0.107612
0.123167
0.130229
0.094575
0.106976
0.125992
0.097353
0.127762
0.092656
0.089920
0.129261
0.102979
0.125706
0.123620
0.093152
0.120409
0.118853
0.142560
0.174133
0.097717
0.107439
0.076345
0.104920
0.099860
0.120055
0.097202
0.117755
0.123627
0.185947
0.145187
0.109628
0.171120
0.105796
0.119259
0.145005
0.083783
0.169488
0.126259
0.121234
0.143312
0.103418
0.134088
0.145575
0.144092
0.131418
0.124307
0.092146
0.110924
0.074846
0.107315
0.113645
0.102882
0.113012
0.188191
0.136636
0.146239
0.150022
0.107167
0.084931
0.132607
0.120098
0.140549
0.111130
0.060144
0.163532
0.225372
0.153907
0.119885
0.161999
0.124080
0.124080
0.147850
0.146287
0.136304
0.123360
0.187720
0.175556
0.153837
0.109560
0.112145
