-0.120897
0.590085
0.826815
0.210870
1.100392
1.102857
0.673782
-0.829913
-0.280432
-0.360169
0.055905
1.105449
1.775647
0.994393
1.123858
0.067629
1.627848
0.369058
-0.409666
0.880827
-0.048682
0.806873
-0.004321
0.277312
-0.680217
-0.083040
0.348249
0.306678
0.272776
0.139380
-0.454473
-0.621712
-0.007075
0.646303
-0.403464
0.141989
-0.525729
-0.008591
0.376336
0.891062
0.718144
-0.027709
0.191053
0.446005
0.304811
-0.105641
0.347056
-0.060163
-0.243234
1.008929
0.361294
0.422252
-0.013572
0.529227
0.673372
0.463532
0.615556
-0.474811
-0.159457
0.610869
-0.093438
0.270990
0.306064
1.877733
-0.182551
-0.259168
0.127773
0.232138
0.838745
0.581362
-0.193315
0.514740
0.080195
0.167502
0.537064
-0.218070
0.166625
-0.043227
0.665019
0.031128
0.276978
0.884514
0.021569
0.130047
0.217415
0.269347
0.193237
-0.289241
-0.250009
0.376854
0.376854
0.656081
-0.112487
-0.055080
-0.238936
-0.069035
-0.191686
-0.103141
0.043059
0.549579
