0.161861
0.169077
0.235087
0.036901
0.258877
0.163143
0.134614
0.159500
0.128097
0.181358
0.233088
0.201810
0.236351
0.163255
0.193692
0.211983
0.161680
0.129274
0.134872
0.206835
0.186819
0.164652
0.200049
0.191805
0.234046
0.185284
0.220027
0.232870
0.201690
0.111869
0.221315
0.169365
0.180054
0.215517
0.234311
0.221182
0.191377
0.178097
0.133947
0.230775
0.195821
0.146514
0.145345
0.238566
0.221608
0.188346
0.209732
0.230148
0.174410
0.187922
0.249851
0.223610
0.208128
0.211671
0.203949
0.144292
0.158764
0.176934
0.215310
0.148156
0.234018
0.213293
0.195508
0.249020
0.228678
0.233550
0.256725
0.252261
0.308398
0.229657
0.145350
0.170406
0.176766
0.170631
0.213285
0.275473
0.160107
0.214867
0.244279
0.220170
0.146283
0.268047
0.203173
0.269015
0.233065
0.269588
0.264215
0.249866
0.261265
0.249149
0.261319
0.241011
0.261265
0.202685
0.360487
0.289875
0.300513
0.261304
0.229657
0.161861
