0.007916
0.001062
0.011251
0.000642
0.001556
0.000854
0.010224
0.008849
0.004823
0.011211
0.013724
0.000967
0.013730
0.001031
0.012233
0.001171
0.001040
0.000817
0.012219
0.012624
0.001198
0.001001
0.012611
0.011380
0.008949
0.008025
0.014135
0.000615
0.000858
0.004637
0.001099
0.001125
0.001356
0.000980
0.010674
0.011888
0.000824
0.000981
0.000165
0.001066
0.011765
0.000631
0.001563
0.003886
0.012066
0.009657
0.001024
0.000367
0.023045
0.001606
0.015421
0.011312
0.001076
0.000830
0.000972
0.001810
0.001325
0.001148
0.001470
0.015856
0.000948
0.000918
0.013050
0.001085
0.006640
0.008661
0.013389
0.001297
0.000958
0.001144
0.000607
0.001159
0.001033
0.007642
0.008083
0.013994
0.009513
0.009790
0.008409
0.014218
0.010153
0.007279
0.000789
0.001545
0.001662
0.011274
0.004924
0.007919
0.000953
0.006935
0.007919
0.000996
0.000953
0.000372
0.001631
0.001476
0.009869
0.000832
0.001144
0.007916
