0.074683
0.113634
0.111747
0.090832
0.092801
0.113120
0.171525
0.097175
0.110732
0.122829
0.063839
0.096489
0.112891
0.086169
0.112145
0.103260
0.108701
0.104543
0.160091
0.084240
0.123167
0.092656
0.093529
0.111692
0.099271
0.090098
0.124585
0.097759
0.139255
0.115121
0.174133
0.111080
0.076345
0.101552
0.099860
0.117755
0.121019
0.125706
0.138017
0.097717
0.119861
0.129261
0.120055
0.131414
0.093152
0.144277
0.097202
0.083783
0.105796
0.159150
0.145005
0.171875
0.109492
0.159545
0.121002
0.119259
0.118767
0.171120
0.123627
0.121234
0.169488
0.109628
0.133348
0.109560
0.144020
0.102882
0.124307
0.108836
0.074846
0.113999
0.139778
0.110924
0.108543
0.146239
0.136636
0.196372
0.120139
0.150022
0.107167
0.092693
0.120098
0.188191
0.065718
0.181279
0.060144
0.090407
0.167193
0.140418
0.161999
0.161999
0.124080
0.119885
0.147850
0.183054
0.136304
0.138024
0.175556
0.138138
0.108836
0.105796
