-58.921900
-58.061700
-56.615000
-57.800800
-56.339100
-56.768000
-55.517900
-59.417700
-57.464100
-57.120600
-56.068600
-57.987200
-57.728500
-55.891100
-57.262200
-58.418600
-60.722600
-55.938500
-54.826300
-56.438000
-59.927000
-56.608400
-54.100400
-56.062500
-56.869300
-56.920600
-56.389800
-56.090000
-55.535200
-56.391200
-55.257600
-56.492500
-59.893000
-54.420600
-57.914200
-59.038500
-59.256800
-58.306100
-58.181700
-58.240400
-56.239600
-55.923600
-56.430600
-57.858000
-55.717800
-56.301900
-57.926600
-55.591500
-56.705000
-55.468800
-59.335400
-55.502000
-58.959300
-57.588100
-56.928300
-59.063200
-58.380400
-55.788400
-56.182700
-56.528000
-56.890600
-58.104700
-57.096600
-58.138400
-54.881000
-56.444000
-58.663800
-57.230800
-57.726300
-58.984500
-55.991000
-58.998400
-57.542800
-54.735600
-58.914800
-59.279100
-58.144700
-55.840500
-56.446500
-56.900700
-54.604500
-56.031700
-57.681100
-58.859800
-56.764200
-55.213900
-55.476400
-58.020700
-57.764800
-57.764800
-54.927400
-57.764800
-56.149900
-56.618600
-59.639000
-58.261200
-55.053200
-56.459300
-56.444000
-58.663800
