0.008124
0.002688
0.009785
0.009404
0.012124
0.006945
0.007169
0.009109
0.009046
0.008847
0.010470
0.008574
0.008030
0.009221
0.006943
0.007262
0.010409
0.009838
0.012606
0.009713
0.008109
0.008020
0.009540
0.010708
0.011471
0.008975
0.010145
0.008939
0.007901
0.010344
0.008423
0.007403
0.008858
0.010202
0.010013
0.007785
0.007460
0.008542
0.007305
0.008505
0.006143
0.010501
0.008728
0.004177
0.007038
0.005687
0.009284
0.010053
0.006257
0.008793
0.010041
0.008481
0.004988
0.007535
0.004049
0.006810
0.009304
0.006708
0.008223
0.001273
0.009167
0.007325
0.008889
0.010832
0.013643
0.007895
0.002753
0.000834
0.005772
0.011329
0.006709
0.006718
0.007221
0.003711
0.007597
0.006024
0.005877
0.006761
0.010227
0.010534
0.008408
0.002674
0.001688
0.007660
0.008271
0.003637
0.006330
0.002122
0.006696
0.006696
0.005920
0.006696
0.003391
0.007536
0.005689
0.003806
0.008212
0.001713
0.007895
0.002753
