0.110732
0.075992
0.090832
0.113634
0.092801
0.086856
0.094510
0.113120
0.073117
0.103260
0.099648
0.104543
0.112891
0.096489
0.122837
0.095379
0.112145
0.097204
0.107612
0.111264
0.116514
0.093529
0.097353
0.123167
0.150570
0.103592
0.099271
0.102552
0.071439
0.118599
0.086703
0.095252
0.116151
0.092138
0.120409
0.123620
0.129576
0.099860
0.144277
0.131414
0.107439
0.105033
0.119861
0.101552
0.082425
0.120055
0.097202
0.143312
0.119259
0.105796
0.145005
0.113272
0.199406
0.109628
0.084170
0.121234
0.126259
0.060880
0.145857
0.083783
0.118767
0.146692
0.114051
0.159150
0.131418
0.102882
0.101337
0.074846
0.111137
0.146600
0.113012
0.139778
0.092146
0.129073
0.120139
0.146239
0.116278
0.136636
0.107167
0.196372
0.130156
0.092693
0.084931
0.163532
0.171190
0.164476
0.225372
0.124080
0.161999
0.161999
0.140418
0.161999
0.119885
0.163182
0.138261
0.138024
0.175556
0.153837
0.102882
0.101337
