-0.466012
-0.552204
-1.008793
-0.520778
-0.438779
-1.050781
-0.902808
-0.575323
-0.389962
0.092983
0.085040
-0.633212
-0.141897
-0.016406
0.166873
0.140084
-0.218623
0.188820
0.423549
0.994160
0.599754
0.455582
0.404228
1.746456
0.223194
0.554653
0.705726
1.104093
0.312001
0.521483
0.684213
1.095636
1.150798
1.124122
0.897868
1.177930
1.368782
1.207931
1.004733
0.625505
0.733581
0.527643
3.166055
0.400856
1.073567
1.053551
1.290429
2.807208
1.678570
1.357473
0.886782
1.126520
1.432767
1.232227
0.920584
1.444827
2.632879
1.120473
1.655208
1.291533
2.055845
1.859847
2.212256
1.569786
1.480845
2.633736
1.430171
1.428813
1.622664
2.165909
1.738861
2.043737
1.569148
1.923994
2.239467
2.430654
2.270257
2.689370
2.407766
2.289613
2.453073
2.492903
1.748354
2.900802
2.529874
3.503873
1.835416
3.010667
3.116171
3.116171
3.381769
3.116171
2.825028
2.791803
2.979332
3.186144
4.170508
3.751848
2.633736
1.430171
