0.210870
-0.120897
-0.829913
1.399941
0.622450
0.590085
1.100392
0.673782
0.826815
1.138805
-0.194084
1.136037
1.316243
1.627848
1.105449
-0.225930
0.549579
0.369058
-0.048682
0.746560
-0.542966
0.038304
0.348249
0.806873
0.285711
0.880827
-0.368164
-0.298661
0.414901
0.513791
0.384523
0.693557
0.124505
-0.413929
0.141989
0.646303
-0.126043
0.446005
0.357134
0.305419
0.718144
0.602426
-1.129666
0.428249
-0.432909
0.304811
-0.105641
0.610869
0.529227
-0.013572
0.673372
1.009143
0.250469
0.361294
0.274888
-0.159457
-0.474811
0.324373
-0.001780
0.463532
-0.336706
0.302335
-0.370728
-0.281508
-0.182551
0.514740
-0.121593
0.838745
0.104804
0.063889
0.080195
0.481959
0.127773
2.232083
-0.335912
-0.218070
-0.359993
0.537064
-0.043227
0.442581
-0.087644
0.168257
0.665019
0.217415
0.693477
0.496309
0.269347
0.376854
-0.250009
-0.250009
0.628067
-0.250009
-0.289241
-0.207791
-0.260360
-0.113292
-0.191686
-0.103141
0.514740
-0.121593
