54.824400
55.384700
43.044500
51.082500
51.232700
51.418600
60.470600
38.841700
18.641000
48.410200
56.426200
20.449900
51.533800
53.010800
26.644000
54.368200
56.800500
53.495100
68.881400
48.257800
57.658400
32.859600
67.387500
51.926900
30.562300
67.934500
51.198300
54.746100
51.403400
64.004300
61.627700
51.638500
110.872000
51.867900
58.228500
49.290700
43.912600
39.573100
72.473700
45.252800
66.990200
47.782800
47.813700
62.794100
30.943800
56.201300
30.161800
46.088700
53.508500
31.646100
42.500600
52.057100
42.714600
49.928600
54.429700
26.948000
59.653400
59.219100
56.101800
58.804500
50.193600
29.155800
60.816100
51.783300
57.320900
53.347100
70.488100
54.530300
40.337400
39.763100
40.525500
32.544600
25.521000
63.030100
44.511200
56.897400
36.049800
63.676700
66.515100
55.706600
13.070300
14.747700
44.511200
40.696400
49.950500
74.445300
34.516600
57.909200
36.623500
71.620900
47.055100
61.953200
61.953200
39.298300
84.858200
32.917200
63.847300
38.980700
49.897600
63.062700
