0.192658
0.235087
0.201649
0.164694
0.134614
0.143029
0.115043
0.165796
0.210238
0.129274
0.236351
0.186572
0.194663
0.146116
0.233088
0.175710
0.211983
0.158258
0.111869
0.164652
0.238944
0.183750
0.232870
0.168722
0.174312
0.168477
0.205416
0.205315
0.134872
0.201690
0.179124
0.190411
0.204617
0.161376
0.221182
0.180054
0.238566
0.235237
0.192648
0.159926
0.209732
0.178097
0.236617
0.181688
0.175653
0.230775
0.307796
0.176519
0.158764
0.198369
0.195508
0.232016
0.229120
0.267334
0.176934
0.233996
0.174410
0.195859
0.205287
0.211671
0.248675
0.148739
0.223610
0.144292
0.193320
0.236506
0.186506
0.180453
0.174550
0.217772
0.223761
0.256725
0.233550
0.213285
0.206136
0.214867
0.213916
0.275949
0.183075
0.199295
0.244279
0.146283
0.206136
0.254793
0.236267
0.267014
0.338173
0.241011
0.249149
0.245675
0.267969
0.261265
0.261265
0.271824
0.236606
0.300513
0.237393
0.261304
0.169872
0.155290
