1033.000000
582.000000
1335.000000
404.000000
816.000000
885.000000
789.000000
1002.000000
662.000000
759.000000
192.000000
890.000000
712.000000
423.000000
778.000000
1024.000000
757.000000
1013.000000
284.000000
445.000000
124.000000
1104.000000
989.000000
1032.000000
125.000000
436.000000
611.000000
111.000000
464.000000
253.000000
396.000000
17.000000
958.000000
120.000000
442.000000
1315.000000
542.000000
521.000000
497.000000
10.000000
1339.000000
599.000000
804.000000
1247.000000
601.000000
207.000000
294.000000
211.000000
651.000000
889.000000
214.000000
800.000000
616.000000
548.000000
7.000000
559.000000
298.000000
576.000000
119.000000
191.000000
251.000000
621.000000
1198.000000
1301.000000
1242.000000
847.000000
844.000000
509.000000
803.000000
769.000000
15.000000
618.000000
136.000000
92.000000
938.000000
88.000000
508.000000
1193.000000
995.000000
171.000000
188.000000
1294.000000
938.000000
242.000000
210.000000
1247.000000
597.000000
845.000000
1180.000000
230.000000
309.000000
1181.000000
1181.000000
280.000000
281.000000
266.000000
627.000000
593.000000
12.000000
582.000000
