0.116018
0.106711
0.171525
0.097175
0.102077
0.075992
0.092705
0.110732
0.111747
0.092746
0.104543
0.122829
0.122740
0.122837
0.099648
0.086169
0.115079
0.112145
0.123167
0.130229
0.116514
0.084240
0.089920
0.097353
0.115121
0.139255
0.103873
0.120299
0.097759
0.111264
0.120055
0.080924
0.131414
0.174133
0.082425
0.106811
0.125706
0.116151
0.097294
0.123620
0.101552
0.135558
0.092138
0.117755
0.162182
0.110632
0.107439
0.106529
0.114051
0.171120
0.133348
0.159545
0.105796
0.093381
0.103418
0.137742
0.145187
0.146692
0.145005
0.084170
0.145575
0.145857
0.144092
0.113272
0.143312
0.102882
0.107315
0.107105
0.139778
0.166878
0.099128
0.126078
0.108836
0.196372
0.092693
0.136636
0.107167
0.084931
0.120098
0.132607
0.120139
0.140549
0.111130
0.167193
0.116243
0.104895
0.158449
0.124080
0.119885
0.132056
0.161999
0.146287
0.161999
0.138261
0.183054
0.138024
0.175556
0.153837
0.122837
0.129261
