0.008046
0.035069
0.001819
0.003117
0.007058
0.101678
0.078289
0.006567
0.045289
0.038574
0.010628
0.008440
0.000029
0.024434
0.038954
0.008368
0.002357
0.003924
0.056010
0.058299
0.002398
0.091901
0.084796
0.011090
0.089942
0.053019
0.003164
0.019493
0.025554
0.134909
0.491005
0.035689
0.251045
0.028873
0.078218
0.183240
0.116861
0.017572
1.463893
0.107476
0.088421
0.099513
0.434733
0.010234
0.103163
0.030712
0.023484
0.145120
0.081813
0.013242
0.249126
0.029752
0.083835
0.120633
0.272752
0.096798
0.025394
0.055903
0.020219
0.091263
0.205215
0.010546
0.591668
0.184023
0.165029
0.085280
0.949667
0.057091
0.699714
0.075706
0.271127
0.682939
0.108706
0.702836
0.011939
0.252829
0.126786
0.168988
0.232503
0.324132
0.784898
0.722032
0.007892
0.220490
2.047195
1.342911
0.534361
0.890452
0.932173
0.762349
3.974983
0.239384
1.854881
2.091044
0.156417
10.302220
0.077403
6.143106
0.024434
0.098452
