0.197436
1.429099
0.815914
0.678953
0.401877
0.123404
0.678470
0.238459
0.293047
0.265111
0.852289
0.872954
0.432949
0.538433
0.421595
0.227193
0.079759
0.375307
0.360717
0.109984
0.000000
0.235101
0.065065
0.202567
0.182454
0.236578
0.226099
0.353473
0.430372
0.233031
0.117489
0.355689
0.207413
1.228409
0.347311
0.103169
0.237329
0.236863
0.359348
0.398584
0.189808
1.170670
0.279980
0.276453
0.352121
0.058558
0.297461
0.199903
0.203102
0.231447
1.037456
0.462305
0.139410
0.195196
0.542593
0.051684
1.329068
0.748523
0.656038
0.473259
0.124981
0.382642
1.795145
1.266268
0.684350
0.441096
0.328337
0.836254
0.686975
0.320510
0.253046
0.557281
0.196808
0.244489
0.624473
0.555882
0.105759
0.515208
1.128434
0.371271
0.093176
0.482783
0.203050
0.125343
0.103284
0.296571
0.084310
0.456195
0.080172
0.259688
0.326999
0.322937
0.326999
0.502013
0.379016
0.053291
0.089422
0.415612
0.538433
0.210109
