0.003069
0.002421
0.003540
0.000350
0.004090
0.000342
0.003167
0.000579
0.000216
0.005492
0.000469
0.004347
0.000316
0.000397
0.005274
0.003813
0.000441
0.000416
0.000492
0.004330
0.000369
0.003893
0.005654
0.005044
0.004552
0.003920
0.004078
0.000479
0.002942
0.004850
0.001561
0.000329
0.000345
0.001554
0.000353
0.000491
0.000393
0.000066
0.004827
0.000503
0.000426
0.000542
0.000440
0.000392
0.000409
0.000625
0.004755
0.000724
0.000304
0.004808
0.000530
0.000380
0.000270
0.000367
0.002111
0.004250
0.000278
0.000695
0.000147
0.000643
0.002565
0.002656
0.004125
0.000550
0.000459
0.000519
0.006639
0.000464
0.000176
0.000243
0.000402
0.000413
0.005574
0.000463
0.003805
0.000316
0.000544
0.004061
0.005687
0.000354
0.004474
0.000205
0.000602
0.001970
0.000253
0.000251
0.000310
0.003167
0.000381
0.000398
0.000162
0.002774
0.003168
0.000653
0.003892
0.000591
0.003948
0.002686
0.003167
0.004061
