50.448800
31.172100
43.408400
30.985100
32.025600
41.013700
36.662000
39.413900
36.353200
32.124900
43.218600
38.579300
31.783000
44.169200
42.462500
47.045400
33.748700
41.136600
44.640500
25.874000
26.225600
39.226900
28.941900
35.729500
39.154300
32.444800
34.096400
29.622400
45.595400
45.035600
51.813300
25.891100
26.181800
37.196500
36.632500
36.304600
37.294400
27.041600
42.316800
34.517400
32.381600
35.405200
33.632100
46.529400
37.727600
42.949800
34.336300
50.100000
36.038100
64.878200
37.145600
27.888800
50.748700
28.236500
38.589800
32.307800
47.372700
49.936400
44.075400
32.991400
34.197200
29.848200
35.199100
46.455700
38.037100
35.876200
41.993400
46.729100
44.827300
40.275000
48.968800
37.815400
45.727300
49.089900
38.469800
29.602700
37.142200
48.072200
47.206900
56.239100
50.142300
45.699000
26.749100
23.090000
40.176300
35.312300
46.352300
43.112900
54.538300
34.792600
48.412500
30.594300
41.907500
48.437200
35.818400
35.947600
47.771000
39.566100
43.112900
48.072200
