0.155290
0.169934
0.159500
0.223165
0.134614
0.163143
0.161861
0.197402
0.143029
0.236351
0.211983
0.149091
0.162913
0.146116
0.182944
0.186572
0.171093
0.161680
0.156346
0.238944
0.205315
0.168722
0.220027
0.200049
0.191805
0.183750
0.165570
0.186819
0.147321
0.193550
0.129921
0.191377
0.236229
0.238566
0.175653
0.293393
0.178097
0.133947
0.221608
0.214067
0.230775
0.180054
0.221315
0.215517
0.209732
0.145345
0.221182
0.144292
0.248675
0.173831
0.158764
0.205287
0.233996
0.213293
0.229120
0.193985
0.266967
0.198369
0.230148
0.187922
0.193320
0.228678
0.231387
0.153913
0.176934
0.252261
0.179312
0.170406
0.236506
0.145350
0.202113
0.174550
0.186506
0.199295
0.160107
0.203173
0.331394
0.146283
0.220170
0.183075
0.213916
0.208448
0.275949
0.264215
0.267014
0.288516
0.214774
0.249866
0.261265
0.241011
0.267969
0.249149
0.261319
0.360487
0.269923
0.289875
0.300513
0.326825
0.249866
0.146283
