-57.040700
-57.800800
-56.558100
-56.339100
-57.464100
-60.551600
-60.530300
-61.443700
-58.061700
-57.987200
-57.728500
-58.816000
-58.408500
-56.087000
-57.287000
-58.330300
-56.399000
-60.722600
-57.238700
-54.100400
-56.588000
-56.869300
-58.539800
-59.927000
-55.535200
-55.000800
-57.524800
-57.772900
-56.438000
-59.328000
-57.476400
-56.239600
-55.215500
-55.717800
-59.256800
-57.878100
-57.675600
-57.006100
-58.798600
-58.691500
-57.926600
-55.923600
-58.240400
-55.257600
-58.181700
-56.082200
-58.023000
-57.046300
-57.478900
-58.104700
-58.208800
-57.923400
-57.931900
-55.502000
-56.919800
-57.588100
-56.436300
-56.230100
-56.182700
-58.209000
-58.959300
-57.111500
-60.490200
-57.096600
-54.881000
-57.899400
-56.503800
-55.495700
-55.271600
-57.726300
-59.277500
-57.542800
-57.230800
-56.750400
-58.616700
-59.253000
-56.446500
-57.681100
-58.141400
-54.735600
-59.279100
-58.914800
-54.245600
-59.118400
-55.213900
-55.476400
-56.966100
-54.927400
-57.764800
-58.020700
-57.705800
-54.340500
-56.149900
-59.639000
-56.618600
-58.261200
-55.053200
-56.850000
-56.618600
-58.104700
