0.159330
0.391251
0.087284
0.198051
0.272104
0.251016
0.147159
0.167790
0.049070
0.380063
0.494508
0.117934
0.465809
0.190219
0.115429
0.231814
0.478040
0.253167
0.059223
0.230728
0.419027
0.095383
0.115167
0.054547
0.211422
0.220247
0.265694
0.177947
0.246250
0.105263
0.071394
0.196328
0.098204
0.161507
0.116690
0.293370
0.121292
0.143147
0.180902
0.093221
0.120858
0.285462
0.161345
0.255193
0.208164
0.219377
0.512005
0.133038
0.068309
0.202107
0.131857
0.132860
0.183264
0.240714
0.162939
0.172752
0.272227
0.084076
0.097833
0.200815
0.168523
0.279675
0.105995
0.112387
0.086029
0.177611
0.131564
0.166342
0.122501
0.084707
0.099786
0.088040
0.246789
0.293148
0.221326
0.061601
0.070341
0.273570
0.145110
0.232567
0.075126
0.065129
0.107238
0.052433
0.180216
0.083825
0.127511
0.208626
0.059551
0.182462
0.156552
0.124419
0.135254
0.072351
0.076089
0.068994
0.047835
0.153879
0.076089
0.202107
