51.082500
63.591200
52.210400
51.418600
35.753200
55.384700
60.470600
54.091600
67.863600
56.426200
26.644000
47.584100
46.650400
49.220500
52.103300
20.449900
53.010800
44.852700
49.211800
64.004300
25.591500
51.198300
43.933600
46.147600
47.605500
51.403400
37.864500
61.465800
45.684700
67.934500
28.071100
51.867900
61.627700
45.252800
40.966600
49.290700
54.019300
65.378500
56.201300
39.462100
46.855900
37.301300
44.184300
63.011500
50.866000
30.161800
49.897600
39.917100
58.804500
51.783300
38.254000
52.057100
31.646100
77.290300
50.193600
49.928600
54.429700
31.895400
53.508500
26.948000
29.155800
31.348800
69.618800
59.653400
23.949400
36.803300
48.393000
52.156500
54.530300
83.015900
50.514600
53.541100
37.980900
13.070300
86.582900
44.511200
66.515100
37.996500
44.511200
65.802800
63.030100
45.610600
68.298200
66.175500
66.752300
32.213200
69.861000
61.953200
56.193700
57.909200
47.055100
47.055100
43.107800
50.785800
39.298300
85.116300
32.917200
38.980700
39.298300
50.514600
