-0.499160
0.210870
1.016948
0.622450
1.077073
0.388063
1.100392
0.590085
-0.090432
0.933456
0.067629
-0.194084
1.123858
1.136037
1.627848
1.579743
1.316243
0.192669
0.880827
0.193219
0.139380
-0.048682
0.671445
-0.625879
0.098947
-0.680217
-0.004321
-0.270883
-0.955441
0.584655
0.440164
-0.031557
-1.129666
-0.525729
0.357134
0.376336
-0.027709
-0.432909
0.191053
-0.227499
-0.403464
-0.596847
0.124505
0.693557
0.645220
0.035467
-0.587773
0.324373
0.025141
-0.243234
-0.093438
0.610869
0.300986
-0.041698
-0.159457
0.361294
-0.370728
-0.281508
0.807236
-0.380388
0.463532
0.422252
0.615556
0.005950
0.124031
-0.192403
-0.193315
-0.168117
0.216937
0.127773
0.581362
0.514740
0.358218
-0.364206
0.168257
0.884514
2.232083
0.442581
0.884514
0.167502
-0.335912
1.016369
0.031128
0.269347
-0.320788
0.023222
-0.291892
0.376854
0.093974
-0.112487
-0.250009
-0.250009
0.323381
-0.260360
-0.207791
-0.191686
-0.113292
-0.103141
-0.207791
0.581362
