-0.280432
0.590085
0.622450
0.021573
1.016948
1.458619
1.399941
-0.829913
0.239021
0.067629
1.138805
0.177044
1.579743
1.316243
1.136037
0.549579
-0.194084
0.055905
-0.004321
0.682779
-0.625879
0.880827
0.277312
0.285711
0.193219
0.348249
-0.542966
0.038304
1.268351
0.139380
0.396485
0.446005
0.304811
-0.403464
0.305419
0.384523
-0.008591
-0.525729
-0.432909
-0.454473
-0.031557
-0.413929
-0.596847
0.693557
0.298023
-0.621712
0.428249
-0.112438
-0.143231
0.274888
0.610869
-0.474811
-0.194854
0.204357
-0.336706
0.673372
1.009143
0.300986
0.306064
-0.380388
-0.093438
1.008929
-0.370728
0.422252
1.877733
0.080195
0.104804
0.838745
0.283785
0.232138
0.581362
-0.269494
-0.259168
0.276978
0.167502
1.016369
0.442581
-0.364206
0.570374
0.031128
0.884514
0.665019
-0.087644
0.269347
0.130047
-0.222797
-0.320788
0.376854
-0.250009
-0.289241
0.093974
0.323381
-0.250009
0.538010
-0.207791
-0.191686
-0.113292
0.636413
0.570374
0.414901
