0.038216
0.002938
0.003380
0.015265
0.042458
0.001821
0.035331
0.006103
0.045289
0.005458
0.007383
0.029675
0.001253
0.008386
0.010628
0.003924
0.038954
0.038574
0.058299
0.025554
0.053019
0.010258
0.004955
0.039677
0.045662
0.011090
0.002398
0.082669
0.003164
0.084796
0.028144
0.001611
0.491005
0.563140
0.251045
0.009653
0.076284
0.120693
0.078218
0.098452
0.148512
0.434733
0.322152
0.018430
0.022316
0.571240
0.088421
0.372323
0.138738
0.091263
0.165029
0.306832
0.718967
0.064514
0.174747
0.020219
0.184023
0.159385
0.205215
0.096798
0.272752
0.025394
0.081813
0.013242
0.591668
0.019931
0.795341
0.115127
0.057091
0.050669
0.949667
0.138620
0.387989
0.232503
0.034057
0.421334
0.702836
0.916361
0.479386
0.324132
0.722032
0.168988
0.513671
0.109992
0.785407
0.534361
2.047195
1.279449
1.593705
0.932173
0.762349
0.694417
3.974983
0.156417
14.465038
0.077403
10.302220
16.053053
0.479386
0.010564
