0.013565
0.007916
0.000541
0.004823
0.001062
0.009837
0.001448
0.000929
0.010926
0.013724
0.010868
0.001031
0.009532
0.000993
0.000790
0.009414
0.011528
0.013185
0.012262
0.009733
0.011174
0.010457
0.007354
0.004637
0.000858
0.000921
0.010825
0.001230
0.009826
0.009000
0.000981
0.011765
0.001563
0.012559
0.000631
0.003886
0.001108
0.009361
0.013486
0.011888
0.007000
0.001099
0.008710
0.001258
0.001237
0.001074
0.003903
0.000949
0.005983
0.012019
0.010265
0.000918
0.010774
0.015856
0.000972
0.005279
0.015811
0.001739
0.000696
0.000675
0.010626
0.011312
0.001148
0.010311
0.001606
0.013934
0.000947
0.013389
0.000440
0.001033
0.008786
0.001031
0.008661
0.000512
0.013994
0.013171
0.009513
0.008409
0.010153
0.007642
0.009152
0.014218
0.007988
0.000401
0.000989
0.009648
0.004924
0.000953
0.000405
0.004775
0.007919
0.007919
0.000405
0.000739
0.005936
0.001476
0.009869
0.006714
0.010153
0.009342
