0.003380
0.006567
0.042458
0.101678
0.035069
0.015265
0.035331
0.003117
0.006103
0.010628
0.024434
0.007383
0.008386
0.038954
0.135486
0.002357
0.029675
0.003924
0.039987
0.010564
0.089942
0.201557
0.134988
0.039677
0.020708
0.053019
0.203111
0.011090
0.080742
0.091901
0.023484
0.028144
0.030712
0.072459
0.022316
0.178936
0.078218
0.018430
0.010126
0.183240
0.563140
0.103163
0.107476
0.120693
0.114450
0.001611
0.083763
0.020219
0.010546
0.118938
1.085921
0.272752
0.281916
0.013242
0.136339
0.184023
0.145120
0.303058
0.037454
0.399054
0.591668
0.765406
0.174747
0.014006
0.138738
0.011820
0.288369
0.348793
0.387989
0.084470
0.949667
0.075706
0.790167
0.535591
0.007892
0.784898
0.722032
0.513671
0.896909
0.034057
0.290639
0.702836
0.232503
0.252098
0.500157
0.785407
0.518327
0.239384
0.030822
1.279449
1.593705
0.694417
3.974983
7.621147
0.845302
10.302220
0.077403
6.143106
0.107476
14.465038
