0.000389
0.004249
0.000541
0.003167
0.003540
0.003069
0.000622
0.000438
0.000237
0.003098
0.005490
0.005274
0.003766
0.000469
0.000441
0.000413
0.000416
0.004256
0.004068
0.005050
0.004887
0.005044
0.003210
0.000463
0.000436
0.003600
0.003930
0.000343
0.000400
0.003580
0.000393
0.000440
0.004034
0.000392
0.000365
0.000252
0.004755
0.000503
0.001561
0.000625
0.000066
0.003744
0.003484
0.000429
0.000580
0.004827
0.000353
0.006168
0.004525
0.000379
0.000380
0.002656
0.000278
0.006324
0.000367
0.002568
0.000695
0.005220
0.006342
0.004808
0.000530
0.000389
0.004310
0.005140
0.003736
0.000402
0.003370
0.002621
0.000427
0.000176
0.000464
0.000355
0.003515
0.000602
0.005268
0.003661
0.000316
0.005598
0.000205
0.005687
0.004828
0.003661
0.002912
0.000310
0.000618
0.000665
0.003859
0.003168
0.000162
0.002774
0.000162
0.000162
0.003167
0.000296
0.003892
0.003948
0.000684
0.002686
0.000392
0.000379
