0.246202
0.125524
0.364224
0.303152
0.198940
0.147159
0.251016
0.356057
0.272104
0.511274
0.231814
0.190219
0.253167
0.372536
0.115429
0.202583
0.349586
0.067718
0.272591
0.093511
0.059223
0.246250
0.208686
0.079357
0.237407
0.278372
0.419027
0.105263
0.128636
0.061582
0.099051
0.084134
0.098204
0.093221
0.228526
0.161345
0.139075
0.251690
0.138373
0.105026
0.180902
0.144509
0.114485
0.055600
0.116690
0.186833
0.285462
0.103579
0.294214
0.133038
0.162939
0.206227
0.200815
0.240714
0.106653
0.172752
0.229095
0.172069
0.119972
0.184074
0.272227
0.115612
0.105995
0.131857
0.093268
0.078671
0.239164
0.130674
0.131564
0.177611
0.191189
0.166342
0.291010
0.204506
0.293148
0.315437
0.180883
0.180797
0.221326
0.273570
0.145110
0.315437
0.070341
0.142475
0.047410
0.180216
0.076672
0.246709
0.059551
0.208626
0.059551
0.059551
0.124419
0.200342
0.076452
0.068994
0.096234
0.153879
0.093221
0.133038
