0.004309
0.000972
0.004581
0.002276
0.006802
0.001453
0.000982
0.003233
0.001007
0.006973
0.001314
0.002208
0.001902
0.003642
0.006799
0.003793
0.002592
0.002966
0.000994
0.003514
0.001079
0.004993
0.001215
0.001189
0.009120
0.004207
0.007954
0.003582
0.000369
0.004858
0.000902
0.001997
0.001055
0.000972
0.001561
0.000322
0.004022
0.002057
0.000484
0.005498
0.001608
0.004207
0.001723
0.000959
0.006941
0.002301
0.000887
0.001953
0.007310
0.000960
0.005906
0.003785
0.005383
0.000796
0.001247
0.004207
0.003323
0.006576
0.001404
0.002197
0.006302
0.006583
0.001885
0.001073
0.002386
0.001152
0.003433
0.002420
0.000682
0.002942
0.002409
0.000966
0.007248
0.005979
0.002358
0.003056
0.000687
0.006478
0.002082
0.006249
0.003056
0.003449
0.008212
0.000439
0.003929
0.001002
0.007470
0.001786
0.004292
0.005904
0.004960
0.003120
0.002781
0.000894
0.001664
0.000731
0.001549
0.005606
0.012801
0.006574
