43.408400
36.353200
36.791700
39.785400
30.985100
9.967190
15.164900
50.448800
49.521300
35.494100
33.748700
38.579300
44.169200
44.032000
39.043900
47.045400
50.019100
31.783000
23.516200
36.301700
35.909300
35.726600
41.788900
25.874000
34.096400
34.208600
29.622400
53.970300
43.957000
45.035600
45.800500
35.693200
35.734200
44.496500
38.249900
48.471100
37.294400
66.224900
37.196500
34.336300
36.632500
39.415800
37.506600
40.985700
34.517400
30.235500
36.304600
32.327300
27.888800
32.307800
46.455700
64.878200
44.075400
29.848200
30.544100
28.189600
49.936400
36.038100
47.372700
30.685900
24.229100
28.236500
38.630500
36.109900
62.139600
31.606100
31.211800
33.977600
32.710600
40.275000
40.261100
41.001500
46.862900
48.072200
27.519700
26.749100
50.142300
46.626600
33.916100
40.937800
47.206900
38.469800
56.239100
33.997600
44.958000
40.176300
42.588000
48.412500
34.792600
60.287300
48.412500
41.907500
48.412500
35.818400
35.435700
47.771000
60.336800
48.172300
35.947600
42.588000
