0.147159
0.198051
0.391251
0.052822
0.159330
0.272104
0.246202
0.409691
0.339696
0.511274
0.282441
0.253167
0.372536
0.202583
0.349586
0.380063
0.289673
0.349344
0.272591
0.176292
0.159673
0.168281
0.185379
0.251893
0.272056
0.278372
0.208686
0.105263
0.189754
0.195891
0.255193
0.066775
0.084134
0.139075
0.181654
0.105026
0.182010
0.114485
0.141947
0.161507
0.161345
0.196328
0.093221
0.293370
0.228526
0.144509
0.143147
0.206227
0.106653
0.172752
0.068309
0.133038
0.100989
0.168523
0.240714
0.183264
0.112387
0.086029
0.072849
0.309438
0.279675
0.105995
0.093268
0.172069
0.200815
0.093182
0.122501
0.072776
0.098899
0.088040
0.253760
0.177611
0.130674
0.070341
0.315437
0.219317
0.073381
0.075126
0.232567
0.180797
0.221326
0.273570
0.068554
0.052433
0.083825
0.068741
0.047410
0.156552
0.208626
0.135254
0.059551
0.059551
0.182462
0.200342
0.076452
0.047835
0.096234
0.153879
0.265694
0.180216
