0.169077
0.183954
0.210238
0.115043
0.270877
0.164694
0.192658
0.169710
0.126082
0.178878
0.181358
0.162913
0.194663
0.129274
0.079895
0.149091
0.211983
0.146116
0.147321
0.242746
0.239144
0.148101
0.168722
0.206192
0.186819
0.201690
0.178530
0.186541
0.183750
0.232870
0.190411
0.230775
0.238566
0.209732
0.234311
0.187284
0.191377
0.161376
0.180054
0.133947
0.190345
0.236617
0.175653
0.236229
0.192648
0.235237
0.180893
0.116859
0.195508
0.215310
0.176934
0.233996
0.195859
0.231589
0.223610
0.148739
0.148156
0.173831
0.213293
0.215105
0.231387
0.230148
0.267334
0.249851
0.203949
0.274654
0.176766
0.202113
0.252261
0.236506
0.223761
0.229657
0.256725
0.213916
0.146283
0.213285
0.183075
0.217230
0.208448
0.170631
0.206697
0.211527
0.268047
0.233065
0.267014
0.214774
0.288516
0.245675
0.261265
0.249149
0.241011
0.267969
0.267969
0.202685
0.339698
0.237393
0.289875
0.326825
0.211671
0.129921
