0.008050
0.009785
0.010233
0.007169
0.013070
0.009722
0.008438
0.010386
0.006151
0.007262
0.010004
0.008574
0.009838
0.010711
0.009499
0.008847
0.008338
0.008030
0.011974
0.011605
0.010708
0.010344
0.008536
0.008975
0.009319
0.008294
0.010012
0.014497
0.009788
0.014238
0.007708
0.007195
0.008423
0.004993
0.008180
0.009391
0.008858
0.005488
0.010218
0.008710
0.007468
0.006194
0.010501
0.011368
0.006956
0.012077
0.007460
0.004988
0.004924
0.013074
0.008889
0.010998
0.007325
0.006271
0.010007
0.001273
0.007175
0.004049
0.009304
0.009356
0.005809
0.012370
0.007535
0.008793
0.009167
0.005772
0.006163
0.008798
0.006091
0.007232
0.008560
0.007895
0.000834
0.006024
0.003520
0.007597
0.003711
0.006025
0.008393
0.003074
0.005129
0.008408
0.010227
0.003637
0.004763
0.005368
0.008271
0.003391
0.002122
0.005920
0.005208
0.006696
0.006696
0.002342
0.005689
0.009039
0.008212
0.000247
0.009267
0.004177
