0.057962
0.090832
0.100318
0.094510
0.111747
0.097175
0.092070
0.116018
0.106711
0.095379
0.115079
0.104543
0.097204
0.122740
0.150961
0.103260
0.122829
0.112891
0.094575
0.111692
0.123167
0.118599
0.097759
0.103592
0.124585
0.095099
0.125749
0.120299
0.092656
0.115121
0.102979
0.104920
0.086703
0.080924
0.097294
0.125706
0.116151
0.121019
0.174133
0.162182
0.111080
0.097717
0.105033
0.127949
0.099143
0.142560
0.129576
0.199406
0.109560
0.139148
0.114051
0.137742
0.146692
0.109492
0.145187
0.083783
0.171875
0.084170
0.126259
0.136756
0.171120
0.133348
0.109628
0.105796
0.118767
0.111137
0.110924
0.165029
0.112522
0.107105
0.113999
0.102882
0.074846
0.146239
0.164806
0.120139
0.129073
0.120866
0.120098
0.132607
0.150022
0.130156
0.107167
0.164476
0.104895
0.153907
0.171190
0.119885
0.124080
0.140418
0.146287
0.161999
0.161999
0.184969
0.138261
0.187720
0.175556
0.138138
0.093381
0.101552
