0.394599
0.070599
0.087284
0.356057
0.159330
0.125524
0.246202
0.364224
0.339696
0.067718
0.182517
0.380063
0.282441
0.478040
0.511274
0.289673
0.372536
0.494508
0.220247
0.108686
0.272056
0.278372
0.297230
0.328158
0.265694
0.105263
0.058441
0.237407
0.251893
0.178275
0.055600
0.191914
0.255193
0.210603
0.071394
0.182010
0.219859
0.181654
0.192726
0.180902
0.114485
0.274652
0.285462
0.512005
0.219377
0.121292
0.116690
0.168523
0.172069
0.279675
0.112387
0.092293
0.202107
0.111167
0.294214
0.100989
0.119972
0.184074
0.106653
0.105995
0.170630
0.132860
0.172752
0.103579
0.115612
0.084707
0.147467
0.078671
0.093182
0.177611
0.131564
0.183576
0.246789
0.075126
0.239257
0.065129
0.232567
0.293148
0.221326
0.061601
0.145110
0.136801
0.070341
0.180216
0.250090
0.142475
0.237469
0.135254
0.182462
0.208626
0.156552
0.059551
0.059551
0.115009
0.072351
0.096234
0.047835
0.153879
0.072849
0.138373
