0.533496
0.499531
0.756412
1.061540
0.834204
0.785430
1.199350
0.548279
0.656789
0.677797
0.710446
0.792789
0.391837
0.790757
0.629857
0.515750
0.732641
0.747414
0.435142
0.281659
0.497440
0.657397
0.282753
0.667799
0.557785
0.813395
0.479737
0.845157
0.713701
0.959344
0.488331
0.640606
0.659977
0.719629
0.670741
0.784945
0.687243
0.757437
0.456384
0.907811
0.634003
0.749220
0.792463
0.716300
0.703476
0.966678
0.550586
1.055000
0.714793
0.745598
0.832509
0.747270
0.737116
0.700664
0.292935
0.697961
0.737601
0.186576
0.945951
0.915847
0.635799
0.173453
0.289897
0.521725
0.871615
0.515469
0.828475
0.725501
1.002000
0.700425
0.656220
0.643475
1.081730
0.404357
0.759878
0.584407
0.726824
0.336454
0.795001
0.484620
0.575872
0.545540
0.513414
1.164840
0.492293
0.414880
1.012010
0.385039
0.533261
0.385039
0.533261
0.948789
0.533261
0.057768
0.640246
0.636181
0.670649
0.792337
0.502742
0.750254
