60.470600
38.841700
61.392300
27.187200
35.753200
50.739900
18.641000
51.232700
55.384700
40.426600
53.495100
38.732900
48.410200
48.267100
47.584100
56.800500
53.010800
51.533800
68.881400
54.313400
51.198300
64.004300
67.387500
51.038900
56.016100
51.096900
10.536600
37.864500
67.934500
46.147600
64.263300
61.627700
39.462100
56.201300
40.966600
77.278600
49.897600
43.912600
19.653100
29.438400
47.813700
66.990200
65.378500
62.794100
39.573100
30.943800
50.360800
17.053800
57.320900
71.169900
26.948000
32.176000
60.816100
57.749800
50.193600
33.180200
48.093400
77.290300
46.088700
59.653400
42.714600
42.400900
53.102400
39.917100
51.783300
25.521000
47.619800
45.468200
50.288100
36.181400
57.049200
48.393000
83.015900
19.044400
55.706600
44.511200
66.515100
65.802800
29.286500
68.298200
37.996500
86.582900
29.886300
69.861000
32.478400
60.880600
66.752300
61.953200
47.055100
61.953200
47.055100
57.909200
47.055100
50.785800
39.298300
32.917200
85.116300
38.980700
63.676700
51.926900
