0.115043
0.165796
0.270877
0.128097
0.169710
0.258877
0.210238
0.134614
0.235087
0.149091
0.158258
0.193692
0.129274
0.178878
0.148956
0.211983
0.146116
0.194663
0.111869
0.186541
0.205416
0.201690
0.232870
0.148101
0.156346
0.239144
0.206835
0.160524
0.168477
0.176048
0.145345
0.179124
0.215517
0.230775
0.192516
0.221608
0.169872
0.238566
0.236229
0.146514
0.236617
0.209732
0.202530
0.181688
0.235237
0.175653
0.195592
0.181640
0.193320
0.215105
0.233996
0.203949
0.223610
0.234018
0.248675
0.116859
0.187922
0.230148
0.176519
0.174410
0.229120
0.215310
0.231589
0.228678
0.144292
0.233550
0.214025
0.288858
0.176766
0.179312
0.308398
0.193632
0.228958
0.331394
0.199295
0.206136
0.183075
0.275473
0.268047
0.170631
0.160107
0.203173
0.211527
0.169268
0.233065
0.214774
0.264215
0.261265
0.267969
0.261265
0.267969
0.241011
0.267969
0.339698
0.271824
0.300513
0.289875
0.261304
0.275949
0.168722
