0.007169
0.009387
0.013070
0.008455
0.010386
0.009171
0.010233
0.009109
0.005557
0.008847
0.009053
0.006943
0.010711
0.007262
0.010470
0.008338
0.008030
0.009838
0.011471
0.014497
0.012606
0.008294
0.014238
0.010344
0.008020
0.010708
0.010145
0.009076
0.009261
0.011965
0.005687
0.008728
0.008537
0.007195
0.007305
0.004951
0.009482
0.008423
0.011368
0.008505
0.006194
0.004993
0.007038
0.006143
0.012077
0.010501
0.010013
0.008481
0.006257
0.009356
0.010998
0.009167
0.010007
0.008013
0.006810
0.004988
0.006265
0.012370
0.008223
0.008535
0.010041
0.013074
0.006271
0.006708
0.006097
0.008900
0.006625
0.007780
0.006163
0.002753
0.005481
0.008467
0.007221
0.004126
0.009194
0.006876
0.003711
0.012766
0.010227
0.003074
0.010534
0.002674
0.008408
0.001449
0.003637
0.005368
0.007150
0.002122
0.006696
0.002122
0.006696
0.005208
0.006696
0.005689
0.007536
0.003806
0.008212
0.001713
0.006761
0.008536
