0.651833
0.794383
0.293047
0.236075
0.197436
0.815914
0.710330
0.622449
0.401877
0.400110
0.354322
0.538433
0.432949
0.088620
0.421595
0.872954
0.240822
0.886979
0.152131
0.353473
0.137736
0.168291
0.182454
0.403306
0.166068
0.360717
0.000000
0.109984
0.484799
0.236578
0.117489
0.000000
0.058558
0.187560
1.158579
0.276453
0.103169
0.247097
0.643809
0.207413
0.577625
0.355689
0.347311
0.297461
0.562552
0.819856
0.485426
1.266268
0.206312
0.296897
0.051684
0.092840
1.329068
0.199903
0.051963
0.220953
1.795145
1.037456
0.382642
0.000000
0.656038
0.570156
0.091394
0.731506
0.336105
0.077251
0.155561
0.253046
0.106308
0.071760
0.738330
0.102837
0.055982
0.865813
0.203050
0.482783
0.356736
0.750017
0.105759
0.371271
0.244489
0.624473
0.087791
0.334481
0.389319
0.153801
0.103284
0.456195
0.326999
0.456195
0.326999
0.322937
0.326999
0.502013
0.193907
0.053291
0.089422
0.415612
0.555882
0.430372
