0.001561
0.001549
0.002859
0.003514
0.000940
0.001608
0.002959
0.009740
0.007470
0.000484
0.001215
0.002057
0.005906
0.001247
0.001953
0.003056
0.004309
0.009897
0.000745
0.001675
0.000851
0.002082
0.001786
0.001863
0.006814
0.006236
0.004808
0.001885
0.000796
0.003785
0.003449
0.002208
0.008212
0.012083
0.008546
0.003548
0.006576
0.005412
0.000761
0.007248
0.002276
0.002386
0.002197
0.001240
0.003891
0.002667
0.005904
0.001078
0.003392
0.004276
0.004581
0.003318
0.002016
0.001078
0.001988
0.001984
0.004363
0.001558
0.001461
0.004574
0.003300
0.004960
0.004226
0.005075
0.002127
0.000959
0.006022
0.004022
0.001079
0.003747
0.002409
0.002239
0.004475
0.001943
0.004365
0.002690
0.003257
0.000710
0.003120
0.000761
0.003793
0.003436
0.001002
0.005230
0.000816
0.004692
0.001189
0.006583
0.001664
0.001902
0.004167
0.001007
0.000866
0.000823
0.003713
0.001073
0.001747
0.000878
0.000387
0.007674
