924.000000
490.000000
1033.000000
1241.000000
885.000000
654.000000
269.000000
472.000000
897.000000
423.000000
1029.000000
890.000000
1081.000000
226.000000
19.000000
757.000000
749.000000
150.000000
42.000000
424.000000
242.000000
1130.000000
910.000000
1032.000000
794.000000
284.000000
253.000000
125.000000
445.000000
989.000000
671.000000
217.000000
521.000000
514.000000
542.000000
10.000000
1112.000000
113.000000
120.000000
209.000000
442.000000
804.000000
163.000000
111.000000
722.000000
945.000000
17.000000
119.000000
424.000000
1301.000000
665.000000
864.000000
800.000000
876.000000
576.000000
765.000000
224.000000
1271.000000
191.000000
251.000000
1299.000000
598.000000
174.000000
552.000000
616.000000
545.000000
618.000000
169.000000
49.000000
136.000000
104.000000
643.000000
515.000000
206.000000
1290.000000
1211.000000
520.000000
1294.000000
962.000000
188.000000
604.000000
88.000000
284.000000
1247.000000
255.000000
210.000000
983.000000
1181.000000
845.000000
568.000000
1181.000000
230.000000
1180.000000
531.000000
1003.000000
611.000000
627.000000
278.000000
1013.000000
515.000000
