0.004823
0.006052
0.000971
0.001448
0.000541
0.010926
0.000642
0.007916
0.000854
0.000993
0.000967
0.009532
0.000790
0.010641
0.001102
0.001171
0.001040
0.011211
0.011380
0.008025
0.007138
0.007354
0.012624
0.009733
0.009826
0.004637
0.000858
0.000709
0.001001
0.000615
0.000165
0.001125
0.001108
0.010674
0.003886
0.008710
0.009657
0.000980
0.007000
0.001563
0.011888
0.007194
0.001450
0.001099
0.011765
0.000863
0.001074
0.000949
0.010626
0.001810
0.000649
0.006640
0.010265
0.010774
0.004889
0.001076
0.005983
0.000367
0.000830
0.000761
0.001606
0.012850
0.015421
0.010311
0.005279
0.001144
0.013389
0.001297
0.001046
0.008661
0.010591
0.000958
0.001005
0.007988
0.013994
0.000512
0.009513
0.010153
0.013171
0.008409
0.014218
0.009790
0.007642
0.000634
0.000401
0.010203
0.001545
0.000953
0.000996
0.007919
0.000953
0.004775
0.006935
0.000372
0.001631
0.001476
0.001711
0.006714
0.001070
0.001005
