0.236075
0.678470
0.864421
1.548500
0.573553
0.293047
0.123404
0.991818
0.551054
0.240822
1.211377
0.538683
0.852289
0.088620
0.227193
0.872954
0.952438
0.079759
0.102979
0.200956
0.059864
0.454108
0.000000
0.430372
0.226099
0.152131
0.168291
0.115171
0.240077
0.182454
0.352121
0.161585
0.562552
0.359348
0.247097
0.201245
1.170670
0.058558
0.185615
0.117489
0.210109
0.577625
0.271155
0.279980
0.324885
0.643809
0.070577
0.331069
0.542593
0.336105
0.220953
0.731506
0.684350
0.296897
0.748523
0.354410
0.091394
1.037456
0.195196
0.051963
1.795145
0.506871
0.139410
0.231447
0.656038
0.441096
0.550327
0.054941
0.102837
0.077251
0.155561
0.738330
0.454384
0.087791
0.750017
1.128434
0.244489
0.477559
0.655368
0.250547
0.515208
0.082555
0.371271
0.296571
0.094269
0.285126
0.623050
0.456195
0.322937
0.192496
0.456195
0.080172
0.745107
0.111707
0.563183
0.089422
0.557480
0.230728
0.354322
0.454384
