0.025437
0.052616
0.035062
0.054807
0.049139
0.042583
0.043855
0.058242
0.046096
0.039555
0.038174
0.027191
0.049081
0.041812
0.045467
0.031748
0.041789
0.037773
0.024272
0.024360
0.036331
0.042120
0.041841
0.032737
0.040645
0.042898
0.035675
0.023016
0.037866
0.040877
0.027924
0.047309
0.037992
0.039536
0.045594
0.020997
0.036539
0.039445
0.041416
0.038769
0.035929
0.045626
0.015612
0.031761
0.034571
0.047659
0.051587
0.052407
0.008528
0.043449
0.046144
0.035516
0.035456
0.042257
0.034956
0.049368
0.040485
0.035816
0.031392
0.016026
0.020523
0.022494
0.036093
0.047590
0.038613
0.022363
0.039964
0.049011
0.020900
0.044425
0.032487
0.033353
0.017532
0.027608
0.031257
0.045847
0.070625
0.039026
0.014166
0.027222
0.024945
0.022776
0.024393
0.028552
0.022832
0.023226
0.026719
0.034328
0.011452
0.026203
0.050502
0.018751
0.018360
0.031440
0.020646
0.028634
0.024759
0.028231
0.000688
0.016812
