0.052822
0.303152
0.103507
0.198940
0.391251
0.070599
0.246202
0.159330
0.409691
0.289673
0.349344
0.465809
0.372536
0.231814
0.202583
0.354240
0.511274
0.067718
0.251893
0.230728
0.178275
0.159673
0.328158
0.093511
0.297230
0.189754
0.195891
0.265694
0.176292
0.168281
0.191914
0.274652
0.084134
0.144509
0.181654
0.219859
0.055600
0.116690
0.141947
0.098204
0.121292
0.138373
0.180902
0.182010
0.066775
0.186833
0.139075
0.229095
0.183264
0.168523
0.172752
0.112387
0.202107
0.093268
0.240714
0.103579
0.131857
0.105995
0.072849
0.279675
0.305883
0.100989
0.115612
0.068309
0.184074
0.239164
0.246789
0.078671
0.253760
0.186619
0.099786
0.049281
0.179017
0.180797
0.239257
0.232567
0.068554
0.180883
0.273570
0.075126
0.315437
0.070341
0.065129
0.068741
0.250090
0.082194
0.047410
0.246709
0.223893
0.135254
0.124419
0.208626
0.182462
0.076452
0.076089
0.047835
0.068994
0.153879
0.200342
0.285462
