897.000000
472.000000
924.000000
1242.000000
1241.000000
1045.000000
1033.000000
654.000000
1002.000000
1038.000000
1029.000000
890.000000
757.000000
778.000000
409.000000
192.000000
602.000000
226.000000
1104.000000
495.000000
989.000000
430.000000
676.000000
910.000000
1032.000000
111.000000
346.000000
1209.000000
42.000000
125.000000
207.000000
804.000000
111.000000
10.000000
120.000000
97.000000
17.000000
163.000000
958.000000
12.000000
521.000000
266.000000
671.000000
443.000000
1000.000000
226.000000
442.000000
889.000000
1270.000000
665.000000
548.000000
7.000000
576.000000
90.000000
926.000000
174.000000
598.000000
876.000000
191.000000
1219.000000
616.000000
621.000000
127.000000
298.000000
942.000000
976.000000
618.000000
515.000000
1265.000000
844.000000
104.000000
258.000000
509.000000
1290.000000
1294.000000
995.000000
595.000000
637.000000
604.000000
508.000000
938.000000
178.000000
92.000000
597.000000
1247.000000
936.000000
983.000000
568.000000
959.000000
230.000000
934.000000
1180.000000
1181.000000
266.000000
280.000000
611.000000
266.000000
278.000000
641.000000
601.000000
