11.023449
6.961594
11.988731
9.531814
9.118001
6.937847
4.897411
7.006009
7.927761
13.585299
8.177497
5.119741
6.088397
5.486685
6.715289
11.073689
11.919900
7.895492
7.690555
10.140659
9.201719
5.652655
9.941379
5.395180
9.875588
11.478767
13.112511
11.450475
6.081395
5.172858
5.074523
10.271554
11.389701
6.196937
7.285087
12.380869
12.589333
9.380418
9.443026
5.506193
8.888836
6.656102
11.191626
9.872544
8.599691
11.240862
7.087370
10.924003
7.077575
12.048164
4.728707
7.655398
4.682472
9.520911
7.427960
8.652397
9.810303
9.009488
7.496819
6.059407
10.118458
8.990820
10.737612
9.776967
7.198592
8.572948
10.134484
8.858915
6.679742
6.471680
4.621813
12.083656
10.728152
8.478357
12.250212
10.336881
7.021312
11.046131
13.268091
7.957275
11.298675
4.999162
9.650485
6.277914
10.730723
8.369188
6.725055
5.055773
11.667071
8.728976
8.373075
5.386679
5.518194
8.326711
7.469688
5.069445
11.196456
5.477625
4.863122
4.556535
