38.841700
60.470600
18.145300
61.392300
30.672500
54.824400
35.753200
50.739900
43.044500
47.231500
56.800500
38.913200
49.220500
20.449900
56.426200
53.010800
53.495100
45.149400
64.004300
46.147600
56.253300
51.403400
48.257800
53.434600
61.465800
54.746100
43.639700
36.044600
25.591500
50.501000
43.912600
65.378500
110.872000
50.360800
30.161800
62.794100
47.782800
34.994700
39.573100
60.793100
57.857100
39.462100
51.638500
63.011500
19.653100
66.990200
77.278600
23.949400
26.948000
39.917100
77.290300
71.169900
47.183600
56.101800
57.320900
48.093400
46.088700
53.508500
31.348800
27.853400
58.804500
53.301800
60.816100
52.057100
33.180200
53.347100
58.891100
40.525500
45.468200
32.544600
47.619800
36.803300
86.753400
37.996500
65.802800
57.097100
14.747700
68.298200
56.897400
63.030100
29.886300
25.425400
63.676700
71.356000
34.516600
72.306100
32.213200
57.909200
36.623500
61.953200
56.193700
47.055100
71.620900
84.858200
50.340800
85.116300
32.917200
38.980700
54.879700
44.184300
