0.006279
0.003047
0.006056
0.006257
0.006084
0.005663
0.000943
0.002740
0.001304
0.004923
0.001081
0.002331
0.002872
0.000962
0.003038
0.003274
0.004916
0.003212
0.004753
0.001952
0.003903
0.004914
0.003788
0.000934
0.002295
0.004745
0.006375
0.003093
0.002588
0.000895
0.000768
0.002748
0.004392
0.001237
0.002213
0.006126
0.004192
0.002451
0.004291
0.001559
0.006814
0.004697
0.006413
0.004664
0.003992
0.006273
0.001971
0.004119
0.000811
0.007607
0.001079
0.006517
0.001182
0.004208
0.001279
0.002802
0.009834
0.003378
0.002046
0.003376
0.002249
0.002564
0.003887
0.005359
0.002957
0.005787
0.003242
0.001809
0.004243
0.001492
0.001178
0.008563
0.003477
0.006438
0.004881
0.002691
0.003533
0.004114
0.004945
0.008481
0.005233
0.000933
0.008871
0.002711
0.007703
0.004112
0.002871
0.001103
0.004531
0.006059
0.002820
0.000987
0.001665
0.004742
0.002238
0.000605
0.005976
0.001084
0.000434
0.000936
