1.458619
1.100392
-0.120897
0.239021
1.399941
0.535049
1.077073
0.846091
0.826815
-0.310962
0.994393
1.986303
1.136037
1.579743
0.933456
1.316243
-0.360169
0.055905
0.193219
-0.625879
-0.208025
-0.680217
-0.083040
1.268351
-0.270883
0.052504
-0.298661
-0.169893
0.139380
0.277312
0.384523
-0.432909
0.234651
0.141989
0.035467
0.718144
0.396485
-0.215087
-0.008591
0.428249
0.646303
-0.227499
-0.621712
0.693557
2.115767
0.652516
0.347056
0.124031
-0.380388
0.324373
-0.041698
-0.194854
0.204357
-0.112438
0.529227
1.877733
-0.001780
0.807236
0.422252
-0.013572
0.025141
0.274888
1.008929
0.610869
0.250469
0.283785
0.104804
-0.399665
0.545775
0.838745
-0.389826
-0.192403
0.078459
0.442581
0.167502
0.276978
0.570374
0.031128
-0.359993
-0.335912
-0.087644
0.166625
0.537064
-0.222797
0.130047
-0.295875
0.023222
-0.112487
0.628067
0.376854
0.093974
-0.250009
-0.289241
0.101925
0.538010
-0.191686
-0.113292
-0.103141
-0.034298
0.124505
