32.653900
36.353200
39.413900
41.013700
30.985100
36.791700
31.172100
19.296100
52.792200
47.045400
42.462500
44.169200
35.494100
42.626000
31.783000
44.032000
33.748700
36.042600
37.313600
35.729500
35.726600
44.411400
37.250300
45.035600
44.640500
45.595400
26.225600
25.874000
28.941900
39.293100
34.081300
34.336300
40.211600
26.181800
30.411200
47.137700
25.891100
35.734200
44.496500
30.235500
30.580600
51.813300
35.405200
39.415800
39.566200
36.304600
42.316800
32.307800
24.229100
36.475500
44.094200
34.952100
30.685900
50.100000
28.189600
46.455700
32.991400
49.936400
33.921200
64.878200
28.236500
38.037100
34.197200
47.372700
36.195200
40.261100
46.892400
40.379500
33.977600
46.729100
46.862900
31.606100
44.827300
37.142200
26.740700
45.699000
46.626600
56.239100
49.034100
38.469800
33.916100
47.206900
37.229100
46.352300
50.265800
42.749600
42.588000
48.412500
41.907500
48.412500
60.287300
48.412500
43.112900
40.500300
35.818400
60.336800
47.771000
48.172300
39.488000
32.710600
