-1.228839
-0.438779
-0.520778
-0.776736
-0.789359
-0.969374
-0.547294
-0.590745
-0.389962
-0.447051
-0.146377
-0.141897
-0.105509
0.166873
-0.633212
0.001278
0.080978
-0.218623
0.554349
0.994160
0.521483
0.695316
0.444123
0.099535
0.455582
0.198591
0.142356
0.599754
0.142893
0.404228
1.810528
1.383987
0.625505
0.852356
1.073567
0.927305
1.150798
1.004733
1.317612
1.290429
1.320253
0.400856
0.929254
3.166055
1.368782
1.177930
1.085098
1.539816
1.405459
1.276581
1.480845
1.717285
1.218818
1.000063
1.357473
1.555895
1.258911
1.299574
2.055845
0.920584
2.632879
2.212256
1.678570
1.788975
1.194183
1.898462
1.569148
2.328027
2.635790
2.165909
1.428813
3.000248
1.229439
1.786361
2.179478
2.609907
2.270257
1.923994
2.395575
2.289613
1.988700
1.748354
1.765569
3.055549
2.646078
2.126504
2.399668
3.116171
3.942129
3.116171
3.292204
3.116171
2.289007
2.791803
2.583919
3.329139
3.186144
3.751848
1.721669
2.209422
