832.000000
885.000000
1241.000000
897.000000
495.000000
404.000000
490.000000
1185.000000
1335.000000
890.000000
426.000000
423.000000
150.000000
586.000000
1081.000000
1029.000000
19.000000
1024.000000
445.000000
488.000000
1014.000000
1229.000000
989.000000
430.000000
29.000000
1130.000000
111.000000
124.000000
230.000000
495.000000
10.000000
442.000000
293.000000
945.000000
1102.000000
514.000000
97.000000
1208.000000
497.000000
851.000000
804.000000
266.000000
1315.000000
396.000000
163.000000
583.000000
226.000000
424.000000
765.000000
1198.000000
513.000000
214.000000
224.000000
1301.000000
174.000000
1249.000000
1299.000000
889.000000
127.000000
942.000000
37.000000
7.000000
1242.000000
667.000000
1270.000000
1265.000000
256.000000
104.000000
136.000000
573.000000
618.000000
15.000000
847.000000
595.000000
1290.000000
1211.000000
88.000000
995.000000
938.000000
520.000000
188.000000
604.000000
962.000000
583.000000
983.000000
268.000000
597.000000
309.000000
568.000000
309.000000
959.000000
309.000000
934.000000
280.000000
266.000000
627.000000
266.000000
593.000000
284.000000
195.000000
