0.074683
0.097175
0.113120
0.092801
0.044133
0.106711
0.090832
0.102077
0.111747
0.083728
0.097204
0.103260
0.112891
0.115079
0.099648
0.150961
0.122740
0.095379
0.123167
0.160091
0.150570
0.097353
0.090098
0.095099
0.120299
0.124585
0.111264
0.071439
0.097759
0.106976
0.106811
0.120055
0.118853
0.097294
0.099143
0.097717
0.104920
0.142560
0.082425
0.125706
0.121019
0.115972
0.086703
0.117755
0.099860
0.127949
0.102979
0.146692
0.121002
0.093381
0.109628
0.123627
0.113272
0.131418
0.144020
0.145857
0.159545
0.139965
0.133348
0.143312
0.083783
0.136756
0.145575
0.143927
0.185947
0.135749
0.165029
0.101337
0.102882
0.074846
0.099128
0.113645
0.146600
0.140549
0.136636
0.141757
0.065718
0.107167
0.188191
0.120098
0.140549
0.130156
0.196372
0.153907
0.104015
0.060144
0.181279
0.146287
0.124080
0.161999
0.132056
0.147850
0.161999
0.163182
0.183054
0.187720
0.138024
0.153837
0.099143
0.108543
