-0.732946
-0.969374
-0.575323
-0.438779
-0.776736
-1.228839
-1.008793
-0.665826
-0.469522
0.001278
0.188820
0.092983
-0.141897
-0.105509
0.085040
-0.197992
-0.068871
0.140084
1.746456
0.142893
0.223194
0.404228
0.346107
0.163047
0.695316
0.474713
0.994160
0.312001
0.644868
0.474847
1.294416
1.053551
1.431360
0.927305
1.317612
1.320253
1.121184
0.835597
1.073567
1.278496
1.664462
0.864734
0.684213
1.085098
1.207931
0.852356
1.760448
1.859847
2.784608
1.438463
1.232227
1.405459
1.126520
1.480845
1.077076
1.655208
1.194183
1.047704
1.050393
2.807208
1.291533
1.469784
1.788975
1.299574
1.000063
1.898462
2.170797
1.430171
2.633736
1.428813
1.287413
3.457105
2.165909
2.395575
2.689370
1.786361
1.988700
2.407766
2.179478
2.609907
2.395575
2.453073
2.289613
3.055549
2.126504
2.399668
2.744689
3.249761
3.010667
3.116171
2.289007
3.292204
3.116171
2.791803
3.595305
3.329139
3.186144
3.751848
1.317612
1.766277
