0.090351
0.678953
0.622449
0.573553
0.551054
1.429099
0.846957
0.401877
0.293047
1.211377
0.886979
0.400110
0.240822
0.079759
0.421595
0.000000
0.432949
0.088620
0.360717
0.274919
0.152131
0.202567
0.115171
0.168291
0.353473
0.858376
0.233031
1.583880
0.430372
0.000000
0.103169
0.117489
0.099615
0.359348
0.186661
0.577625
0.187560
0.562552
0.347311
0.237329
0.185615
0.529975
0.247097
0.276453
0.324885
0.643809
0.070577
0.748523
0.331069
0.195196
0.337206
0.354410
1.266268
0.094694
0.000000
0.382642
0.462305
0.146926
1.037456
0.684350
0.283916
0.296897
0.124981
0.225382
0.336105
0.791024
0.454384
0.071760
0.441096
0.550327
0.253046
0.102837
0.592737
0.482783
0.555882
0.865813
0.250547
0.105759
0.750017
1.128434
0.482783
0.087791
0.244489
0.153801
0.089641
0.377051
0.360649
0.322937
0.456195
0.326999
0.259688
0.491775
0.326999
0.193907
0.379016
0.557480
0.053291
0.415612
0.186661
0.738330
