0.169934
0.126082
0.169077
0.134614
0.128097
0.169710
0.163143
0.210238
0.036901
0.211983
0.186572
0.182944
0.163255
0.162913
0.233088
0.079895
0.161680
0.146116
0.238944
0.148101
0.164652
0.206835
0.185284
0.111869
0.239144
0.191805
0.110521
0.205416
0.178530
0.200049
0.181688
0.192648
0.188346
0.145345
0.307796
0.221182
0.236229
0.232551
0.209732
0.133947
0.195592
0.191377
0.221608
0.234311
0.204617
0.202530
0.180893
0.064433
0.223610
0.232016
0.195859
0.203949
0.168070
0.213293
0.193985
0.230148
0.215310
0.198369
0.248675
0.229120
0.174410
0.233996
0.208128
0.176519
0.144292
0.176766
0.217772
0.256725
0.233550
0.288858
0.175432
0.236506
0.229657
0.220170
0.146283
0.213916
0.208448
0.217230
0.183075
0.213285
0.203173
0.199295
0.206697
0.091962
0.254793
0.267014
0.264215
0.249149
0.249866
0.267969
0.267969
0.245675
0.261265
0.360487
0.271824
0.300513
0.237393
0.326825
0.193692
0.186541
