-0.547294
-1.228839
-0.590745
-0.575323
-0.341436
-0.537870
-0.776736
-0.568758
-0.552204
-0.147794
-0.447051
-0.146377
-0.082026
-0.633212
0.143108
-0.197992
-0.016406
-0.141897
0.599754
0.521483
0.554349
0.705726
0.348469
0.223194
1.746456
0.579993
0.404228
0.423549
0.413820
0.994160
0.733581
1.317612
1.156987
1.053551
0.854704
1.383987
0.852356
1.290429
1.082841
1.279428
0.897868
1.150798
1.085098
0.927305
0.678516
1.073567
1.368782
1.194183
1.276581
2.807208
1.859847
2.055845
1.073865
2.632879
1.539816
1.050393
1.752345
1.299574
1.444827
0.886782
1.077076
1.548759
1.405459
1.655208
1.000063
2.209422
2.418302
1.428813
2.635790
1.287413
2.043737
1.229439
2.633736
1.748354
1.788006
2.430654
2.609907
1.765569
1.923994
2.239467
2.492903
1.440716
2.027685
1.835416
2.803232
2.871707
2.516878
3.381769
2.289007
3.116171
3.116171
2.825028
3.010667
4.344182
2.791803
3.186144
3.329139
3.851470
0.166873
0.695316
