54.091600
55.384700
63.062700
51.194300
64.410100
50.739900
67.863600
61.392300
38.883600
47.184700
38.732900
56.426200
45.149400
47.231500
49.220500
38.913200
44.852700
56.800500
50.501000
47.605500
54.746100
51.038900
49.211800
49.999800
38.852100
25.591500
43.933600
54.313400
57.658400
67.934500
65.405300
29.438400
40.966600
51.867900
51.472900
47.813700
44.184300
49.897600
51.638500
49.290700
28.071100
43.912600
39.573100
37.301300
54.019300
34.994700
64.263300
58.804500
27.853400
52.057100
31.348800
60.816100
39.917100
39.583600
57.749800
42.500600
29.155800
17.053800
59.653400
53.301800
47.183600
33.180200
71.169900
32.176000
53.508500
70.488100
45.468200
52.156500
25.521000
36.803300
39.763100
54.530300
53.347100
57.097100
45.610600
14.747700
44.511200
55.706600
19.044400
63.676700
65.802800
63.030100
56.897400
69.861000
32.478400
66.752300
66.175500
61.953200
56.193700
47.055100
71.620900
57.909200
61.953200
39.298300
50.340800
32.917200
63.847300
42.738700
58.228500
66.752300
