0.590085
0.388063
0.006103
-0.829913
-0.598076
0.846091
-0.090432
0.239021
1.175920
0.177044
1.105449
0.933456
0.055905
-0.310962
1.136037
1.986303
0.192669
0.994393
0.277312
0.098947
0.052504
0.513791
0.880827
-0.409666
0.348249
0.139380
0.671445
0.294957
-0.542966
0.584655
-0.105641
0.305419
0.357134
-0.031557
-0.007075
0.891062
0.124505
-0.587773
-0.621712
0.376336
0.440164
0.384523
-0.008591
-0.596847
-0.027709
-0.215087
0.304811
0.025141
-0.013572
0.610869
0.422252
1.008929
0.324373
0.270990
-0.325151
0.043059
0.463532
1.009143
0.005950
0.274888
0.204357
0.250469
-0.194854
-0.336706
0.807236
0.080195
0.545775
-0.168117
-0.259168
-0.192403
0.051737
0.216937
0.283785
0.276978
1.016369
0.570374
0.884514
0.021569
-0.242807
0.537064
0.167502
-0.335912
-0.359993
-0.291892
0.496309
-0.320788
0.269347
0.376854
0.093974
-0.250009
-0.289241
-0.112487
0.376854
-0.207791
0.538010
-0.113292
-0.069035
0.636413
-0.454473
-0.320788
