19.296100
41.013700
36.791700
39.413900
15.164900
12.820400
30.985100
50.448800
49.521300
38.579300
50.019100
39.043900
36.042600
31.423500
26.265900
35.494100
33.748700
42.462500
26.225600
44.640500
26.419200
45.595400
36.262000
30.680000
35.729500
43.957000
40.127200
39.226900
53.970300
44.411400
45.800500
33.632100
47.137700
38.249900
34.081300
35.734200
35.405200
48.471100
36.304600
37.294400
34.264500
30.235500
37.632500
66.224900
40.211600
42.949800
45.552600
43.637400
27.888800
38.630500
49.936400
32.803300
32.991400
42.105300
37.145600
30.180800
32.327300
34.197200
36.475500
35.199100
26.146900
44.094200
47.997400
54.179500
36.109900
41.993400
31.606100
40.261100
41.001500
46.862900
45.727300
23.429600
33.977600
49.089900
26.749100
26.740700
29.602700
38.469800
40.937800
37.229100
49.034100
49.034100
56.239100
44.958000
47.881500
49.247700
39.481200
48.412500
31.583900
48.412500
60.287300
48.412500
34.792600
35.435700
35.980100
47.771000
60.336800
39.566100
45.800500
50.448800
