0.394599
0.052822
0.125524
0.391251
0.251016
0.356057
0.167790
0.147159
0.049070
0.289673
0.511274
0.478040
0.253167
0.117934
0.231814
0.182517
0.115429
0.190219
0.189754
0.185379
0.419027
0.220247
0.059223
0.147317
0.246250
0.168281
0.208686
0.297230
0.211422
0.237407
0.094734
0.084134
0.071394
0.181654
0.114485
0.208164
0.192726
0.121292
0.202537
0.099051
0.228526
0.120858
0.055600
0.066775
0.161345
0.105026
0.141947
0.072849
0.162939
0.105995
0.229095
0.279675
0.495854
0.068309
0.272227
0.100989
0.240714
0.257050
0.294214
0.170630
0.172752
0.086029
0.168523
0.097833
0.093268
0.049281
0.131564
0.253760
0.156793
0.246789
0.186619
0.179017
0.122501
0.107238
0.204506
0.180797
0.180883
0.219317
0.136801
0.293148
0.315437
0.315437
0.232567
0.127511
0.189429
0.076672
0.154729
0.059551
0.135254
0.059551
0.223893
0.059551
0.156552
0.072351
0.064768
0.068994
0.096234
0.153879
0.094734
0.147159
