0.924156
0.551054
0.678953
1.548500
0.815914
0.651833
0.421279
0.090351
0.123404
0.400110
0.000000
0.432949
0.375307
0.354322
0.235216
0.079759
0.227193
0.265111
0.235101
0.166068
0.226099
0.454108
0.000000
0.065065
0.233031
0.115171
0.200956
0.430372
1.583880
0.353473
0.046283
0.279980
0.359348
0.185615
0.201245
1.158579
1.228409
0.562552
0.398584
0.529975
0.485426
0.222095
0.070577
0.342194
0.207413
0.117489
0.342883
0.195196
0.331069
0.296897
0.225382
0.570156
1.795145
0.000000
0.146926
0.283916
1.266268
0.206312
1.329068
0.231447
0.337206
0.094694
0.220953
0.382642
0.246614
0.071760
0.109230
0.791024
0.102837
0.550327
0.351811
0.320767
0.077251
0.203050
0.555882
0.750017
0.624473
0.244489
0.087791
0.655368
0.482783
0.482783
0.356736
0.125343
0.360649
0.084310
0.285126
0.326999
0.080172
0.326999
0.491775
0.326999
0.322937
0.502013
0.386341
0.053291
0.557480
0.230728
0.046283
0.090351
