0.161861
0.223165
0.163143
0.169934
0.192658
0.164694
0.201649
0.258877
0.134614
0.149091
0.186572
0.129274
0.194663
0.201810
0.236351
0.171093
0.178878
0.193692
0.206192
0.168722
0.111869
0.164652
0.167639
0.134872
0.205315
0.239144
0.206835
0.185284
0.201690
0.220027
0.180054
0.179124
0.192516
0.192648
0.159926
0.221608
0.195821
0.133947
0.236617
0.181688
0.191377
0.293393
0.221315
0.209732
0.230775
0.190345
0.195592
0.249851
0.211671
0.208128
0.213293
0.176934
0.144292
0.207565
0.187922
0.223610
0.230148
0.248675
0.148156
0.266967
0.193985
0.193320
0.116859
0.176519
0.249020
0.170406
0.174550
0.256725
0.236506
0.179312
0.176766
0.217772
0.223761
0.208448
0.206136
0.146283
0.211527
0.199295
0.331394
0.206136
0.203173
0.217230
0.213285
0.091962
0.236267
0.267014
0.233065
0.267969
0.267969
0.245675
0.249866
0.261265
0.267969
0.202685
0.179669
0.300513
0.289875
0.261304
0.169365
0.234018
