0.005359
0.001657
0.003797
0.004709
0.006056
0.004664
0.004914
0.003953
0.002009
0.004861
0.000962
0.002252
0.001158
0.004785
0.004697
0.000987
0.001304
0.001315
0.004708
0.001308
0.007140
0.002520
0.006727
0.003912
0.005976
0.006539
0.002610
0.002140
0.003592
0.001271
0.001182
0.001308
0.001497
0.004291
0.008563
0.004119
0.000680
0.001965
0.009834
0.005219
0.000933
0.002495
0.002687
0.004788
0.004560
0.006279
0.002588
0.005787
0.001971
0.006059
0.003903
0.001559
0.000983
0.004243
0.002341
0.000934
0.003047
0.004945
0.004488
0.005739
0.005649
0.003093
0.001084
0.002249
0.001996
0.001029
0.009834
0.000434
0.003782
0.003376
0.005515
0.003310
0.001237
0.002513
0.003038
0.009834
0.001934
0.006472
0.001054
0.004979
0.002896
0.004745
0.006517
0.005805
0.005525
0.001178
0.003477
0.005554
0.003242
0.008481
0.003274
0.007909
0.002046
0.004414
0.006625
0.005203
0.005663
0.002897
0.005916
0.004192
