472.000000
495.000000
897.000000
490.000000
1033.000000
404.000000
1335.000000
1005.000000
816.000000
1038.000000
890.000000
759.000000
712.000000
1029.000000
192.000000
19.000000
226.000000
586.000000
676.000000
1032.000000
284.000000
445.000000
218.000000
464.000000
111.000000
489.000000
910.000000
424.000000
253.000000
230.000000
1315.000000
396.000000
1208.000000
497.000000
10.000000
226.000000
722.000000
671.000000
804.000000
1247.000000
97.000000
583.000000
111.000000
1339.000000
207.000000
10.000000
423.000000
174.000000
191.000000
765.000000
37.000000
7.000000
1301.000000
90.000000
1299.000000
1198.000000
1271.000000
251.000000
322.000000
667.000000
424.000000
1242.000000
665.000000
211.000000
513.000000
573.000000
803.000000
618.000000
847.000000
258.000000
195.000000
769.000000
15.000000
1211.000000
938.000000
1294.000000
206.000000
171.000000
595.000000
938.000000
637.000000
962.000000
92.000000
255.000000
210.000000
1247.000000
885.000000
309.000000
309.000000
230.000000
934.000000
1181.000000
309.000000
531.000000
641.000000
266.000000
611.000000
593.000000
217.000000
425.000000
