0.834204
0.656789
0.785430
0.431631
1.061540
1.199350
0.533496
0.499531
0.887928
0.470485
0.677797
0.747414
0.846194
0.391837
0.515750
0.802716
0.732641
0.748750
0.479149
0.785676
0.629946
0.813395
1.141840
0.738179
0.852243
0.397150
0.709370
0.940776
0.959344
0.497440
0.213598
0.790571
0.514788
0.749028
0.524557
0.838432
0.716300
0.640606
0.792463
0.836427
0.155552
0.966678
0.488120
0.731563
0.550586
0.795519
0.757437
0.521725
0.186576
0.688839
0.657084
0.435333
0.708161
0.635799
0.735958
0.832509
0.681380
0.700664
0.659256
0.696640
0.915847
0.492508
0.474072
0.737116
0.925858
0.662309
1.081730
0.548970
1.233010
0.473007
0.673192
0.877537
0.743812
0.396148
0.812620
0.584407
1.164330
0.518935
0.502742
0.584407
0.336454
0.404357
0.513414
0.723412
0.865339
0.759276
0.252425
0.385039
0.385039
1.108260
0.603754
0.533261
1.429880
0.964616
0.640246
0.790499
0.636181
0.792337
0.514788
0.758477
