-0.537870
-0.665826
-0.550042
-0.389962
-0.341436
-0.568758
-0.902808
-0.392254
-1.050781
-0.447051
0.092983
0.188820
-0.063289
-0.068871
-0.147794
-0.146377
-0.141897
0.001278
0.198591
0.337602
0.243203
1.746456
0.474713
0.346107
0.994160
0.159284
0.579993
0.413820
0.767317
0.423549
1.095636
1.290429
0.400856
1.150798
1.368782
1.664462
0.733581
3.166055
1.073567
1.278496
0.854704
0.527643
1.124122
1.207931
0.897868
0.501853
0.684213
1.120473
1.050393
1.232227
1.194183
1.606014
2.807208
0.886782
1.859847
1.548759
1.405459
1.510918
0.920584
1.299574
1.077076
1.073865
1.480845
1.276581
1.438463
2.946645
1.569148
1.759988
1.898462
2.021411
1.229439
1.738861
2.633736
2.430654
1.788006
2.395575
2.239467
1.765569
2.689370
2.395575
2.179478
1.786361
2.453073
3.644332
2.871707
2.399668
2.744689
3.010667
3.010667
2.289007
2.825028
3.116171
3.292204
2.583919
2.791803
3.329139
3.186144
3.751848
0.400856
2.068630
