0.000350
0.004370
0.000438
0.000342
0.000389
0.000257
0.005236
0.000622
0.005426
0.000441
0.004347
0.003098
0.000327
0.000416
0.000316
0.004893
0.005490
0.005274
0.003600
0.005050
0.003600
0.004850
0.002855
0.004905
0.000479
0.004208
0.002942
0.000450
0.004470
0.000400
0.003744
0.000365
0.000491
0.000426
0.000580
0.003721
0.000542
0.000066
0.000409
0.000503
0.004034
0.000443
0.000345
0.004270
0.000367
0.000625
0.004354
0.000379
0.000724
0.000367
0.000332
0.005220
0.000695
0.000643
0.000407
0.000434
0.000459
0.000304
0.000278
0.002393
0.006324
0.005140
0.000430
0.000550
0.000312
0.000383
0.000427
0.000355
0.005356
0.000464
0.003370
0.004236
0.000287
0.000544
0.003805
0.002912
0.000463
0.000354
0.003916
0.004474
0.004061
0.000316
0.004828
0.000665
0.000160
0.000253
0.003859
0.000162
0.000381
0.000162
0.002774
0.000398
0.003167
0.000296
0.003892
0.000591
0.003948
0.002686
0.001910
0.000441
