67.863600
61.392300
60.470600
64.410100
54.824400
18.145300
48.241900
50.739900
18.641000
47.231500
40.426600
38.913200
48.410200
52.103300
49.220500
38.732900
26.644000
45.149400
25.591500
10.536600
51.038900
61.465800
36.044600
37.864500
43.933600
45.684700
50.501000
51.096900
46.147600
48.257800
45.252800
50.360800
57.857100
56.201300
58.317800
110.872000
49.290700
28.071100
66.990200
63.011500
49.897600
39.573100
51.472900
34.994700
65.405300
64.263300
61.627700
57.749800
51.783300
61.704500
58.804500
42.500600
31.646100
48.093400
29.155800
50.627100
54.429700
50.193600
45.579900
53.102400
17.053800
39.583600
32.975000
69.618800
46.088700
57.049200
40.525500
39.763100
32.544600
50.915500
60.830100
47.619800
54.530300
19.044400
37.996500
29.286500
55.706600
66.515100
56.897400
36.049800
14.747700
86.582900
25.425400
32.478400
66.175500
74.445300
71.356000
47.055100
61.953200
47.055100
36.623500
57.909200
56.193700
50.340800
61.287200
85.116300
32.917200
42.738700
71.620900
47.231500
