0.008748
0.013070
0.007169
0.011965
0.008438
0.002688
0.006151
0.009171
0.010233
0.008085
0.008847
0.009499
0.010711
0.009221
0.008574
0.006943
0.010779
0.011172
0.011572
0.010145
0.010344
0.011547
0.011605
0.009076
0.009319
0.010012
0.011974
0.010708
0.011965
0.011333
0.009775
0.010013
0.007785
0.007195
0.007460
0.013887
0.010218
0.008710
0.004993
0.007403
0.009482
0.012077
0.009391
0.008180
0.009284
0.005687
0.008728
0.008013
0.006097
0.009304
0.009267
0.004924
0.011052
0.006265
0.001273
0.013643
0.008889
0.006810
0.010045
0.006271
0.008481
0.007895
0.009337
0.009727
0.008223
0.005481
0.008560
0.009586
0.000834
0.011329
0.006718
0.006625
0.005348
0.004126
0.010534
0.010227
0.009194
0.003711
0.005877
0.006024
0.003520
0.002674
0.005129
0.003637
0.006330
0.004763
0.007702
0.006696
0.002122
0.006696
0.005920
0.005208
0.006803
0.009043
0.004968
0.008212
0.003806
0.000247
0.003391
0.008085
