0.003376
0.005359
0.005554
0.000912
0.005649
0.003903
0.007667
0.009834
0.006914
0.009834
0.006814
0.003203
0.003615
0.003242
0.003912
0.008481
0.002249
0.008717
0.005639
0.005203
0.004785
0.004664
0.004745
0.003035
0.002802
0.000987
0.002513
0.003592
0.003533
0.001134
0.005219
0.004531
0.002908
0.001996
0.002610
0.002341
0.002926
0.002897
0.003887
0.005515
0.005652
0.005916
0.002665
0.004664
0.001657
0.003038
0.002046
0.005660
0.001279
0.000934
0.000895
0.003788
0.002090
0.004709
0.001147
0.003513
0.002939
0.001271
0.004291
0.001809
0.005805
0.002748
0.004979
0.000829
0.002711
0.000605
0.004881
0.004208
0.001103
0.000983
0.001934
0.004697
0.004485
0.001029
0.006257
0.006660
0.001386
0.002896
0.003797
0.005961
0.001013
0.000962
0.007909
0.003477
0.005787
0.004334
0.006060
0.001079
0.001952
0.006597
0.001182
0.006625
0.002295
0.001178
0.004414
0.000805
0.004861
0.006279
0.002238
0.000936
