0.003957
0.045289
0.077664
0.197037
0.057058
0.101678
0.035069
0.001819
0.038216
0.008368
0.007383
0.011269
0.000029
0.017709
0.010628
0.024434
0.005458
0.038574
0.084796
0.091855
0.036533
0.089988
0.201557
0.058299
0.023308
0.134988
0.004955
0.056010
0.053019
0.203111
0.120693
0.010126
0.107476
0.117490
0.346678
0.178936
0.028873
0.103163
0.035689
0.018430
0.183240
0.076284
0.116861
1.463893
0.114450
0.491005
0.069550
0.145120
1.085921
0.306832
0.120633
0.281916
0.159385
0.591668
0.017549
0.765406
0.081813
0.256094
0.205215
0.138738
0.184023
0.079956
0.118938
0.136339
0.010546
1.548992
0.011820
0.682939
0.084470
0.066653
0.699714
0.038018
0.288369
0.896909
0.702836
0.126786
0.007892
0.290639
0.535591
0.079345
0.479386
0.011939
0.637064
0.930036
0.109992
1.342911
0.534361
1.854881
1.279449
3.974983
0.030822
0.239384
0.762349
0.156417
2.477519
0.077403
10.302220
16.053053
0.932173
0.008368
