0.008546
0.000894
0.002208
0.001078
0.001201
0.002118
0.001007
0.002108
0.005810
0.000913
0.002781
0.001002
0.006249
0.000816
0.001747
0.005904
0.003056
0.008863
0.000902
0.003182
0.000858
0.002276
0.000439
0.001575
0.003449
0.007051
0.004858
0.003056
0.002690
0.004475
0.002618
0.000940
0.004022
0.002305
0.001283
0.003318
0.001314
0.005412
0.000959
0.000745
0.002380
0.002057
0.000369
0.003433
0.001179
0.003275
0.005979
0.001997
0.003760
0.003747
0.004405
0.001247
0.003793
0.002942
0.000601
0.006236
0.002386
0.003642
0.006863
0.002352
0.000731
0.004136
0.001988
0.003199
0.004607
0.004581
0.004207
0.005606
0.003514
0.006583
0.000937
0.000866
0.003323
0.006814
0.000796
0.000823
0.006941
0.001461
0.000687
0.002275
0.006478
0.003300
0.004925
0.004365
0.003127
0.004363
0.000865
0.004226
0.001522
0.002283
0.001055
0.000972
0.005368
0.000387
0.000830
0.003436
0.004640
0.003553
0.012083
0.001063
