39.785400
30.472400
18.626000
29.048100
15.164900
9.967190
19.296100
30.985100
36.791700
36.042600
33.045100
31.423500
42.462500
41.136600
43.218600
35.494100
38.579300
47.045400
39.293100
26.225600
44.640500
45.595400
44.411400
37.819500
36.907900
53.970300
29.622400
23.516200
38.220900
62.301400
32.931200
27.041600
38.249900
30.235500
42.316800
51.813300
30.411200
39.566200
34.336300
37.196500
30.580600
37.294400
34.081300
47.137700
34.264500
46.113300
35.405200
30.180800
47.372700
35.199100
49.936400
37.145600
62.139600
33.921200
32.307800
43.637400
47.997400
27.888800
42.105300
38.589800
26.146900
38.037100
36.109900
24.229100
44.094200
31.606100
46.862900
33.977600
22.664200
44.827300
35.876200
46.892400
40.379500
27.519700
36.315900
48.072200
37.229100
50.142300
26.740700
38.469800
39.488000
42.881900
49.034100
42.588000
50.265800
42.749600
33.997600
30.594300
54.538300
34.792600
60.287300
31.583900
48.412500
52.897100
40.500300
60.336800
47.771000
48.172300
32.327300
37.557800
