0.077307
0.058769
0.037469
0.044076
0.050950
0.047607
0.015899
0.048737
0.056570
0.044424
0.030490
0.043561
0.038190
0.045467
0.049081
0.037472
0.041240
0.045310
0.039258
0.049332
0.037433
0.040645
0.041841
0.048429
0.037866
0.039231
0.042120
0.048852
0.028491
0.024272
0.042612
0.039536
0.027924
0.039445
0.035333
0.033469
0.037992
0.047659
0.029565
0.035168
0.045594
0.029749
0.036539
0.047023
0.051587
0.045626
0.039062
0.072568
0.050899
0.046144
0.032391
0.048404
0.035516
0.042257
0.031281
0.039815
0.016863
0.046757
0.037641
0.038613
0.035816
0.043449
0.035456
0.033736
0.016026
0.049011
0.045550
0.039086
0.033757
0.020900
0.032487
0.022761
0.037975
0.023390
0.024945
0.013695
0.027608
0.032261
0.049588
0.014166
0.070625
0.020249
0.019278
0.028340
0.023226
0.022832
0.028552
0.018751
0.018360
0.017662
0.017662
0.026203
0.050502
0.020646
0.031440
0.027088
0.028634
0.039060
0.048737
0.018111
