-57.808400
-61.001400
-59.533700
-57.600400
-56.768000
-56.615000
-59.346100
-57.464100
-58.061700
-57.177500
-60.722600
-57.728500
-56.087000
-58.418600
-59.390400
-58.816000
-57.287000
-55.938500
-56.608400
-56.062500
-56.112600
-56.438000
-58.556100
-58.151700
-59.927000
-59.328000
-57.384000
-57.238700
-54.100400
-55.000800
-58.798600
-59.256800
-55.923600
-57.037500
-56.692700
-55.717800
-54.382700
-56.430600
-57.476400
-59.893000
-55.257600
-56.082200
-57.926600
-58.240400
-57.675600
-56.301900
-57.914200
-56.230100
-55.788400
-58.380400
-57.046300
-57.478900
-60.490200
-57.778300
-56.890600
-57.096600
-58.104700
-58.959300
-58.483100
-55.502000
-57.753000
-57.931900
-56.528000
-58.744300
-59.063200
-55.974800
-59.636300
-55.271600
-58.998400
-55.495700
-56.503800
-58.233800
-55.991000
-54.735600
-59.279100
-54.604500
-56.031700
-55.840500
-58.141400
-59.253000
-56.528600
-58.854700
-58.914800
-55.807800
-56.764200
-56.861200
-58.362500
-54.927400
-58.020700
-57.035200
-57.764800
-56.149900
-54.340500
-58.816200
-59.555300
-58.261200
-55.343200
-56.459300
-58.181700
-56.850000
