1.061540
0.809074
0.613854
0.834204
0.887928
0.733800
0.656789
0.431631
0.770625
0.748750
0.707563
0.732641
0.802716
0.790757
0.570899
0.710446
0.798471
0.747414
0.557785
0.813395
0.738179
0.852243
0.629946
0.632023
0.698501
0.657397
0.801517
0.533834
0.800857
0.479149
0.737567
0.524557
0.966678
0.821058
0.838432
0.792463
0.634003
0.640606
0.836457
0.749028
0.757437
0.695115
0.790571
0.907811
0.703476
0.488331
0.550586
0.871615
0.521725
0.660265
0.700664
0.915847
0.745598
0.832509
0.747270
0.800501
0.735958
0.697961
0.681380
1.055000
0.723179
0.657084
0.909076
0.594495
0.292935
1.104550
0.656220
0.515469
0.632139
0.536500
0.770967
0.662309
0.877537
0.726824
0.396148
0.513414
0.545540
0.502742
0.826401
0.484620
0.840123
0.336454
1.164330
0.889266
0.704211
0.759276
0.847852
0.647155
0.385039
1.113130
0.533261
0.603754
1.108260
1.029610
0.964616
0.636181
0.790499
0.792337
0.670741
0.753010
