0.008455
0.011965
0.006151
0.010386
0.006945
0.009785
0.005557
0.009046
0.002688
0.008076
0.010409
0.008030
0.011172
0.007262
0.009499
0.009053
0.008085
0.009838
0.008020
0.010708
0.008750
0.009713
0.007646
0.011547
0.008109
0.008294
0.011333
0.008963
0.009540
0.011974
0.008710
0.007460
0.010501
0.007468
0.005488
0.007038
0.006194
0.008728
0.008180
0.008858
0.008423
0.006956
0.009284
0.008505
0.012077
0.005687
0.010013
0.006097
0.006708
0.009304
0.008013
0.008535
0.009356
0.010998
0.009167
0.008889
0.007325
0.004988
0.009337
0.008481
0.007175
0.007967
0.001273
0.009727
0.006810
0.009014
0.005481
0.008900
0.006718
0.009586
0.008560
0.005064
0.006709
0.003711
0.006024
0.008408
0.002674
0.006761
0.005129
0.003074
0.006189
0.012766
0.007597
0.003723
0.008271
0.004413
0.002895
0.005920
0.002122
0.004248
0.006696
0.003391
0.006803
0.009043
0.004968
0.003806
0.009039
0.001713
0.007305
0.000247
