0.004249
0.002421
0.003069
0.000541
0.000350
0.003935
0.005426
0.000372
0.000438
0.000413
0.000327
0.004347
0.003766
0.004485
0.004611
0.004893
0.005274
0.003098
0.004850
0.000246
0.003210
0.003600
0.004552
0.000343
0.003893
0.003930
0.000492
0.004068
0.001855
0.005044
0.000429
0.000393
0.004755
0.003484
0.000491
0.000495
0.000426
0.001561
0.000353
0.004270
0.005023
0.003721
0.000625
0.003863
0.000503
0.004827
0.004034
0.004250
0.000588
0.004106
0.005220
0.000380
0.000724
0.000550
0.000379
0.002111
0.000278
0.000389
0.004310
0.000430
0.000270
0.000259
0.002568
0.001956
0.005140
0.000176
0.000427
0.000383
0.002621
0.005356
0.005574
0.000402
0.000519
0.003233
0.000463
0.002912
0.003916
0.000602
0.003195
0.003057
0.005268
0.004061
0.004474
0.000395
0.001970
0.004081
0.000310
0.000162
0.000162
0.000381
0.001910
0.003167
0.000162
0.000559
0.000149
0.003948
0.000591
0.002686
0.003098
0.000550
