36.791700
31.172100
50.448800
38.325000
30.985100
30.472400
29.048100
38.182900
12.820400
33.045100
39.043900
38.579300
36.042600
35.494100
38.546000
42.626000
42.462500
50.019100
45.035600
37.250300
40.127200
35.726600
39.154300
41.788900
39.226900
26.419200
44.640500
38.220900
62.301400
35.729500
37.632500
37.294400
34.336300
34.081300
36.304600
44.496500
32.381600
51.813300
36.632500
47.137700
66.224900
45.552600
42.949800
40.583700
34.517400
42.316800
33.298700
32.307800
32.803300
54.763600
34.952100
27.888800
50.100000
46.455700
36.977700
38.589800
47.372700
33.921200
38.630500
24.229100
50.748700
47.997400
26.146900
30.544100
59.169300
44.827300
31.606100
31.211800
43.316300
46.862900
45.727300
48.968800
35.876200
27.519700
49.089900
36.315900
46.626600
26.749100
40.937800
39.488000
37.229100
48.072200
50.142300
42.588000
23.090000
39.481200
46.352300
48.412500
48.412500
54.538300
31.583900
43.112900
48.412500
35.980100
53.413100
47.771000
35.947600
39.566100
50.019100
46.455700
