0.164694
0.169934
0.155290
0.169710
0.223165
0.165796
0.210238
0.183954
0.115043
0.163255
0.129274
0.149091
0.175710
0.181358
0.148956
0.193692
0.182944
0.079895
0.193550
0.232870
0.185284
0.148101
0.191805
0.201690
0.168722
0.224980
0.156346
0.168477
0.111869
0.200049
0.190411
0.178097
0.221182
0.190345
0.293393
0.192648
0.230775
0.129921
0.175653
0.234311
0.163289
0.204617
0.145345
0.188346
0.214067
0.221608
0.169872
0.193985
0.215310
0.232016
0.195508
0.205287
0.144292
0.153913
0.234018
0.229120
0.266967
0.203949
0.215105
0.208128
0.233996
0.116859
0.267334
0.195859
0.168070
0.236506
0.223761
0.308398
0.288858
0.256725
0.186506
0.202113
0.252261
0.213285
0.199295
0.268047
0.214867
0.275949
0.211527
0.170631
0.217230
0.146283
0.213916
0.338173
0.264215
0.236267
0.214774
0.267969
0.267969
0.261265
0.245675
0.249866
0.267969
0.236606
0.202685
0.300513
0.289875
0.326825
0.079895
0.153913
