0.010623
0.006052
0.007673
0.001353
0.000875
0.009837
0.013565
0.000929
0.001096
0.001031
0.000817
0.010868
0.009414
0.011211
0.011528
0.012233
0.013185
0.007745
0.012124
0.000615
0.008025
0.008999
0.011380
0.000858
0.009733
0.009826
0.001230
0.010169
0.004637
0.012611
0.001074
0.000981
0.011888
0.008710
0.001228
0.001237
0.001066
0.003903
0.000883
0.010674
0.012559
0.009303
0.001563
0.009657
0.001258
0.012066
0.010084
0.010626
0.001470
0.010265
0.013050
0.000949
0.001810
0.001376
0.000948
0.005279
0.000696
0.000972
0.010774
0.001076
0.000675
0.000649
0.006421
0.004889
0.012850
0.000440
0.001068
0.000958
0.006553
0.013389
0.013934
0.001005
0.001297
0.008083
0.001157
0.007279
0.009790
0.001504
0.007988
0.007642
0.013171
0.010153
0.011186
0.000989
0.004924
0.010203
0.000775
0.000405
0.000405
0.000953
0.004775
0.007919
0.000405
0.001397
0.000372
0.009869
0.001476
0.006714
0.007745
0.001376
