0.001011
0.007248
0.004207
0.002845
0.001786
0.000959
0.002966
0.004363
0.002127
0.000484
0.000369
0.003433
0.002380
0.002942
0.006022
0.002082
0.000994
0.004207
0.004993
0.006973
0.006941
0.001988
0.001608
0.005873
0.001201
0.002655
0.000430
0.001997
0.002057
0.001135
0.001179
0.006802
0.003318
0.003275
0.003449
0.004999
0.003760
0.012801
0.002208
0.001283
0.009740
0.001247
0.000821
0.001109
0.003120
0.000746
0.007954
0.001549
0.002592
0.004167
0.006433
0.004207
0.004870
0.008212
0.000902
0.004405
0.003785
0.001984
0.002358
0.002319
0.004581
0.001152
0.001863
0.001078
0.002618
0.001079
0.003323
0.000966
0.005075
0.004000
0.000913
0.004953
0.002420
0.001314
0.007741
0.001215
0.003434
0.003434
0.002938
0.005498
0.006583
0.001902
0.004259
0.001558
0.001312
0.001885
0.004195
0.001078
0.004808
0.001189
0.003392
0.006092
0.003300
0.000940
0.003199
0.001664
0.005412
0.003559
0.005873
0.000710
