38.841700
50.739900
38.883600
54.091600
64.410100
51.232700
43.044500
18.145300
61.392300
48.410200
47.584100
53.010800
38.732900
48.267100
38.913200
44.852700
53.495100
45.149400
51.403400
54.313400
49.211800
64.004300
25.591500
49.999800
51.038900
43.933600
51.096900
30.562300
51.198300
67.387500
72.473700
65.405300
49.897600
51.638500
60.268500
77.278600
46.855900
62.794100
51.867900
45.252800
61.627700
66.990200
110.872000
54.019300
29.438400
39.573100
51.472900
39.583600
31.895400
77.290300
69.618800
46.088700
39.917100
17.053800
53.102400
31.348800
52.057100
59.219100
26.948000
27.853400
50.193600
23.949400
71.169900
29.155800
42.500600
50.915500
50.514600
53.541100
70.488100
40.525500
32.544600
47.619800
36.803300
37.996500
55.706600
86.582900
13.070300
25.425400
63.676700
51.670900
19.044400
57.097100
29.286500
71.356000
72.306100
75.658100
32.478400
61.953200
47.055100
61.953200
56.193700
47.055100
47.055100
39.298300
84.858200
85.116300
63.847300
42.738700
29.438400
51.403400
