0.009387
0.009171
0.008068
0.006945
0.011965
0.009109
0.009046
0.002688
0.013070
0.010711
0.010470
0.008030
0.006943
0.007262
0.009499
0.010004
0.009053
0.011172
0.008963
0.014497
0.008975
0.008294
0.011572
0.007646
0.010344
0.009319
0.010708
0.008750
0.012606
0.014238
0.006956
0.009284
0.009482
0.007708
0.008542
0.004951
0.007958
0.006143
0.005488
0.009775
0.008728
0.004993
0.013887
0.004874
0.008505
0.012077
0.009391
0.007895
0.010832
0.012370
0.009727
0.008223
0.006708
0.008481
0.006271
0.005809
0.010053
0.007325
0.010998
0.008793
0.006810
0.007967
0.009356
0.001273
0.004924
0.011329
0.006955
0.007895
0.006709
0.008560
0.000834
0.006625
0.006091
0.010534
0.009194
0.002674
0.006189
0.005129
0.006761
0.001688
0.004126
0.008393
0.010227
0.007702
0.003723
0.008271
0.003637
0.002122
0.006696
0.002122
0.006803
0.006696
0.006696
0.007536
0.003638
0.008212
0.009039
0.000247
0.008505
0.008963
