0.005961
0.004485
0.009834
0.005916
0.002802
0.002691
0.006738
0.006438
0.002337
0.004945
0.001013
0.003797
0.002563
0.005652
0.007909
0.004291
0.002908
0.009834
0.005203
0.005663
0.008481
0.004208
0.006273
0.004243
0.003887
0.001657
0.004861
0.002046
0.003903
0.004114
0.005639
0.001386
0.000680
0.002740
0.007077
0.005805
0.006059
0.003219
0.002238
0.001279
0.002908
0.001431
0.001700
0.004745
0.007666
0.001934
0.003310
0.003788
0.003992
0.003047
0.003376
0.009834
0.002588
0.004414
0.003953
0.002419
0.003048
0.002820
0.006597
0.005359
0.002711
0.002341
0.001147
0.003477
0.006060
0.001304
0.003962
0.004709
0.004788
0.006814
0.002009
0.006539
0.000605
0.006660
0.001182
0.002451
0.003354
0.003354
0.007667
0.005219
0.002688
0.003378
0.001559
0.005976
0.005233
0.003400
0.003533
0.003477
0.005525
0.004119
0.004742
0.001284
0.006084
0.000811
0.004476
0.004931
0.001054
0.001757
0.004243
0.005660
