0.009837
0.001556
0.006052
0.007916
0.000854
0.010224
0.000592
0.000642
0.010926
0.000817
0.011528
0.000993
0.012233
0.010641
0.007745
0.011211
0.001070
0.013185
0.012219
0.001090
0.010457
0.000858
0.009000
0.008949
0.008999
0.001198
0.001124
0.000709
0.001157
0.000615
0.001237
0.000918
0.010084
0.001074
0.011765
0.012066
0.012559
0.000892
0.007000
0.009361
0.010885
0.001024
0.009303
0.001125
0.000631
0.001108
0.000861
0.012850
0.009339
0.000367
0.001376
0.000780
0.006640
0.015811
0.005983
0.010311
0.010265
0.004889
0.000675
0.015421
0.000761
0.011183
0.010774
0.001019
0.013050
0.001159
0.008786
0.001144
0.013934
0.001068
0.013389
0.010591
0.001297
0.009513
0.001157
0.000789
0.008409
0.012071
0.001504
0.014218
0.001361
0.000512
0.007279
0.009648
0.001545
0.000628
0.001662
0.000953
0.000405
0.000953
0.007919
0.000405
0.000405
0.005936
0.001397
0.001476
0.001711
0.006714
0.000631
0.012219
