0.886504
1.199350
0.675808
0.785430
0.764274
0.670463
0.636782
0.756412
0.499531
0.748750
0.790757
0.581415
0.747414
0.710446
0.798471
0.792789
0.646351
0.755549
0.845157
1.141840
0.813395
0.750254
0.800857
0.397150
0.373010
0.517719
1.038450
0.533834
0.697925
0.657397
0.488120
0.390733
0.634003
0.670741
0.524557
0.687243
0.716300
0.695115
0.921642
0.155552
0.757437
0.795029
0.213598
0.737567
0.488331
0.821058
0.550586
0.469438
0.292935
0.521725
0.738230
0.800501
0.915847
0.735958
0.723179
0.474072
0.681380
0.747270
0.861303
0.594495
0.745598
0.737116
0.289897
0.657084
0.696640
0.673192
0.725501
0.515469
0.863668
1.002000
0.770967
0.548970
0.662309
0.404357
0.584407
0.518935
1.226460
0.726824
0.336454
0.584407
0.759878
0.502742
0.575872
0.889266
0.865339
1.164840
0.414880
0.647155
1.113130
0.533261
0.533261
0.385039
0.385039
1.426040
1.029610
0.790499
0.636181
0.753010
0.634003
0.770625
