0.000875
0.013565
0.001062
0.001556
0.008849
0.010623
0.007673
0.010926
0.009837
0.000967
0.010641
0.011211
0.010007
0.001070
0.001102
0.012233
0.001031
0.000790
0.012262
0.001198
0.001124
0.009733
0.000921
0.009000
0.009342
0.000923
0.009826
0.012219
0.009800
0.000858
0.001099
0.009303
0.007194
0.012943
0.001450
0.010084
0.000892
0.001237
0.001228
0.016756
0.003886
0.000981
0.001258
0.000165
0.001563
0.008710
0.000913
0.001325
0.000761
0.006640
0.015421
0.001148
0.023045
0.004889
0.015856
0.001085
0.001076
0.000972
0.000949
0.001376
0.010774
0.011312
0.005983
0.011183
0.001739
0.000440
0.006553
0.008661
0.001005
0.001033
0.001068
0.000718
0.001031
0.001361
0.009152
0.013171
0.000512
0.000885
0.013994
0.009152
0.001157
0.001504
0.009513
0.001545
0.000634
0.013211
0.000775
0.006935
0.007919
0.000405
0.000405
0.000953
0.000953
0.001631
0.000739
0.001711
0.009869
0.006714
0.007194
0.000642
