52.210400
51.232700
61.392300
27.187200
50.739900
48.241900
38.883600
35.753200
38.841700
56.426200
54.368200
38.913200
53.495100
44.852700
48.410200
40.426600
53.010800
46.650400
61.465800
49.211800
37.864500
38.852100
30.562300
53.434600
56.175800
48.257800
43.933600
51.403400
51.096900
50.501000
46.855900
77.278600
49.897600
44.184300
50.866000
72.473700
39.462100
60.793100
29.438400
63.011500
37.301300
30.161800
64.263300
28.071100
65.378500
51.638500
56.201300
45.579900
60.816100
17.053800
50.627100
71.169900
53.102400
32.975000
61.704500
32.176000
59.219100
39.917100
51.783300
39.583600
38.254000
42.400900
47.183600
49.928600
54.429700
60.830100
50.116900
54.530300
86.753400
37.980900
53.541100
83.015900
50.514600
37.996500
57.097100
63.030100
86.582900
36.049800
25.425400
68.298200
44.511200
19.044400
14.747700
40.696400
66.175500
32.213200
72.306100
47.055100
71.620900
61.953200
48.669900
43.107800
36.623500
63.424600
50.340800
85.116300
63.847300
38.980700
47.619800
53.508500
