0.169077
0.134614
0.270877
0.128097
0.258877
0.126082
0.169934
0.169710
0.165796
0.236351
0.175710
0.079895
0.158258
0.181358
0.129274
0.149091
0.146116
0.201810
0.193550
0.206192
0.160524
0.110521
0.174312
0.224980
0.200049
0.164652
0.186819
0.134872
0.239144
0.147321
0.163289
0.221608
0.169872
0.191377
0.188346
0.192648
0.215517
0.129921
0.146514
0.214067
0.190345
0.307796
0.145345
0.133947
0.202530
0.190411
0.230775
0.266967
0.223610
0.181640
0.249020
0.215105
0.231589
0.208128
0.213293
0.203949
0.195859
0.228678
0.144292
0.168070
0.193985
0.215310
0.148156
0.267334
0.176934
0.175432
0.210099
0.180453
0.145350
0.221316
0.229657
0.228958
0.220994
0.160107
0.208448
0.213285
0.203173
0.213916
0.206697
0.170631
0.206136
0.331394
0.146283
0.254793
0.091962
0.261319
0.269015
0.267969
0.245675
0.261265
0.176148
0.261319
0.249149
0.287910
0.179669
0.289875
0.237393
0.261304
0.214025
0.158764
