1.016948
0.673782
0.239021
0.021573
0.846091
1.102857
1.175920
1.077073
1.458619
0.933456
0.549579
1.986303
-0.360169
0.192669
1.775647
1.138805
1.316243
1.123858
-0.270883
0.880827
-0.004321
0.348249
0.015351
1.268351
0.746560
-0.083040
0.671445
-0.680217
0.806873
0.277312
-0.403464
0.347056
-0.587773
0.124505
0.645220
0.298023
-0.227499
0.428249
0.305419
0.693557
-0.596847
0.035467
0.304811
0.440164
-0.432909
-0.621712
0.191053
0.306064
1.008929
1.009143
-0.182551
-0.194854
-0.143231
-0.060163
-0.474811
-0.336706
0.302335
0.324373
-0.243234
0.270990
-0.093438
0.915701
0.204357
0.361294
-0.370728
0.481959
-0.316823
0.216937
0.078459
0.358218
0.514740
0.127773
0.581362
0.442581
0.276978
-0.335912
0.168257
-0.218070
0.166625
0.031128
0.884514
-0.242807
0.570374
-0.085961
0.269347
0.023222
-0.295875
-0.250009
-0.289241
0.376854
0.656081
0.323381
0.628067
-0.238936
0.538010
-0.191686
-0.069035
-0.103141
-0.389826
0.807236
