0.056570
0.058242
0.015899
0.049139
0.054807
0.050950
0.046096
0.048689
0.077307
0.049081
0.043561
0.050626
0.037472
0.044062
0.042193
0.045467
0.041789
0.044424
0.048105
0.037948
0.045069
0.037450
0.038593
0.029465
0.042120
0.032737
0.048199
0.037941
0.037866
0.048852
0.036167
0.031761
0.047659
0.036539
0.047309
0.028336
0.043145
0.022349
0.039331
0.034486
0.035929
0.037992
0.036500
0.045626
0.029749
0.051587
0.035168
0.046757
0.037641
0.033736
0.033980
0.016863
0.040485
0.043449
0.029583
0.022494
0.052309
0.035456
0.042984
0.046036
0.047590
0.042257
0.052407
0.038613
0.032391
0.033353
0.030957
0.022761
0.022363
0.034349
0.039964
0.034870
0.020900
0.045847
0.027608
0.019278
0.023390
0.014166
0.036423
0.024393
0.034941
0.039026
0.020249
0.047443
0.046030
0.040629
0.028340
0.018360
0.011452
0.050502
0.017662
0.026203
0.036398
0.008482
0.043287
0.024759
0.028634
0.028231
0.044062
0.048689
