0.009046
0.013070
0.010233
0.009404
0.008124
0.009722
0.009387
0.008068
0.009171
0.008338
0.006943
0.010004
0.010470
0.011172
0.009053
0.007763
0.009499
0.008030
0.008109
0.008294
0.011974
0.011965
0.012606
0.011572
0.011547
0.010145
0.006811
0.011605
0.008004
0.007901
0.008542
0.009391
0.004951
0.007708
0.006194
0.011368
0.008728
0.011394
0.004874
0.008537
0.012077
0.010202
0.009581
0.004177
0.009284
0.007175
0.010013
0.008013
0.006003
0.009304
0.006271
0.006708
0.007895
0.004988
0.004924
0.001273
0.007175
0.007325
0.006810
0.010998
0.008535
0.010832
0.011052
0.004049
0.009727
0.002753
0.007221
0.006984
0.006718
0.007232
0.000834
0.009586
0.005157
0.003711
0.012766
0.006189
0.009194
0.001688
0.006025
0.007597
0.005877
0.002674
0.008393
0.007310
0.006979
0.002895
0.006330
0.002122
0.003936
0.006803
0.006696
0.003391
0.005208
0.005689
0.001174
0.003806
0.008212
0.000247
0.011172
0.008068
