0.795646
0.293047
0.710330
1.548500
0.238459
0.678953
0.794383
0.678470
0.815914
0.872954
0.538433
0.079759
0.421595
0.265111
0.354322
0.239187
0.000000
0.240822
0.000000
0.168291
0.454108
0.236578
0.137736
0.065065
0.206036
0.000000
0.226099
0.059864
0.102979
1.583880
0.324885
0.237329
0.276453
0.070577
0.577625
0.643809
0.000000
0.529975
0.161585
0.058558
0.562552
0.279980
1.170670
0.189808
0.222095
0.210109
0.485426
0.199903
0.542593
0.101455
0.091394
0.731506
0.506871
0.220953
0.519732
0.283916
0.167934
0.748523
0.051963
0.051684
0.000000
0.246614
0.225382
0.473259
0.786341
0.071760
0.055982
0.196808
0.686975
0.836254
0.550327
0.557281
0.791024
0.356736
0.750017
0.250547
0.203050
0.515208
0.655368
0.093176
0.082555
0.624473
1.128434
0.125343
0.360649
0.089641
0.094269
0.456195
0.491775
0.259688
0.326999
0.080172
0.322937
0.502013
0.254415
0.053291
0.089422
0.230728
0.265111
0.678470
