-59.417700
-59.533700
-57.808400
-56.339100
-57.040700
-59.346100
-56.361800
-56.615000
-58.292900
-58.408500
-57.120600
-57.262200
-59.390400
-57.987200
-59.245600
-56.399000
-58.418600
-55.891100
-56.112600
-59.892500
-56.608400
-56.869300
-56.588000
-57.757000
-56.389800
-58.573000
-56.920600
-55.331300
-56.391200
-55.535200
-58.205500
-56.285200
-57.006100
-58.306100
-59.893000
-57.858000
-59.636700
-57.717900
-57.914200
-55.717800
-58.691500
-56.239600
-58.240400
-59.886600
-57.675600
-57.037500
-56.492500
-57.046300
-57.111500
-55.591500
-56.947900
-58.380400
-61.348400
-56.705000
-58.209000
-56.230100
-58.483100
-56.528000
-58.297300
-57.778300
-56.436300
-58.959300
-58.208800
-56.182700
-57.096600
-58.233800
-59.277500
-55.025100
-56.503800
-57.284500
-57.230800
-57.560900
-58.079400
-56.900700
-57.480700
-56.528600
-55.840500
-58.914800
-57.622400
-59.091100
-54.245600
-56.446500
-58.616700
-59.118400
-56.861200
-55.807800
-58.071800
-58.020700
-54.340500
-57.880200
-54.927400
-57.035200
-58.020700
-55.311600
-56.618600
-55.343200
-55.053200
-56.459300
-56.558100
-57.120600
