0.548279
0.613854
1.061540
0.752844
0.756412
0.656789
0.675808
0.733800
0.499531
0.470485
0.677797
0.792789
0.570899
0.755549
0.646351
0.391837
0.790757
0.655395
0.738179
0.287581
0.557785
0.435142
1.038450
0.697925
0.479737
0.281659
0.691397
0.397150
0.667799
0.373010
0.155552
0.986125
0.795519
0.731563
0.749028
0.514788
0.784945
0.749220
0.550586
0.792463
0.659977
0.716300
0.907811
0.719629
0.703476
0.821058
0.213598
0.700664
0.173453
0.708161
0.696640
0.660265
0.435333
0.714793
0.934044
0.871615
0.681380
0.909076
0.737116
0.832509
0.469438
0.697961
0.492508
0.945951
0.800501
0.662309
0.828475
0.643475
0.770967
0.863668
0.456520
0.994288
0.473007
0.575872
0.584407
0.840123
0.502742
1.164330
0.812620
0.404357
0.759878
0.795001
1.226460
1.012010
0.759276
0.889266
0.723412
0.385039
1.108260
1.429880
0.647155
1.113130
0.385039
0.841696
0.640246
0.790499
0.670649
0.792337
1.199350
0.677797
