0.003434
0.005783
0.001078
0.001549
0.001558
0.000994
0.001078
0.000894
0.000913
0.003713
0.002082
0.001109
0.012801
0.008863
0.007470
0.012083
0.000858
0.003233
0.003642
0.003127
0.002183
0.000937
0.002118
0.001152
0.004581
0.003300
0.003760
0.002858
0.001664
0.002057
0.005383
0.001247
0.006814
0.009897
0.005734
0.005230
0.004195
0.000710
0.004787
0.006249
0.004877
0.000761
0.004405
0.006576
0.001007
0.002283
0.005412
0.003553
0.001287
0.001997
0.002208
0.000731
0.003199
0.000866
0.005606
0.004309
0.005075
0.001147
0.003026
0.003275
0.000972
0.004953
0.006973
0.001988
0.003747
0.007741
0.002380
0.004870
0.000934
0.002618
0.000745
0.003785
0.004363
0.003318
0.005368
0.000439
0.004022
0.000430
0.006863
0.000746
0.002420
0.001063
0.003793
0.004692
0.000865
0.003392
0.003056
0.004960
0.004574
0.001179
0.004999
0.003514
0.001279
0.003056
0.006433
0.002319
0.004405
0.002592
0.004292
0.003964
