0.003354
0.003592
0.003477
0.003788
0.005976
0.002908
0.003477
0.003274
0.002009
0.003047
0.004291
0.004745
0.003219
0.002331
0.002038
0.004914
0.006154
0.000895
0.008683
0.003284
0.001237
0.003912
0.001308
0.002341
0.002711
0.006084
0.006059
0.003839
0.004931
0.003903
0.002872
0.001431
0.003513
0.005554
0.002665
0.002897
0.003533
0.005660
0.005181
0.002513
0.006472
0.006383
0.002419
0.001079
0.004979
0.001492
0.001054
0.001134
0.006761
0.002046
0.002238
0.003093
0.004476
0.004708
0.000912
0.006816
0.004788
0.006056
0.001084
0.002740
0.006126
0.006539
0.005663
0.004208
0.007140
0.001182
0.002563
0.002588
0.002610
0.006060
0.001952
0.003048
0.006438
0.000680
0.003167
0.002673
0.000933
0.004861
0.000977
0.001934
0.000605
0.004392
0.005787
0.002687
0.002249
0.004742
0.002896
0.001040
0.000943
0.005639
0.005805
0.002513
0.007405
0.002896
0.003376
0.005359
0.001315
0.003992
0.001029
0.001102
