0.113120
0.106711
0.076186
0.092801
0.111747
0.102077
0.057962
0.090832
0.160002
0.063839
0.103260
0.122837
0.150961
0.104543
0.108701
0.122740
0.095379
0.096489
0.090098
0.160091
0.093529
0.150570
0.103873
0.092656
0.099271
0.120299
0.103592
0.089920
0.118599
0.071439
0.088568
0.093152
0.076345
0.099860
0.116151
0.101552
0.117755
0.080924
0.120409
0.082425
0.110632
0.107439
0.131414
0.104920
0.142560
0.111080
0.095252
0.106529
0.139148
0.143312
0.143927
0.126259
0.171120
0.119259
0.145575
0.185947
0.123627
0.083783
0.145187
0.137742
0.139965
0.199406
0.134088
0.145857
0.114051
0.144083
0.119614
0.113645
0.113999
0.165029
0.074846
0.107315
0.108836
0.196372
0.140549
0.065718
0.136636
0.120139
0.164806
0.141757
0.111130
0.107167
0.120098
0.116243
0.060144
0.090407
0.158449
0.124080
0.132056
0.147850
0.140418
0.121587
0.124080
0.184969
0.163182
0.187720
0.175556
0.153837
0.100318
0.103260
