0.010224
0.013091
0.004823
0.000541
0.010926
0.011251
0.001062
0.000929
0.009837
0.009532
0.010868
0.012233
0.007745
0.000790
0.001031
0.000817
0.010641
0.001040
0.000709
0.014135
0.001230
0.004637
0.009826
0.009800
0.012624
0.001090
0.010457
0.009000
0.008999
0.009342
0.016756
0.012559
0.001125
0.011765
0.000824
0.003903
0.012066
0.001024
0.000913
0.013486
0.000980
0.000892
0.000631
0.001066
0.001108
0.008710
0.001258
0.000948
0.001470
0.010265
0.001739
0.000918
0.010311
0.006414
0.000696
0.001810
0.001076
0.001019
0.011312
0.000675
0.001325
0.000649
0.012850
0.000780
0.001148
0.001031
0.010591
0.001046
0.001068
0.001005
0.013389
0.008786
0.000622
0.009513
0.009152
0.008409
0.001504
0.008083
0.010153
0.001361
0.001157
0.007279
0.000512
0.004924
0.000989
0.001545
0.009648
0.000953
0.007919
0.000417
0.006935
0.007919
0.000953
0.000372
0.005936
0.001711
0.001476
0.000832
0.013565
0.010868
