-0.552204
-0.389962
-0.466012
-1.008793
-1.264390
-0.469522
-0.776736
-0.732946
-1.050781
0.140084
0.166873
0.080978
-0.197992
-0.082026
-0.063289
-0.105509
-0.141897
0.092983
0.554653
0.337602
0.994160
0.554349
0.099535
0.163047
0.579993
0.142356
0.521483
0.159284
0.404228
0.142893
1.121184
0.864734
1.124122
1.085098
1.431360
1.279428
0.684213
1.383987
0.501853
1.207931
1.053551
1.073567
0.929254
0.733581
0.678516
0.835597
0.852356
1.232227
1.405459
1.258911
1.050393
1.047704
1.216302
1.299574
1.291533
1.469784
1.432767
1.555895
1.678570
2.784608
0.920584
1.194183
1.126520
2.807208
1.480845
3.000248
2.021411
1.569148
2.043737
2.165909
2.170797
1.428813
2.165704
2.689370
1.923994
2.407766
1.788006
1.440716
2.492903
2.609907
2.270257
1.765569
2.430654
2.646078
2.900802
1.976942
3.503873
3.249761
2.289007
2.825028
3.010667
3.116171
3.116171
2.791803
2.583919
3.186144
4.170508
3.851470
1.752345
2.395575
