0.000350
0.004500
0.003167
0.005236
0.000216
0.003540
0.005426
0.002421
0.004249
0.003813
0.004893
0.000413
0.000397
0.000316
0.000327
0.000441
0.000387
0.004485
0.003930
0.000284
0.000246
0.000492
0.004552
0.005044
0.000343
0.003920
0.004068
0.003737
0.004183
0.000463
0.002800
0.000503
0.000365
0.000542
0.001554
0.004827
0.002878
0.000409
0.003863
0.000495
0.004354
0.000443
0.000393
0.000329
0.000491
0.000625
0.000066
0.004808
0.000434
0.000332
0.002393
0.000430
0.000367
0.006342
0.004473
0.000389
0.000643
0.004250
0.001956
0.000270
0.004310
0.000695
0.004125
0.009218
0.000588
0.000402
0.000413
0.000249
0.004236
0.000243
0.000413
0.000458
0.000355
0.004061
0.003661
0.004474
0.003916
0.000316
0.005687
0.005598
0.003057
0.003661
0.003233
0.000251
0.000395
0.000665
0.006033
0.000162
0.000162
0.000167
0.000381
0.003168
0.000398
0.002375
0.004027
0.000591
0.000684
0.002686
0.004249
0.004354
