0.001312
0.001002
0.002183
0.001453
0.001247
0.003433
0.004870
0.000913
0.005734
0.002127
0.001215
0.006433
0.004207
0.001522
0.001078
0.001988
0.000934
0.001152
0.004925
0.006574
0.004226
0.006583
0.006799
0.001674
0.001549
0.004607
0.003642
0.002380
0.003553
0.002016
0.002966
0.006478
0.001287
0.001279
0.000894
0.003233
0.007470
0.001073
0.001863
0.004993
0.000761
0.006863
0.000796
0.007248
0.004207
0.003449
0.000972
0.001079
0.002305
0.002655
0.004292
0.002690
0.001953
0.001055
0.001575
0.000865
0.006069
0.002118
0.005368
0.002118
0.001007
0.004022
0.003891
0.001902
0.006092
0.006236
0.004574
0.001885
0.003760
0.004787
0.004993
0.006576
0.004858
0.002082
0.001747
0.005979
0.005606
0.000687
0.004808
0.003120
0.003548
0.004363
0.000439
0.007954
0.002352
0.004309
0.003785
0.003793
0.003056
0.004999
0.001404
0.004877
0.000387
0.004167
0.009740
0.001240
0.003582
0.003127
0.004858
0.001561
