0.003957
0.007058
0.002938
0.035069
0.003380
0.006567
0.038216
0.078289
0.003117
0.001253
0.024434
0.029675
0.008386
0.010628
0.000029
0.008368
0.007097
0.002357
0.003164
0.080742
0.089942
0.082669
0.020708
0.134909
0.045662
0.018507
0.008147
0.010564
0.010258
0.038382
0.148512
0.018430
0.010126
0.028873
0.009653
0.010234
0.059633
0.035689
0.099513
0.022316
0.069550
0.076284
0.028144
0.017572
0.107476
0.491005
0.103163
0.091263
0.765406
0.120633
0.138738
0.118938
0.306832
0.064514
0.029752
0.174747
0.591668
0.272752
0.055903
0.096798
0.718967
0.159385
0.013242
0.764081
0.103581
0.348793
0.138620
0.108706
0.038018
0.075706
0.050669
0.085280
0.682939
0.479386
0.722032
0.079345
0.535591
0.011939
0.168988
0.034057
0.324132
0.722032
0.784898
1.005139
0.785407
0.930036
0.099871
1.593705
1.854881
0.873871
1.279449
0.694417
0.239384
14.465038
0.845302
0.077403
0.752204
5.512727
0.003117
0.069550
