-0.466012
-0.575323
-0.776736
-0.520778
-0.568758
-1.228839
-0.902808
-0.552204
-1.050781
-0.447051
0.143108
-0.147794
0.188820
-0.068871
-0.082026
0.001278
-0.141897
0.085040
0.099535
0.521483
0.599754
0.474847
0.705726
0.579993
0.767317
0.405287
0.695316
0.243203
0.689292
0.404228
1.317612
1.431360
1.279428
1.095636
1.664462
1.290429
0.854704
3.166055
0.897868
0.929254
1.150798
0.835597
0.927305
1.073567
1.053551
1.082841
0.852356
2.055845
1.120473
2.632879
1.216302
1.752345
1.357473
1.717285
1.050393
1.194183
1.555895
1.432767
1.510918
2.807208
1.678570
1.405459
1.548759
1.047704
1.539816
2.328027
3.000248
1.287413
1.428813
2.170797
1.622664
1.569148
2.946645
1.765569
2.492903
1.788006
2.239467
2.609907
2.395575
1.923994
2.179478
1.988700
2.289613
2.516878
1.976942
3.644332
3.503873
3.116171
3.010667
3.116171
3.010667
3.116171
3.292204
2.791803
3.779844
3.329139
3.186144
3.851470
3.595305
3.644332
