0.770625
1.199350
0.670463
0.764274
1.061540
0.656789
0.613854
0.785430
0.636782
0.802716
0.732641
0.581415
0.707563
0.710446
0.790757
0.629857
0.755549
0.677797
0.287581
0.397150
0.517719
0.497440
0.691397
0.722432
0.800857
0.373010
0.738179
0.629946
0.282753
0.281659
0.670741
0.550586
0.634003
0.966678
0.456384
0.838432
0.695115
0.566293
0.640606
0.792463
0.836427
0.514788
0.795029
0.155552
0.784945
0.731563
0.775702
0.754488
0.714793
0.681380
0.292935
0.945951
0.655649
0.594495
0.737601
0.660265
0.469438
0.435333
0.735958
0.915847
0.723179
0.800501
1.055000
0.737116
0.708161
0.673192
1.081730
0.656220
0.863668
0.456520
1.104550
0.548970
0.515469
0.584407
0.812620
0.484620
0.396148
0.513414
0.502742
0.726824
0.518935
0.826401
0.759878
0.252425
1.012010
0.847852
0.509100
1.113130
1.108260
0.533261
0.603754
0.385039
0.533261
0.640246
0.640246
0.636181
0.790499
0.792337
0.548279
0.925858
