7.496819
10.405931
10.271554
7.128016
13.420757
5.686253
11.041574
5.652655
11.539215
5.506193
11.800550
5.636450
6.972896
11.977048
7.858889
6.277914
8.215747
6.370892
6.658056
12.055906
8.168036
10.328406
7.624160
6.359674
5.395180
11.450475
11.478767
5.350748
7.693370
11.046131
7.789998
11.298675
11.046131
6.216455
5.291600
12.048164
5.153909
10.336881
7.469688
7.397742
6.359674
6.959389
13.112511
9.776967
9.867685
5.119741
11.240862
5.775764
5.856182
4.556535
10.737612
9.941379
10.134484
6.363538
10.407604
11.196456
11.893283
5.105274
7.427960
8.326711
7.927761
5.075127
11.988731
5.055773
7.291691
4.999162
4.887875
4.851998
9.237926
9.810303
7.672313
10.110132
11.191626
9.058059
4.723042
8.329089
6.373147
6.705581
6.937847
10.728152
11.389701
8.652397
10.325067
8.182256
4.640299
8.369188
4.621813
6.918621
9.214133
6.471680
10.118458
6.028593
10.924003
9.118001
7.302547
9.009488
10.214561
9.727181
9.481984
5.399514
