36.662000
39.785400
32.025600
50.448800
32.653900
30.985100
9.967190
49.521300
52.792200
41.136600
26.265900
47.045400
42.462500
31.423500
33.045100
44.032000
38.579300
27.718600
34.208600
29.622400
25.874000
41.788900
62.301400
38.220900
45.595400
32.490000
39.293100
43.957000
37.198900
35.729500
34.264500
26.181800
51.813300
66.224900
37.506600
34.081300
32.381600
44.496500
48.471100
35.693200
30.235500
33.632100
30.411200
40.985700
37.294400
42.949800
32.931200
36.977700
54.763600
36.195200
54.179500
32.991400
36.109900
46.455700
36.475500
32.307800
28.189600
37.145600
29.848200
38.630500
33.921200
47.372700
49.936400
30.685900
47.997400
31.606100
31.211800
40.275000
46.079200
41.993400
22.664200
29.118900
37.815400
37.229100
37.142200
49.089900
49.034100
56.239100
38.469800
49.034100
45.699000
42.881900
50.142300
47.881500
50.265800
23.090000
33.997600
48.412500
34.792600
31.583900
54.538300
60.287300
43.112900
40.500300
35.980100
60.336800
47.771000
48.172300
53.413100
35.980100
