0.006945
0.008455
0.009109
0.010724
0.006151
0.008748
0.013070
0.002688
0.009046
0.009221
0.010779
0.009969
0.011172
0.009053
0.007763
0.008076
0.008847
0.007262
0.012606
0.009319
0.008109
0.008294
0.011471
0.009261
0.011974
0.009076
0.009540
0.008750
0.011605
0.009713
0.010013
0.011368
0.004177
0.007958
0.009391
0.007468
0.007195
0.006956
0.012077
0.009775
0.009284
0.010202
0.007038
0.006143
0.011394
0.005687
0.008542
0.008013
0.010053
0.007967
0.008223
0.006265
0.010832
0.009727
0.010007
0.006003
0.008793
0.007304
0.006708
0.009356
0.009167
0.010045
0.011052
0.006271
0.004988
0.008560
0.005481
0.009014
0.005772
0.002753
0.006955
0.006984
0.005064
0.006025
0.004126
0.009194
0.006876
0.003711
0.010534
0.006876
0.008393
0.005129
0.006024
0.006979
0.003723
0.007150
0.003637
0.006696
0.005208
0.003391
0.002122
0.003936
0.006803
0.007536
0.003638
0.009039
0.003806
0.001713
0.002342
0.003638
