52.210400
51.082500
63.591200
48.241900
43.044500
35.753200
50.739900
63.062700
51.194300
26.644000
38.732900
47.584100
56.426200
47.184700
45.149400
49.220500
52.103300
44.852700
48.257800
50.501000
10.536600
40.647900
56.016100
49.561200
57.658400
45.684700
68.881400
51.096900
67.387500
36.044600
61.627700
30.161800
46.855900
43.912600
51.472900
58.228500
40.966600
55.954100
19.653100
29.438400
49.897600
28.071100
49.290700
47.782800
54.019300
39.573100
63.011500
59.653400
33.180200
46.088700
77.290300
50.627100
56.101800
59.219100
27.853400
31.895400
57.749800
57.320900
48.093400
23.949400
51.783300
47.183600
32.176000
53.508500
71.169900
36.803300
57.049200
50.915500
48.393000
40.525500
50.288100
36.181400
32.544600
63.030100
44.511200
25.425400
68.298200
57.097100
55.706600
13.070300
66.515100
63.676700
86.582900
49.950500
69.861000
32.213200
34.516600
36.623500
43.107800
47.055100
48.669900
56.193700
47.055100
61.287200
39.298300
32.917200
85.116300
42.738700
30.672500
10.536600
