0.000936
0.002897
0.005554
0.005219
0.005805
0.003679
0.008563
0.003284
0.009834
0.006154
0.004560
0.002460
0.002046
0.001497
0.000895
0.002038
0.002331
0.006413
0.000829
0.003219
0.003513
0.003887
0.000768
0.006597
0.007140
0.002665
0.001103
0.002252
0.001657
0.003782
0.006517
0.001079
0.002563
0.006375
0.005649
0.007703
0.001735
0.001102
0.004119
0.008481
0.002957
0.008683
0.005188
0.003777
0.004914
0.004334
0.003274
0.002954
0.003903
0.004923
0.000987
0.002908
0.001757
0.000977
0.001308
0.003378
0.000680
0.001040
0.004931
0.003242
0.004945
0.008717
0.005350
0.005961
0.002688
0.005976
0.005515
0.001147
0.004753
0.007666
0.002610
0.002520
0.003354
0.003788
0.001934
0.002495
0.002673
0.004745
0.000811
0.009834
0.002213
0.006625
0.005359
0.004291
0.005233
0.002872
0.000934
0.006914
0.006126
0.000805
0.001952
0.005916
0.001084
0.003953
0.001559
0.003992
0.005203
0.002588
0.005554
0.001279
