1.016948
-0.499160
0.210870
1.102857
0.826815
1.077073
0.846091
0.006103
-0.829913
0.067629
1.105449
-0.194084
0.933456
0.177044
0.055905
1.136037
1.627848
0.192669
-0.083040
0.277312
-0.368164
0.414901
0.038304
0.306678
-0.542966
-0.955441
0.285711
0.806873
0.218643
-0.169893
-1.129666
0.035467
-0.403464
0.384523
-0.007075
-0.454473
0.357134
-0.413929
2.115767
0.305419
-0.587773
0.440164
0.376336
0.396485
-0.027709
-0.008591
0.693557
0.005950
0.250469
-0.001780
-0.041698
-0.182551
-0.112438
0.302335
-0.013572
-0.281508
-0.325151
0.529227
1.877733
0.124031
-0.243234
0.204357
-0.336706
0.807236
-0.194854
-0.192403
0.085611
0.063889
-0.193315
-0.399665
0.232138
-0.121593
0.838745
-0.335912
0.884514
0.166625
0.031128
0.276978
0.021569
-0.364206
2.232083
0.537064
0.168257
0.217415
-0.291892
0.023222
0.130047
0.628067
0.323381
-0.250009
0.656081
0.093974
-0.250009
-0.055080
-0.207791
-0.113292
-0.191686
0.636413
1.399941
-0.368164
