-0.732946
-0.590745
-0.438779
-0.537870
-0.469522
-0.520778
-0.552204
-0.969374
-0.392254
-0.068871
-0.105509
0.080978
0.085040
-0.082026
-0.447051
0.140084
0.092983
0.001278
0.705726
0.695316
0.348469
0.444123
0.404228
0.455582
0.159284
0.767317
0.223194
0.198591
0.474713
0.689292
1.368782
0.929254
0.854704
0.625505
1.004733
1.177930
1.279428
3.166055
1.124122
1.082841
0.835597
1.317612
1.294416
1.073567
1.150798
1.278496
1.095636
1.000063
2.212256
1.569786
1.047704
1.548759
1.539816
1.555895
2.807208
1.216302
1.291533
1.077076
1.357473
1.678570
1.438463
2.632879
1.432767
1.276581
1.126520
2.043737
1.428813
2.946645
2.165704
1.229439
2.170797
2.635790
1.898462
1.721669
1.988700
2.395575
2.609907
2.270257
2.492903
1.786361
1.765569
2.689370
2.027685
2.871707
2.803232
2.529874
2.516878
3.292204
2.289007
3.116171
2.825028
3.116171
3.010667
2.979332
3.119335
3.329139
3.186144
3.851470
1.738861
-0.547294
