0.042583
0.037469
0.047607
0.035062
0.043778
0.077307
0.052616
0.043855
0.048689
0.031748
0.039465
0.050626
0.045467
0.044424
0.043561
0.037773
0.049081
0.041812
0.039231
0.024272
0.035675
0.048199
0.048472
0.037866
0.031538
0.042120
0.046060
0.042898
0.036331
0.032737
0.036500
0.047659
0.045924
0.031761
0.063561
0.036167
0.039445
0.051587
0.033867
0.034571
0.041416
0.043145
0.027924
0.020997
0.039536
0.048581
0.036539
0.050899
0.039782
0.036197
0.048495
0.039815
0.042984
0.046144
0.029827
0.046757
0.046036
0.032667
0.047590
0.032391
0.034956
0.029583
0.042257
0.052407
0.048404
0.039964
0.032487
0.044425
0.022363
0.034349
0.030957
0.045550
0.033353
0.022776
0.032261
0.019278
0.024945
0.024945
0.027608
0.049588
0.070625
0.031715
0.045847
0.026719
0.046030
0.021925
0.030827
0.018360
0.011452
0.017662
0.018751
0.017662
0.026203
0.046807
0.008482
0.027088
0.028634
0.039060
0.036765
0.037472
