0.003540
0.000622
0.000372
0.000257
0.003935
0.000425
0.000237
0.004090
0.004249
0.004485
0.000428
0.004347
0.000397
0.000413
0.005274
0.000316
0.005492
0.000416
0.003580
0.001855
0.000479
0.003210
0.000343
0.002855
0.003893
0.003737
0.004470
0.000436
0.004330
0.000284
0.004354
0.004755
0.000367
0.003721
0.000426
0.001561
0.000252
0.003863
0.000393
0.000345
0.005023
0.003744
0.001554
0.005177
0.002878
0.003484
0.000450
0.000312
0.004808
0.001956
0.009218
0.000259
0.000434
0.004125
0.000430
0.004525
0.006324
0.000459
0.000270
0.003736
0.005220
0.006168
0.005140
0.002568
0.004106
0.000413
0.000427
0.001460
0.005356
0.000379
0.000464
0.003515
0.003370
0.003195
0.002912
0.003661
0.000463
0.005598
0.000205
0.000316
0.003364
0.000544
0.003661
0.000310
0.000160
0.005284
0.000618
0.003168
0.001910
0.000398
0.000381
0.000162
0.002774
0.002375
0.002375
0.003948
0.000684
0.000333
0.000162
0.000458
