0.007674
0.000960
0.001558
0.004953
0.001675
0.002118
0.001007
0.002845
0.001002
0.004000
0.012083
0.002942
0.004858
0.004925
0.003434
0.006583
0.006740
0.001522
0.000858
0.001943
0.001723
0.002897
0.007470
0.001997
0.004259
0.012801
0.000745
0.001664
0.001147
0.000959
0.004207
0.000902
0.001453
0.003392
0.002057
0.002380
0.001126
0.003056
0.001201
0.003120
0.000878
0.006814
0.002319
0.003323
0.002118
0.003785
0.000731
0.003300
0.003582
0.003964
0.003929
0.002276
0.003318
0.006941
0.002197
0.000937
0.000866
0.002283
0.004993
0.003747
0.004870
0.000439
0.005810
0.004226
0.006576
0.003275
0.003056
0.002690
0.004363
0.001189
0.000710
0.004640
0.005783
0.001215
0.002938
0.000687
0.000830
0.000746
0.001556
0.001247
0.001179
0.001079
0.003199
0.002016
0.004405
0.006799
0.006863
0.000966
0.001786
0.001078
0.000851
0.001314
0.008546
0.000369
0.002781
0.002380
0.002655
0.004207
0.000430
0.002127
