-0.466012
-0.550042
-1.008793
-0.552204
-0.392254
-0.590745
-0.389962
-0.575323
-0.969374
-0.105509
-0.710379
0.092983
-0.141897
-0.082026
-0.146377
-0.633212
-0.063289
-0.016406
0.243203
0.223194
0.474713
0.348469
0.163047
0.337602
0.644868
0.312001
0.767317
0.695316
0.599754
0.346107
3.166055
1.383987
1.290429
0.678516
1.121184
0.400856
0.625505
1.156987
0.864734
0.852356
0.555243
1.431360
0.684213
1.004733
1.320253
1.810528
0.501853
1.655208
0.920584
1.859847
1.077076
1.432767
1.480845
1.606014
1.405459
1.276581
1.126520
2.212256
1.548759
1.569786
1.717285
1.357473
1.073865
1.232227
2.807208
2.209422
3.000248
1.569148
1.428813
1.622664
2.165909
2.165704
2.043737
2.453073
2.407766
2.395575
1.440716
2.179478
2.609907
2.492903
1.988700
1.786361
2.395575
3.055549
1.835416
1.976942
2.646078
3.942129
2.825028
3.249761
3.010667
3.116171
3.381769
2.791803
2.791803
3.186144
3.329139
3.751848
3.116171
2.633736
