0.008849
0.001556
0.000929
0.000642
0.009837
0.001062
0.000592
0.010224
0.010623
0.011211
0.001070
0.010868
0.000993
0.001031
0.013185
0.000790
0.013730
0.001040
0.008949
0.004637
0.001198
0.008025
0.000858
0.007138
0.009733
0.009342
0.011174
0.001090
0.010825
0.000709
0.010885
0.011888
0.000918
0.009303
0.001066
0.003903
0.000631
0.009657
0.000981
0.000863
0.012559
0.009361
0.003886
0.012943
0.007194
0.008710
0.001125
0.000780
0.012019
0.004889
0.023045
0.000649
0.001085
0.010311
0.001076
0.011312
0.015811
0.001148
0.000675
0.009339
0.013050
0.015421
0.012850
0.006421
0.010265
0.001033
0.001068
0.003650
0.013389
0.000947
0.001159
0.008786
0.008426
0.007988
0.007279
0.009152
0.001157
0.013994
0.000512
0.000789
0.008409
0.001361
0.009152
0.000775
0.000401
0.013211
0.001545
0.007919
0.004775
0.000996
0.000953
0.000405
0.006935
0.005936
0.005936
0.009869
0.001711
0.000832
0.000405
0.001144
