38.182900
32.653900
36.791700
32.025600
19.296100
29.048100
39.785400
36.662000
38.325000
44.169200
26.265900
38.579300
47.045400
38.546000
33.045100
33.748700
36.036600
31.423500
36.262000
45.595400
30.680000
32.444800
23.516200
39.226900
26.225600
34.096400
35.729500
32.490000
36.204300
39.154300
34.517400
33.632100
42.316800
66.224900
42.949800
40.211600
37.196500
39.566200
47.137700
34.264500
30.580600
45.552600
27.041600
39.415800
44.496500
37.727600
35.734200
38.037100
47.372700
28.189600
30.685900
28.236500
54.763600
33.921200
54.179500
46.455700
36.109900
36.475500
36.977700
44.075400
43.637400
32.803300
64.878200
50.748700
30.180800
26.194000
46.729100
46.862900
43.316300
46.079200
46.892400
37.557800
29.118900
49.034100
45.699000
37.142200
26.749100
49.034100
47.206900
26.740700
49.089900
29.602700
48.072200
48.502100
49.247700
42.749600
50.265800
43.112900
41.907500
30.594300
48.412500
34.792600
54.538300
53.413100
48.304300
47.771000
60.336800
39.566100
32.327300
56.239100
