0.009785
0.006151
0.009722
0.009109
0.008050
0.010233
0.008455
0.006945
0.010386
0.008030
0.010779
0.008847
0.009969
0.010470
0.007763
0.008085
0.009838
0.009053
0.008963
0.011974
0.011572
0.009788
0.007646
0.008536
0.008372
0.008939
0.009713
0.009076
0.010145
0.008004
0.007403
0.010202
0.004951
0.007958
0.005687
0.008505
0.008423
0.007460
0.008180
0.010013
0.006194
0.013887
0.008710
0.008728
0.006956
0.004993
0.007305
0.008889
0.010045
0.008793
0.006271
0.009304
0.010053
0.009167
0.008223
0.009727
0.010832
0.010007
0.008013
0.012370
0.009267
0.013074
0.004049
0.010998
0.001273
0.009586
0.011329
0.000834
0.007780
0.005772
0.007221
0.006718
0.006984
0.006876
0.008393
0.004126
0.006761
0.006876
0.001688
0.012766
0.009194
0.002674
0.003520
0.006330
0.007702
0.002895
0.003723
0.006803
0.004248
0.005920
0.006696
0.005208
0.002122
0.002342
0.001174
0.003806
0.009039
0.000247
0.008481
0.003711
