0.000438
0.001929
0.003069
0.000350
0.000372
0.005426
0.000425
0.000257
0.000389
0.003098
0.000327
0.005490
0.000469
0.003813
0.003766
0.000387
0.004003
0.004256
0.004905
0.001855
0.000400
0.003210
0.004068
0.003893
0.000492
0.004208
0.004330
0.004470
0.003930
0.004552
0.000495
0.000440
0.003863
0.000450
0.005177
0.000491
0.000625
0.002800
0.000426
0.004270
0.000353
0.004755
0.004827
0.000542
0.000329
0.000252
0.003744
0.001956
0.000147
0.004808
0.000434
0.000332
0.000259
0.000304
0.000430
0.006168
0.006342
0.000278
0.003736
0.005140
0.002656
0.000724
0.000367
0.000270
0.000588
0.004236
0.005356
0.005356
0.000427
0.002621
0.000176
0.003515
0.000519
0.005598
0.004828
0.000316
0.000205
0.003916
0.000354
0.003195
0.000544
0.005268
0.000463
0.000395
0.000618
0.006033
0.005284
0.000162
0.000381
0.003167
0.001910
0.002774
0.000162
0.000149
0.002375
0.000591
0.000684
0.000333
0.000287
0.000270
