0.001608
0.003548
0.002945
0.000858
0.000731
0.001073
0.003760
0.005979
0.005783
0.001988
0.002352
0.002959
0.003929
0.004870
0.001126
0.000430
0.000902
0.000710
0.000940
0.001453
0.001078
0.004207
0.002380
0.003434
0.001152
0.004787
0.001558
0.005075
0.002016
0.001943
0.001723
0.003300
0.006574
0.008546
0.001786
0.002690
0.002057
0.001109
0.007687
0.002667
0.000601
0.004692
0.002082
0.004009
0.003199
0.001561
0.001189
0.002075
0.000972
0.002276
0.002420
0.004292
0.004022
0.003127
0.000746
0.001522
0.006249
0.004870
0.005230
0.004574
0.003318
0.003412
0.003120
0.003891
0.000966
0.001007
0.001575
0.009120
0.000851
0.002197
0.000484
0.008212
0.000816
0.001283
0.002305
0.003514
0.007954
0.004207
0.001747
0.006302
0.000960
0.000920
0.003182
0.002108
0.003964
0.000823
0.000322
0.001247
0.003449
0.003747
0.002183
0.006478
0.002057
0.003553
0.002859
0.002655
0.003436
0.012083
0.000745
0.001997
