60.470600
27.187200
63.062700
67.863600
51.194300
18.641000
52.210400
18.145300
54.824400
38.913200
48.410200
26.644000
56.800500
20.449900
54.368200
46.650400
51.533800
48.267100
37.864500
68.881400
48.257800
49.561200
67.934500
51.926900
56.016100
45.684700
57.658400
46.147600
53.434600
56.253300
72.473700
55.954100
50.866000
54.019300
40.966600
57.857100
64.263300
51.867900
56.201300
34.994700
30.943800
58.228500
77.278600
49.290700
44.184300
29.438400
45.252800
59.219100
77.290300
53.301800
50.627100
58.804500
33.180200
50.193600
32.975000
27.853400
47.183600
45.579900
31.895400
39.583600
39.917100
51.783300
61.704500
26.948000
42.400900
47.619800
32.544600
32.544600
40.525500
45.468200
53.347100
50.514600
36.803300
65.802800
25.425400
86.582900
57.097100
56.897400
66.515100
29.886300
19.044400
45.610600
55.706600
34.516600
72.306100
32.213200
69.861000
47.055100
61.953200
56.193700
71.620900
36.623500
47.055100
73.392900
39.298300
85.116300
63.847300
38.980700
54.530300
26.948000
