0.030530
0.035062
0.044076
0.058769
0.042583
0.015899
0.043778
0.032538
0.043855
0.041789
0.041240
0.041812
0.049081
0.027191
0.030490
0.038174
0.038190
0.037773
0.039258
0.030832
0.037433
0.048472
0.031538
0.040645
0.039231
0.048429
0.048105
0.037450
0.048199
0.037866
0.049325
0.037992
0.036500
0.039331
0.048581
0.041992
0.035333
0.045594
0.027924
0.035442
0.016812
0.051587
0.047659
0.042612
0.020997
0.029565
0.039536
0.035456
0.032667
0.038613
0.036197
0.031392
0.043449
0.042984
0.029827
0.049368
0.052309
0.048495
0.042257
0.040485
0.016863
0.072568
0.033736
0.046036
0.016026
0.032487
0.039964
0.039964
0.038253
0.040289
0.034349
0.015185
0.045550
0.027608
0.048194
0.039026
0.020249
0.034941
0.045847
0.032261
0.070625
0.036423
0.023390
0.028552
0.026719
0.040629
0.023226
0.017662
0.018360
0.050502
0.026203
0.018751
0.017662
0.035067
0.020646
0.028634
0.027088
0.039060
0.017532
0.046036
