0.007169
0.008455
0.010724
0.008748
0.009785
0.010233
0.008050
0.002688
0.008438
0.009499
0.010711
0.010779
0.008338
0.009969
0.010409
0.008076
0.009838
0.007262
0.009076
0.011471
0.011333
0.009166
0.009261
0.008536
0.008020
0.010012
0.008109
0.011965
0.006811
0.008004
0.006956
0.010202
0.009581
0.004874
0.007305
0.007785
0.005687
0.005488
0.007195
0.008180
0.010501
0.007175
0.004951
0.010218
0.008858
0.008505
0.009775
0.007325
0.012370
0.004049
0.013643
0.009267
0.004988
0.006810
0.009337
0.008793
0.007175
0.010045
0.010832
0.007895
0.006708
0.006097
0.009304
0.010998
0.013074
0.006625
0.000834
0.000834
0.008560
0.007780
0.007232
0.006955
0.006091
0.012766
0.005129
0.002674
0.008393
0.005877
0.003711
0.008408
0.004126
0.006025
0.009194
0.004413
0.003723
0.002895
0.001449
0.006696
0.002122
0.006803
0.003391
0.005920
0.006696
0.002342
0.007536
0.008212
0.009039
0.001713
0.005348
0.010998
