0.006273
0.002926
0.006257
0.006154
0.003093
0.001809
0.006059
0.006517
0.003592
0.004208
0.002213
0.000987
0.001735
0.002588
0.005350
0.004861
0.003953
0.005660
0.000811
0.002564
0.003477
0.009834
0.002563
0.003354
0.002341
0.005181
0.005976
0.004788
0.005193
0.005739
0.003782
0.006084
0.004697
0.001178
0.002802
0.003212
0.003903
0.004745
0.002090
0.000962
0.004192
0.002687
0.004291
0.008871
0.004476
0.004488
0.004119
0.004334
0.006126
0.005188
0.000605
0.001029
0.000933
0.003284
0.001934
0.005515
0.002513
0.002588
0.002897
0.000943
0.000680
0.001965
0.007666
0.002871
0.004709
0.004979
0.001855
0.002954
0.001497
0.000434
0.004945
0.004414
0.001081
0.001279
0.005649
0.002513
0.003310
0.009834
0.006279
0.006914
0.002295
0.002939
0.000829
0.001964
0.001102
0.004881
0.000985
0.001431
0.007077
0.007140
0.001237
0.001996
0.003903
0.001134
0.002520
0.001657
0.001158
0.004914
0.001952
0.002046
