-56.558100
-58.352200
-58.292900
-60.530300
-57.839800
-59.346100
-58.921900
-57.040700
-56.361800
-59.245600
-60.722600
-56.068600
-59.390400
-58.330300
-56.399000
-58.418600
-57.177500
-55.891100
-58.539800
-55.497100
-59.892500
-56.389800
-56.869300
-56.608400
-57.524800
-59.328000
-58.159400
-56.112600
-57.772900
-56.920600
-57.858000
-59.886600
-57.717900
-54.420600
-56.692700
-57.914200
-57.675600
-56.492500
-58.023000
-56.239600
-56.213400
-58.691500
-57.674500
-55.215500
-57.476400
-54.382700
-59.256800
-58.104700
-57.096600
-55.591500
-56.528000
-58.297300
-57.588100
-58.309400
-54.881000
-58.138400
-56.919800
-58.208800
-59.335400
-56.436300
-59.063200
-58.380400
-57.046300
-58.959300
-60.490200
-55.495700
-58.663800
-57.899400
-57.230800
-58.501800
-59.636300
-55.991000
-58.079400
-57.480700
-54.604500
-56.528600
-56.750400
-55.840500
-57.480700
-58.854700
-59.279100
-54.245600
-57.622400
-58.041500
-56.764200
-56.966100
-55.476400
-57.764800
-57.764800
-57.705800
-58.020700
-54.927400
-57.035200
-58.055000
-59.639000
-55.053200
-55.343200
-56.459300
-58.181700
-58.159400
