0.004640
0.002690
0.007687
0.002386
0.003436
0.002592
0.004365
0.001287
0.003233
0.002108
0.008212
0.009897
0.000934
0.002118
0.003392
0.003120
0.000878
0.001011
0.003449
0.003747
0.000601
0.000796
0.001549
0.001152
0.000887
0.000746
0.000682
0.000858
0.006433
0.003275
0.001902
0.002057
0.000960
0.008863
0.001055
0.006863
0.004581
0.004207
0.001079
0.001461
0.002197
0.006092
0.000823
0.004292
0.005368
0.006799
0.003785
0.001723
0.002859
0.005783
0.001147
0.002283
0.006973
0.009120
0.004207
0.003793
0.005075
0.002082
0.006740
0.001561
0.000902
0.003559
0.002942
0.000913
0.004808
0.000937
0.002275
0.001078
0.002420
0.002618
0.003127
0.000745
0.004226
0.003182
0.002118
0.003182
0.001247
0.002667
0.012083
0.000865
0.001664
0.000821
0.003713
0.001433
0.000934
0.002358
0.000731
0.003553
0.001002
0.004000
0.001522
0.004405
0.000710
0.002075
0.001675
0.007470
0.001674
0.002409
0.006814
0.007310
