0.210238
0.192658
0.165796
0.155290
0.169934
0.235087
0.159500
0.270877
0.169077
0.163255
0.175710
0.148956
0.079895
0.233088
0.129274
0.178878
0.201810
0.161680
0.176048
0.205315
0.220027
0.206835
0.111869
0.156346
0.186819
0.201690
0.178530
0.174312
0.160524
0.206192
0.129921
0.230775
0.209732
0.221315
0.161376
0.195592
0.235237
0.214067
0.236229
0.181688
0.204617
0.215517
0.187284
0.169872
0.234311
0.236617
0.180893
0.195859
0.176934
0.232016
0.148739
0.223610
0.267334
0.193985
0.249020
0.207565
0.205287
0.168070
0.229120
0.158764
0.248675
0.213293
0.234018
0.116859
0.215105
0.217772
0.179312
0.236506
0.256725
0.221316
0.308398
0.186506
0.210099
0.206136
0.211527
0.244279
0.217230
0.275949
0.206136
0.275473
0.213916
0.199295
0.146283
0.214774
0.288516
0.254793
0.091962
0.267969
0.267969
0.241011
0.261265
0.249149
0.261319
0.287910
0.339698
0.289875
0.237393
0.261304
0.192516
0.178530
