-59.417700
-61.001400
-57.800800
-58.061700
-57.839800
-57.808400
-60.530300
-60.551600
-61.443700
-56.068600
-55.891100
-56.087000
-59.390400
-57.120600
-57.987200
-58.408500
-58.418600
-56.684700
-57.772900
-55.535200
-59.927000
-55.331300
-56.438000
-55.000800
-54.100400
-58.409300
-56.920600
-57.384000
-56.062500
-58.159400
-56.492500
-59.038500
-59.256800
-59.886600
-57.717900
-55.717800
-58.691500
-57.006100
-56.301900
-57.926600
-57.674500
-55.257600
-56.082200
-56.646300
-54.420600
-58.181700
-58.023000
-55.468800
-60.490200
-56.928300
-57.923400
-56.182700
-58.209000
-58.380400
-56.230100
-57.478900
-54.770900
-59.063200
-58.309400
-58.959300
-57.778300
-55.788400
-56.919800
-56.890600
-57.046300
-58.079400
-57.726300
-58.501800
-58.233800
-58.998400
-56.503800
-57.284500
-55.991000
-58.141400
-58.144700
-59.091100
-57.681100
-58.854700
-56.446500
-58.914800
-57.480700
-57.480700
-56.750400
-58.859800
-57.076500
-57.494900
-55.807800
-57.880200
-57.764800
-54.340500
-57.764800
-54.927400
-58.020700
-55.311600
-59.639000
-58.261200
-55.053200
-56.850000
-56.966100
-55.213900
