0.025430
0.197037
0.035331
0.101678
0.078289
0.015265
0.024074
0.001819
0.003957
0.038954
0.017709
0.038574
0.011269
0.007383
0.010628
0.001253
0.135486
0.008440
0.058299
0.010564
0.002398
0.084796
0.134909
0.004955
0.011090
0.008147
0.010258
0.203111
0.056010
0.134988
0.018430
0.107476
0.346678
0.117490
0.035689
0.078218
0.030712
0.072459
0.491005
0.114450
0.116861
0.009653
0.022316
0.571240
0.434733
0.004507
0.067416
0.083835
0.718967
0.091263
0.249126
0.010546
0.205215
0.306832
1.085921
0.764081
0.120633
0.256094
0.272752
0.399054
0.096798
0.473806
0.372323
0.174747
0.145120
0.108706
0.795341
0.360944
0.138620
0.699714
0.011820
0.348793
0.019931
0.637064
0.535591
0.896909
0.168988
0.034057
0.126786
0.784898
0.722032
0.722032
0.421334
0.763855
0.363615
0.500157
0.518327
0.873871
3.974983
0.762349
1.593705
0.030822
0.890452
1.649927
2.091044
10.302220
0.077403
16.053053
0.220490
0.930036
