0.100318
0.111747
0.074683
0.094510
0.113120
0.123701
0.171525
0.116018
0.090832
0.092746
0.098683
0.108701
0.128077
0.104543
0.086169
0.096489
0.122829
0.099648
0.139255
0.123167
0.092656
0.097759
0.097353
0.094575
0.125992
0.115264
0.071439
0.103592
0.095099
0.107612
0.088568
0.097717
0.095252
0.123620
0.116151
0.099860
0.097202
0.120409
0.125706
0.111080
0.106811
0.107439
0.093152
0.082425
0.104920
0.162182
0.076345
0.134088
0.146692
0.109628
0.171875
0.159150
0.126259
0.159545
0.145187
0.139965
0.136756
0.143312
0.145575
0.133348
0.083783
0.121002
0.093381
0.113272
0.105796
0.074846
0.139778
0.146600
0.102882
0.113645
0.107315
0.113999
0.099128
0.116278
0.140549
0.111130
0.132607
0.188191
0.120139
0.164806
0.120866
0.107167
0.129073
0.164476
0.104015
0.116243
0.158449
0.161999
0.124080
0.140418
0.161999
0.124080
0.161999
0.144043
0.163182
0.138024
0.175556
0.138138
0.160002
0.111130
