0.394599
0.205274
0.147159
0.198051
0.409691
0.087284
0.250225
0.103507
0.339696
0.145349
0.327394
0.354240
0.349344
0.117934
0.380063
0.190219
0.282441
0.182517
0.237407
0.128636
0.079357
0.061582
0.272591
0.147317
0.058441
0.220247
0.108686
0.419027
0.265694
0.185379
0.202537
0.161345
0.293370
0.071394
0.251690
0.182010
0.141947
0.196328
0.192726
0.098204
0.114485
0.219377
0.208164
0.210603
0.512005
0.055600
0.066775
0.133038
0.162939
0.086029
0.168523
0.184074
0.294214
0.206227
0.084359
0.240714
0.115612
0.200815
0.084076
0.093268
0.183264
0.100989
0.283448
0.112387
0.105995
0.088040
0.078671
0.191189
0.099786
0.239164
0.156793
0.147467
0.253760
0.095268
0.239257
0.068554
0.221326
0.075126
0.273570
0.073381
0.293148
0.219317
0.180883
0.189429
0.142475
0.154729
0.052433
0.059551
0.182462
0.246709
0.156552
0.059551
0.208626
0.064768
0.457842
0.068994
0.096234
0.056960
0.237469
0.279675
