1185.000000
582.000000
582.000000
885.000000
1002.000000
662.000000
816.000000
924.000000
832.000000
796.000000
586.000000
192.000000
1029.000000
1013.000000
1081.000000
426.000000
712.000000
150.000000
1229.000000
445.000000
611.000000
966.000000
436.000000
218.000000
784.000000
1130.000000
242.000000
794.000000
1209.000000
29.000000
583.000000
293.000000
1112.000000
514.000000
229.000000
443.000000
958.000000
1247.000000
1315.000000
12.000000
10.000000
497.000000
1208.000000
1339.000000
945.000000
17.000000
1000.000000
425.000000
119.000000
513.000000
665.000000
942.000000
1198.000000
864.000000
251.000000
926.000000
127.000000
667.000000
1301.000000
90.000000
1270.000000
621.000000
800.000000
7.000000
876.000000
256.000000
515.000000
573.000000
104.000000
976.000000
49.000000
195.000000
1265.000000
88.000000
1294.000000
595.000000
1211.000000
508.000000
604.000000
188.000000
962.000000
520.000000
637.000000
1320.000000
583.000000
210.000000
272.000000
309.000000
1181.000000
568.000000
845.000000
309.000000
1180.000000
281.000000
1003.000000
266.000000
627.000000
593.000000
1333.000000
1219.000000
