0.001062
0.011251
0.007673
0.000541
0.009837
0.013565
0.010224
0.004823
0.013091
0.011528
0.012233
0.013730
0.000967
0.001070
0.000790
0.013185
0.010007
0.011211
0.001090
0.001001
0.001157
0.008949
0.010169
0.009000
0.010519
0.007354
0.007138
0.009826
0.001198
0.001230
0.001228
0.000631
0.009657
0.010674
0.001258
0.000861
0.009303
0.000892
0.001356
0.010084
0.008710
0.001237
0.012943
0.001024
0.000863
0.001074
0.012559
0.000948
0.000949
0.001085
0.000649
0.012019
0.011312
0.006640
0.000761
0.015811
0.000972
0.000696
0.001810
0.009339
0.011183
0.001019
0.010265
0.001148
0.010774
0.003650
0.001005
0.001159
0.010591
0.008426
0.001046
0.001033
0.001381
0.009790
0.010153
0.001361
0.000512
0.011186
0.014218
0.008409
0.013171
0.009513
0.000789
0.011274
0.000775
0.010203
0.004924
0.000405
0.000953
0.007919
0.000996
0.000405
0.006935
0.001397
0.001631
0.009869
0.001711
0.000832
0.000628
0.001470
