7.291691
5.652655
5.291600
5.255539
7.006009
5.172858
6.146863
6.705581
6.196937
10.730723
9.054379
11.073689
6.179153
4.851998
13.420757
5.775764
4.621813
7.927761
8.693888
5.636450
6.277914
9.443026
10.580685
7.559746
7.539873
9.776967
7.894816
9.401812
8.182256
9.947666
12.644636
9.237926
11.023449
11.800550
7.895492
11.046131
5.255395
5.350748
11.919900
5.954946
9.481984
7.793612
7.198592
11.834490
11.045282
9.520911
7.672313
13.112511
9.727181
8.153711
7.676143
9.810303
5.686253
11.754696
11.416411
8.326711
6.959389
6.226895
9.737029
9.469039
5.105274
8.424412
11.389701
5.874781
9.810303
8.478357
10.737612
10.407604
6.961594
6.918621
9.867685
5.074523
10.924003
9.872544
10.728152
5.395180
4.863122
6.353721
11.196456
9.118001
9.955097
6.101535
7.637112
9.456664
4.728707
4.640299
9.781793
4.911334
5.399514
9.810303
6.028593
11.240862
8.888836
9.058059
6.359674
5.446869
4.892558
4.915654
8.728976
4.556535
