0.005075
0.012083
0.006478
0.009740
0.003275
0.003233
0.005810
0.004167
0.002183
0.002386
0.001885
0.000894
0.009897
0.005412
0.000430
0.003929
0.008546
0.001079
0.004226
0.006249
0.004581
0.002082
0.000322
0.003127
0.004993
0.002319
0.004640
0.001152
0.004877
0.002305
0.000858
0.002942
0.001747
0.000966
0.002690
0.001135
0.004405
0.009120
0.000959
0.003559
0.002075
0.004808
0.003257
0.001007
0.001522
0.001988
0.006302
0.000687
0.002966
0.006022
0.002127
0.004207
0.007954
0.001179
0.000937
0.003392
0.004607
0.003412
0.002276
0.002845
0.007051
0.000878
0.001063
0.006740
0.004207
0.004363
0.001201
0.001055
0.003713
0.003785
0.003642
0.003056
0.001189
0.001953
0.001078
0.002781
0.002197
0.001863
0.001558
0.003300
0.003120
0.008212
0.004787
0.000821
0.006576
0.006863
0.002618
0.004960
0.003436
0.004207
0.006814
0.001608
0.004000
0.001433
0.002118
0.002301
0.003318
0.006092
0.003760
0.007674
