0.052616
0.048689
0.025437
0.046096
0.043778
0.058242
0.044076
0.058769
0.049139
0.045467
0.045310
0.036765
0.038190
0.041240
0.039465
0.044062
0.041812
0.037773
0.049332
0.038593
0.040877
0.036331
0.024360
0.023016
0.037941
0.032737
0.039231
0.037948
0.048105
0.035675
0.039536
0.036167
0.047309
0.042612
0.047023
0.039331
0.051587
0.043145
0.033867
0.020997
0.034486
0.041416
0.016812
0.022349
0.047659
0.033469
0.049325
0.035456
0.036093
0.016863
0.035516
0.022494
0.029830
0.036197
0.046435
0.049368
0.031392
0.048404
0.043449
0.016026
0.029827
0.046144
0.048495
0.042984
0.040368
0.031797
0.033757
0.022363
0.044425
0.032487
0.036186
0.039086
0.033353
0.024393
0.024945
0.027608
0.020249
0.070625
0.032261
0.022776
0.036423
0.027222
0.014166
0.056426
0.026719
0.028340
0.030827
0.018360
0.017662
0.011452
0.017662
0.026203
0.017662
0.003971
0.031440
0.024759
0.028634
0.028231
0.045847
0.037472
