-57.808400
-57.464100
-57.839800
-58.292900
-58.584300
-61.001400
-58.061700
-56.558100
-61.443700
-57.262200
-57.784000
-57.987200
-60.722600
-55.938500
-57.728500
-55.891100
-58.816000
-58.408500
-58.159400
-56.062500
-56.043600
-59.328000
-55.331300
-59.927000
-54.100400
-58.151700
-57.238700
-58.409300
-54.826300
-56.608400
-56.213400
-59.636700
-57.914200
-58.181700
-58.798600
-55.215500
-58.205500
-59.886600
-59.038500
-59.893000
-57.878100
-56.692700
-56.285200
-56.239600
-57.858000
-56.430600
-56.301900
-57.478900
-57.778300
-58.209000
-56.928300
-56.230100
-57.046300
-58.981800
-58.297300
-58.380400
-54.770900
-59.007400
-57.588100
-59.335400
-57.656500
-54.881000
-58.959300
-55.788400
-58.309400
-58.663800
-55.495700
-57.230800
-57.537800
-55.866500
-57.560900
-58.984500
-57.016300
-58.141400
-56.031700
-57.681100
-56.750400
-57.480700
-54.245600
-56.446500
-57.622400
-58.854700
-54.735600
-58.859800
-59.118400
-58.041500
-55.213900
-58.020700
-58.020700
-56.149900
-57.764800
-57.764800
-57.880200
-55.311600
-56.618600
-55.343200
-55.053200
-56.459300
-57.839800
-55.788400
