0.035062
0.056570
0.048689
0.046096
0.050950
0.025437
0.032538
0.015899
0.058769
0.043561
0.031748
0.039465
0.030490
0.038190
0.044424
0.045310
0.042193
0.027191
0.048429
0.046060
0.037941
0.037948
0.029465
0.048105
0.024360
0.042120
0.030976
0.031538
0.038593
0.039231
0.041416
0.047659
0.035168
0.048581
0.015612
0.038769
0.063561
0.027924
0.041992
0.020997
0.036500
0.045594
0.034571
0.039062
0.045626
0.043145
0.035333
0.047590
0.046036
0.048495
0.038613
0.072568
0.046757
0.029583
0.039815
0.033736
0.031392
0.033980
0.046144
0.020523
0.031281
0.036197
0.043449
0.016863
0.037641
0.033353
0.034870
0.039964
0.045550
0.040289
0.015185
0.033757
0.017532
0.048194
0.039026
0.014166
0.036423
0.024945
0.023390
0.022776
0.031257
0.027608
0.045847
0.021925
0.018111
0.030827
0.063415
0.018360
0.018360
0.026203
0.017662
0.017662
0.011452
0.035067
0.020646
0.027088
0.028634
0.039060
0.048689
0.016863
