39.785400
52.792200
31.172100
30.472400
36.791700
41.013700
49.521300
29.048100
30.985100
42.626000
32.124900
31.783000
36.042600
36.036600
44.169200
41.136600
31.423500
47.045400
37.819500
36.301700
37.198900
41.788900
30.680000
25.874000
39.293100
45.035600
36.262000
38.220900
34.208600
44.640500
45.552600
42.316800
34.264500
35.734200
27.041600
33.298700
45.800500
32.381600
36.304600
25.891100
40.583700
38.249900
66.224900
40.985700
51.813300
39.415800
42.949800
42.105300
50.748700
47.372700
64.878200
50.100000
36.977700
34.952100
36.475500
28.236500
43.637400
30.685900
26.146900
38.589800
32.991400
44.094200
47.997400
29.848200
32.307800
41.993400
26.194000
46.862900
35.876200
43.316300
22.664200
46.729100
23.429600
42.881900
29.602700
47.206900
37.229100
49.034100
49.089900
36.315900
48.072200
26.740700
56.239100
39.481200
23.090000
46.352300
33.997600
54.538300
54.538300
31.583900
48.412500
48.412500
60.287300
53.413100
40.500300
60.336800
35.947600
48.172300
31.172100
29.848200
