0.003903
0.005787
0.001492
0.006273
0.005193
0.003093
0.000829
0.003477
0.005219
0.005525
0.002740
0.004291
0.005203
0.006738
0.001735
0.006625
0.003839
0.002588
0.002588
0.002691
0.001308
0.001279
0.004485
0.003477
0.009834
0.006914
0.005663
0.002610
0.003679
0.001304
0.005539
0.001431
0.004243
0.001855
0.002872
0.002939
0.003782
0.001828
0.001657
0.008871
0.000811
0.003284
0.003212
0.000983
0.002687
0.002313
0.008563
0.000936
0.005515
0.002495
0.003169
0.003219
0.003592
0.006814
0.007667
0.002897
0.003400
0.001182
0.003797
0.002563
0.001964
0.005961
0.002249
0.001559
0.004476
0.007909
0.003242
0.001237
0.006279
0.002926
0.006273
0.001029
0.004697
0.001079
0.008683
0.005916
0.001965
0.002451
0.004914
0.002802
0.000933
0.002513
0.006056
0.005525
0.007077
0.001178
0.005805
0.003513
0.001934
0.009834
0.004531
0.004560
0.002564
0.002513
0.001996
0.001134
0.001158
0.002140
0.006059
0.005639
