0.924156
0.293047
1.429099
0.846957
0.651833
0.551054
0.090351
0.238459
0.421279
0.354322
0.239187
0.872954
0.240822
0.265111
0.088620
0.432949
0.400110
0.886979
0.000000
0.454108
0.000000
0.274919
0.235101
0.484799
0.182454
0.206036
0.109984
0.623430
0.168291
0.233031
0.070577
0.058558
0.099615
0.222095
0.342194
0.643809
0.324885
0.562552
0.359348
0.529975
0.161585
0.186661
0.271155
0.398584
0.189808
0.334678
0.000000
0.231447
0.382642
0.092840
0.473259
0.542593
1.329068
0.786341
0.336105
0.462305
0.519732
1.795145
0.246614
0.051684
1.266268
0.167934
0.124981
0.354410
0.051963
0.106308
0.791024
0.836254
0.550327
0.557281
0.196808
0.054941
0.109230
0.250547
0.092080
1.128434
0.087791
0.203050
0.624473
0.082555
0.244489
0.477559
0.105759
0.389319
0.103284
0.334481
0.623050
0.080172
0.456195
0.456195
0.326999
0.491775
0.259688
0.502013
0.254415
0.053291
0.089422
0.415612
1.266268
0.400110
