0.024074
0.197037
0.035069
0.003957
0.077664
0.008046
0.006103
0.025430
0.002938
0.008386
0.014305
0.003651
0.038574
0.007383
0.008368
0.007097
0.010628
0.135486
0.008147
0.011090
0.039987
0.025554
0.045662
0.023308
0.203111
0.036533
0.058299
0.039677
0.056010
0.082669
0.116873
0.099513
0.028144
0.088421
0.059633
0.069550
0.120693
0.563140
0.030712
0.010126
0.004507
0.035689
0.010234
0.028873
0.107476
0.018430
0.072459
0.120633
0.020219
0.103581
0.272752
0.014006
0.281916
0.081813
0.096798
0.764081
0.372323
0.055903
0.083835
0.718967
0.037454
0.087390
0.025394
0.064514
0.145120
0.085280
0.348793
0.075706
0.387989
0.006396
0.084470
0.108706
0.050669
0.252829
0.535591
0.784898
0.722032
0.702836
0.722032
0.896909
0.421334
0.637064
0.916361
0.785407
1.005139
2.047195
1.342911
1.854881
0.890452
0.239384
1.593705
0.030822
0.873871
0.845302
1.511058
0.077403
10.302220
5.512727
0.451614
0.763855
