-56.361800
-56.558100
-59.533700
-57.808400
-57.464100
-58.921900
-57.800800
-57.839800
-60.530300
-55.938500
-56.684700
-57.177500
-56.087000
-57.728500
-58.408500
-58.418600
-60.722600
-59.390400
-56.423800
-59.499600
-57.384000
-59.892500
-55.497100
-55.000800
-57.772900
-55.331300
-56.389800
-57.923400
-56.062500
-57.524800
-58.023000
-55.529600
-56.213400
-56.301900
-57.006100
-56.821800
-57.037500
-56.239600
-56.285200
-57.476400
-56.646300
-58.691500
-59.893000
-56.082200
-57.878100
-58.181700
-56.492500
-60.490200
-55.468800
-57.656500
-58.297300
-54.770900
-58.959300
-56.436300
-59.063200
-56.928300
-57.588100
-58.309400
-58.744300
-57.753000
-58.138400
-56.919800
-56.182700
-57.778300
-57.923400
-59.277500
-54.702600
-55.271600
-56.503800
-57.726300
-55.025100
-59.636300
-57.899400
-56.750400
-56.031700
-54.604500
-59.279100
-59.091100
-57.480700
-56.528600
-57.622400
-56.900700
-58.854700
-55.476400
-59.118400
-56.861200
-55.807800
-54.927400
-57.705800
-54.340500
-57.764800
-58.020700
-57.035200
-58.055000
-59.555300
-58.261200
-55.343200
-56.850000
-59.118400
-58.352200
