52.210400
18.641000
48.241900
27.187200
43.044500
63.591200
30.672500
38.883600
63.062700
51.533800
56.800500
46.650400
45.149400
53.010800
20.449900
48.267100
54.368200
38.913200
51.926900
67.387500
48.257800
47.605500
54.746100
50.501000
37.864500
25.591500
10.536600
56.253300
51.096900
43.933600
19.653100
45.252800
110.872000
64.263300
54.019300
58.228500
37.301300
62.794100
46.855900
34.994700
51.638500
39.462100
44.184300
72.473700
50.866000
40.966600
63.011500
71.169900
27.853400
48.093400
60.816100
58.804500
33.180200
53.508500
50.193600
53.301800
49.928600
38.254000
69.618800
47.183600
31.895400
56.101800
46.088700
26.948000
77.290300
47.619800
50.288100
25.521000
40.525500
58.891100
48.393000
57.049200
53.347100
45.610600
86.582900
29.886300
36.049800
19.044400
44.511200
13.070300
14.747700
37.996500
65.802800
66.175500
66.752300
34.516600
72.306100
36.623500
57.909200
56.193700
47.055100
61.953200
43.107800
63.424600
61.287200
32.917200
63.847300
42.738700
66.752300
54.824400
