0.042458
0.038216
0.035069
0.015265
0.000818
0.006567
0.035331
0.078289
0.024074
0.008204
0.008440
0.007097
0.038574
0.008386
0.001253
0.135486
0.003924
0.011269
0.025554
0.089942
0.203111
0.096732
0.091901
0.004955
0.058299
0.084796
0.091855
0.020708
0.056010
0.023308
0.067416
0.120693
0.178936
0.491005
0.072459
0.098452
0.322152
0.023484
0.563140
1.463893
0.571240
0.030712
0.017572
0.022316
0.099513
0.004507
0.018430
0.718967
0.083835
0.591668
0.025394
0.120633
0.399054
0.087390
0.256094
0.091263
0.037454
0.272752
0.136339
0.064514
0.014006
0.372323
0.010546
0.096798
0.249126
0.038018
0.050669
0.387989
0.011820
0.795341
0.006396
1.548992
0.057091
0.421334
0.011939
0.513671
0.079345
0.896909
0.722032
0.916361
0.479386
0.702836
0.034057
0.109992
2.047195
0.785407
0.518327
0.030822
0.239384
0.762349
1.593705
0.890452
0.694417
0.845302
2.477519
10.302220
0.752204
16.053053
2.047195
0.057058
