0.001062
0.013565
0.013091
0.004823
0.000592
0.008849
0.001448
0.006052
0.007673
0.010007
0.001171
0.000967
0.013185
0.000993
0.009532
0.010641
0.009414
0.007745
0.009733
0.000615
0.001001
0.014135
0.000923
0.007354
0.012262
0.009000
0.012624
0.011380
0.001124
0.001198
0.000863
0.009361
0.009303
0.001563
0.001125
0.011888
0.008710
0.000892
0.012559
0.010674
0.001074
0.000980
0.000824
0.001237
0.009657
0.012943
0.001258
0.010774
0.015421
0.001606
0.011312
0.000830
0.000649
0.001325
0.000761
0.012019
0.006421
0.010626
0.001376
0.015856
0.009339
0.000949
0.000780
0.000675
0.000367
0.010591
0.001033
0.008661
0.001068
0.000947
0.001046
0.000958
0.000440
0.013171
0.000789
0.007988
0.011186
0.001361
0.009152
0.008409
0.010153
0.009513
0.013994
0.000401
0.004924
0.000989
0.001545
0.006935
0.000996
0.007919
0.000405
0.000953
0.007919
0.010066
0.009730
0.009869
0.001711
0.006714
0.004924
0.000971
