55.384700
30.672500
60.470600
38.883600
18.641000
18.145300
63.591200
63.062700
51.418600
45.149400
38.732900
49.220500
56.426200
48.267100
53.010800
46.650400
47.231500
47.184700
43.639700
56.016100
37.864500
49.211800
43.933600
56.253300
30.562300
49.999800
54.746100
40.647900
64.004300
67.934500
39.462100
19.653100
62.794100
66.990200
28.071100
39.573100
55.954100
37.301300
29.438400
61.627700
110.872000
58.317800
64.263300
44.184300
72.473700
43.912600
56.201300
26.948000
29.155800
17.053800
23.949400
47.183600
42.500600
60.816100
42.714600
59.219100
61.704500
53.102400
32.176000
52.057100
27.853400
54.429700
33.180200
53.301800
38.254000
32.544600
53.541100
50.116900
48.393000
57.049200
50.915500
25.521000
60.830100
29.886300
37.996500
29.286500
86.582900
51.670900
44.511200
57.097100
55.706600
45.610600
14.747700
32.478400
69.861000
34.516600
71.356000
47.055100
56.193700
61.953200
36.623500
43.107800
48.669900
63.424600
50.340800
85.116300
32.917200
38.980700
54.091600
61.627700
