0.037469
0.049139
0.030530
0.048689
0.015899
0.032538
0.054807
0.044076
0.047607
0.044062
0.043561
0.039465
0.031748
0.037773
0.044424
0.038174
0.036765
0.045467
0.035675
0.039231
0.039258
0.041841
0.023016
0.037866
0.040877
0.032113
0.042898
0.048852
0.037948
0.031538
0.034486
0.028336
0.039062
0.040325
0.015612
0.035929
0.037992
0.045924
0.029565
0.043145
0.041416
0.039445
0.035333
0.020997
0.049325
0.047023
0.027924
0.046036
0.022494
0.034956
0.008528
0.052309
0.029583
0.039815
0.020523
0.035456
0.033736
0.033980
0.036093
0.048404
0.049368
0.035516
0.043449
0.038613
0.037641
0.039964
0.031797
0.022761
0.039086
0.037975
0.033757
0.036178
0.022363
0.032261
0.013695
0.022776
0.039026
0.014166
0.024945
0.020249
0.023390
0.036423
0.031257
0.063415
0.023226
0.028552
0.026271
0.017662
0.050502
0.018360
0.018751
0.034328
0.011452
0.043287
0.000688
0.028634
0.024759
0.039060
0.052616
0.043145
