0.388063
1.399941
1.100392
1.175920
-0.280432
-0.120897
0.210870
0.006103
0.622450
0.055905
1.105449
1.136037
0.933456
-0.225930
1.316243
1.123858
-0.310962
0.177044
-0.298661
0.038304
-0.004321
0.880827
0.671445
-0.208025
0.015351
-0.409666
0.052504
0.414901
0.193219
0.584655
-0.227499
2.115767
0.718144
0.652516
0.440164
-0.008591
-0.413929
-0.596847
0.305419
-1.129666
0.234651
-0.126043
0.304811
0.124505
0.298023
0.384523
0.191053
-0.380388
0.463532
1.009143
0.124031
0.204357
0.043059
1.008929
0.673372
0.302335
-0.474811
-0.143231
-0.336706
0.610869
-0.013572
-0.370728
0.250469
0.274888
-0.093438
0.838745
0.514740
-0.316823
-0.193315
0.085611
0.063889
-0.259168
0.481959
-0.087644
0.442581
-0.043227
0.168257
0.665019
0.884514
0.276978
0.021569
1.016369
0.570374
0.496309
-0.291892
0.130047
-0.222797
-0.250009
0.093974
0.376854
0.628067
0.323381
0.656081
-0.238936
0.538010
-0.191686
-0.113292
-0.103141
0.590085
-1.129666
