582.000000
1241.000000
789.000000
490.000000
662.000000
269.000000
1242.000000
582.000000
885.000000
426.000000
586.000000
1081.000000
192.000000
226.000000
423.000000
1029.000000
19.000000
409.000000
346.000000
29.000000
160.000000
676.000000
1209.000000
42.000000
125.000000
966.000000
111.000000
942.000000
253.000000
436.000000
113.000000
945.000000
1247.000000
1339.000000
671.000000
521.000000
111.000000
10.000000
293.000000
396.000000
958.000000
163.000000
209.000000
97.000000
497.000000
542.000000
207.000000
559.000000
621.000000
926.000000
1270.000000
322.000000
214.000000
1198.000000
616.000000
576.000000
37.000000
224.000000
127.000000
800.000000
174.000000
7.000000
665.000000
942.000000
424.000000
618.000000
545.000000
431.000000
49.000000
643.000000
573.000000
136.000000
976.000000
206.000000
520.000000
178.000000
637.000000
604.000000
938.000000
1211.000000
171.000000
962.000000
1294.000000
885.000000
936.000000
597.000000
198.000000
309.000000
934.000000
1181.000000
1180.000000
568.000000
959.000000
180.000000
641.000000
611.000000
266.000000
593.000000
472.000000
396.000000
