10.214561
4.728707
7.793612
7.377004
12.307273
11.196456
5.874781
10.491412
7.291691
10.728152
12.055906
9.531814
9.875588
9.776967
7.306707
10.271554
10.924003
7.285087
5.177332
11.045282
13.112511
7.894816
11.893283
11.450475
9.443026
8.675854
11.041574
13.585299
7.676143
5.636450
5.055773
7.690555
8.424412
7.789998
8.858915
7.559746
4.556535
11.738666
7.198592
10.091621
8.326711
9.634177
5.069445
12.813997
8.478357
5.105274
11.191626
10.134484
10.110132
12.237415
9.810303
9.867685
6.226895
5.614474
9.430102
6.380228
9.054379
5.506193
11.478767
11.298675
10.118458
7.469688
5.255539
6.982587
9.626968
9.520911
6.937847
6.263266
6.196937
9.481984
6.751779
10.325067
8.168036
8.678304
5.775764
11.988731
5.954946
5.075127
5.255539
11.919900
11.389701
9.872544
7.496819
8.990820
12.083656
12.644636
6.961594
11.754696
6.656102
5.153909
9.781793
5.446869
9.058059
9.727181
5.157503
8.599691
9.955097
10.405931
10.274410
9.201719
