39.413900
12.820400
36.353200
31.172100
38.182900
52.792200
32.025600
19.296100
38.325000
36.036600
31.783000
32.124900
44.032000
27.718600
50.019100
38.546000
33.748700
26.265900
44.640500
37.250300
37.198900
34.208600
36.907900
53.970300
39.293100
35.909300
36.301700
34.096400
32.490000
25.874000
39.566200
38.249900
30.411200
40.985700
66.224900
30.235500
25.891100
34.264500
40.211600
34.081300
35.734200
37.294400
46.529400
40.583700
36.304600
26.181800
33.298700
32.991400
42.105300
47.372700
64.878200
54.763600
30.544100
36.195200
35.199100
38.589800
32.327300
32.307800
28.189600
44.094200
36.977700
26.146900
54.179500
30.180800
36.475500
31.606100
31.211800
46.862900
33.977600
53.414800
41.993400
26.194000
40.379500
49.089900
33.916100
45.699000
39.488000
46.626600
38.469800
29.602700
36.315900
26.749100
47.206900
48.502100
32.295900
42.749600
46.352300
48.412500
43.112900
34.792600
54.538300
41.907500
60.287300
35.818400
48.304300
60.336800
35.947600
48.172300
45.595400
37.250300
