0.391251
0.356057
0.198051
0.361738
0.070599
0.272104
0.250225
0.394599
0.364224
0.282441
0.380063
0.354240
0.349344
0.067718
0.511274
0.145349
0.115429
0.231814
0.185379
0.178275
0.108686
0.079357
0.328158
0.211422
0.230728
0.115167
0.272056
0.195891
0.177947
0.054547
0.116690
0.181654
0.161507
0.196328
0.066775
0.120858
0.219859
0.228526
0.161345
0.114485
0.208164
0.099051
0.093221
0.293370
0.202537
0.512005
0.098204
0.495854
0.068309
0.200815
0.184074
0.283448
0.202107
0.183264
0.170630
0.305883
0.240714
0.147225
0.103579
0.086029
0.133038
0.172752
0.097833
0.100989
0.294214
0.131564
0.098899
0.246789
0.122501
0.183576
0.049281
0.166342
0.099786
0.107238
0.073381
0.221326
0.061601
0.095268
0.219317
0.180883
0.070341
0.204506
0.273570
0.083825
0.082194
0.115553
0.142475
0.059551
0.124419
0.156552
0.182462
0.246709
0.223893
0.076452
0.049245
0.096234
0.047835
0.056960
0.220247
0.178275
