-56.615000
-56.361800
-55.517900
-57.600400
-57.839800
-58.292900
-57.040700
-59.417700
-58.584300
-55.891100
-57.728500
-57.120600
-60.722600
-59.245600
-57.784000
-56.068600
-58.408500
-57.987200
-57.923400
-56.112600
-56.869300
-56.062500
-55.331300
-54.826300
-55.000800
-59.892500
-56.043600
-58.573000
-57.757000
-55.497100
-54.420600
-58.240400
-56.430600
-57.878100
-57.006100
-58.181700
-58.691500
-57.674500
-54.382700
-59.636700
-57.037500
-58.023000
-59.893000
-55.717800
-58.205500
-59.256800
-55.215500
-58.297300
-56.890600
-55.591500
-56.436300
-54.770900
-58.483100
-57.111500
-57.096600
-55.468800
-54.881000
-57.588100
-58.104700
-56.947900
-59.335400
-57.478900
-56.528000
-58.380400
-58.208800
-57.537800
-59.636300
-58.079400
-57.230800
-57.542800
-55.271600
-57.016300
-59.277500
-59.091100
-56.900700
-58.141400
-56.446500
-58.854700
-58.914800
-56.031700
-57.681100
-57.480700
-58.616700
-58.859800
-55.213900
-56.764200
-55.807800
-57.880200
-57.764800
-57.764800
-57.705800
-54.340500
-58.020700
-57.220700
-56.618600
-55.343200
-58.261200
-56.459300
-59.256800
-57.230800
