0.733800
0.675808
0.533496
0.834204
0.430305
0.499531
0.756412
0.548279
0.670463
0.655395
0.732641
0.677797
0.707563
0.646351
0.846194
0.629857
0.470485
0.755549
0.709370
0.738179
0.435142
0.813395
0.397150
0.497440
0.479149
0.287581
0.785676
0.281659
0.697925
0.517719
0.488120
0.907811
0.640606
0.925473
0.795519
0.670741
0.659977
0.836427
0.634003
0.784945
0.821058
0.456384
0.749028
0.792463
0.155552
0.524557
0.687243
0.737116
0.747270
0.708161
0.469438
0.925858
0.681380
0.173453
0.800501
0.738230
0.474072
0.688839
0.735958
0.696640
0.635799
0.915847
0.909076
0.660265
0.492508
0.758477
0.656220
0.473007
0.456520
1.081730
0.515469
0.548970
0.828475
0.404357
0.575872
0.826401
0.795001
0.336454
1.164330
0.545540
0.753648
0.584407
1.226460
0.543443
0.492293
0.704211
0.889266
1.429880
0.533261
0.533261
0.948789
1.108260
0.385039
0.505387
0.640246
0.790499
0.636181
0.792337
0.524557
0.456520
