0.006727
0.005976
0.006257
0.005525
0.007666
0.003615
0.001102
0.003782
0.003477
0.008563
0.006059
0.006056
0.006084
0.005639
0.005961
0.002338
0.001964
0.002939
0.003679
0.000933
0.005193
0.001029
0.004392
0.003777
0.000680
0.007140
0.000936
0.006539
0.003047
0.006738
0.000912
0.003212
0.004708
0.002872
0.001657
0.002711
0.004979
0.006279
0.006154
0.007405
0.003903
0.004861
0.005203
0.001431
0.001315
0.006413
0.005660
0.001182
0.008717
0.002313
0.001308
0.003903
0.006761
0.006597
0.005181
0.009834
0.000934
0.006060
0.005539
0.004208
0.003400
0.002740
0.003513
0.002495
0.003274
0.002896
0.003093
0.005515
0.001971
0.004119
0.008683
0.004753
0.002871
0.003797
0.002520
0.009834
0.000977
0.001757
0.001079
0.005219
0.004114
0.004745
0.001284
0.003048
0.003912
0.003354
0.002563
0.002419
0.004560
0.002451
0.001237
0.002238
0.001103
0.002331
0.004742
0.000811
0.001279
0.002748
0.003615
0.000947
