-1.008793
-0.590745
-0.902808
-0.537870
-0.547294
-0.392254
-0.469522
-0.575323
-0.969374
-0.016406
-0.141897
0.092983
-0.218623
-0.082026
-0.063289
0.085040
-0.447051
-0.633212
0.579993
0.346107
0.223194
1.746456
0.159284
0.423549
0.198591
0.142893
0.337602
0.695316
0.718024
0.142356
1.124122
0.625505
3.166055
1.156987
0.501853
1.004733
1.404466
1.278496
1.320253
1.085098
1.810528
0.852356
1.150798
1.073567
0.854704
1.368782
1.294416
1.276581
2.055845
2.807208
1.047704
1.438463
1.405459
1.752345
2.212256
1.357473
1.480845
1.232227
1.859847
1.299574
0.886782
1.077076
1.291533
2.632879
1.073865
2.068630
1.766277
2.021411
1.428813
1.569148
2.635790
1.759988
2.328027
1.786361
2.289613
2.027685
2.407766
2.179478
2.239467
2.492903
1.748354
2.395575
2.609907
2.900802
3.503873
2.529874
2.646078
3.292204
3.116171
3.116171
3.249761
2.289007
3.010667
3.399458
2.791803
3.329139
3.186144
3.751848
1.368782
1.428813
