-0.829913
1.016948
1.100392
1.077073
1.175920
1.458619
0.239021
0.673782
-0.499160
1.627848
1.316243
1.138805
0.549579
0.177044
0.933456
-0.194084
1.579743
1.136037
-0.208025
0.015351
0.285711
0.806873
0.139380
-0.048682
0.277312
0.098947
-0.169893
0.294957
0.272776
0.052504
-0.413929
0.305419
-1.129666
0.645220
-0.027709
0.357134
-0.227499
-0.007075
0.891062
0.347056
-0.596847
2.115767
0.124505
-0.432909
0.035467
-0.126043
-0.587773
1.008929
-0.336706
0.610869
0.807236
0.025141
-0.060163
0.915701
-0.370728
-0.013572
-0.182551
0.361294
0.302335
0.300986
0.673372
0.005950
0.463532
-0.474811
0.270990
-0.192403
0.085611
-0.316823
0.838745
0.127773
-0.259168
0.216937
-0.389826
-0.242807
0.442581
0.166625
-0.043227
0.167502
-0.335912
0.168257
0.665019
0.884514
0.276978
0.217415
0.496309
0.693477
-0.295875
0.656081
-0.250009
-0.250009
-0.112487
0.093974
0.376854
0.101925
-0.207791
-0.069035
-0.113292
-0.103141
-0.126043
0.838745
