0.002688
0.010724
0.012124
0.010233
0.009404
0.009387
0.008438
0.013070
0.007169
0.008574
0.006943
0.008030
0.010004
0.009053
0.009221
0.008847
0.007262
0.009969
0.008939
0.010708
0.009319
0.010597
0.008294
0.011547
0.010012
0.011605
0.007646
0.012606
0.009540
0.006811
0.006956
0.008537
0.007038
0.006143
0.008728
0.007305
0.004177
0.006196
0.010218
0.005687
0.008505
0.008423
0.009284
0.008858
0.007195
0.009482
0.007175
0.010007
0.007304
0.007967
0.010041
0.008481
0.006003
0.010045
0.007175
0.007325
0.013074
0.004988
0.004924
0.009337
0.007535
0.007895
0.009727
0.008889
0.008223
0.006955
0.008560
0.000834
0.006984
0.011329
0.007895
0.000834
0.006709
0.010534
0.006189
0.006025
0.008408
0.005877
0.006876
0.004126
0.007597
0.010227
0.003711
0.003637
0.004413
0.007150
0.007310
0.002122
0.003391
0.003936
0.006696
0.005920
0.004248
0.009043
0.002342
0.003806
0.008212
0.001713
0.010470
0.010711
