0.101678
0.024074
0.003380
0.038216
0.035331
0.001821
0.057058
0.045289
0.077664
0.010628
0.024434
0.008386
0.002357
0.003651
0.017709
0.007383
0.135486
0.001253
0.039987
0.056010
0.023308
0.096732
0.045662
0.089988
0.134988
0.201557
0.004331
0.038382
0.011090
0.003164
0.022316
0.030712
0.078218
0.023484
0.069550
0.004507
0.088421
0.116873
0.028873
0.491005
0.251045
0.009653
0.114450
0.017572
0.117490
0.183240
0.098452
0.025394
0.087390
0.029752
0.020219
0.184023
0.272752
0.205215
0.064514
0.055903
0.103581
0.399054
0.281916
0.118938
0.037454
0.079956
0.136339
0.081813
0.010546
0.949667
0.011820
0.084470
0.108706
0.066653
0.085280
0.115127
0.019931
0.702836
0.916361
0.421334
0.513671
0.535591
0.722032
0.896909
0.784898
0.126786
0.290639
0.930036
0.785407
2.047195
0.220490
1.279449
0.932173
0.873871
1.854881
0.030822
0.694417
0.156417
1.649927
10.302220
0.077403
6.143106
0.038954
0.000029
