269.000000
582.000000
885.000000
662.000000
1241.000000
1002.000000
1033.000000
654.000000
789.000000
1081.000000
586.000000
423.000000
150.000000
1013.000000
749.000000
1038.000000
226.000000
890.000000
346.000000
489.000000
1209.000000
230.000000
253.000000
430.000000
784.000000
242.000000
966.000000
611.000000
495.000000
794.000000
497.000000
113.000000
1102.000000
1247.000000
396.000000
1208.000000
266.000000
294.000000
1315.000000
209.000000
293.000000
542.000000
851.000000
97.000000
207.000000
12.000000
442.000000
1198.000000
651.000000
1270.000000
616.000000
926.000000
424.000000
667.000000
322.000000
576.000000
1219.000000
665.000000
214.000000
765.000000
548.000000
598.000000
1249.000000
7.000000
211.000000
888.000000
15.000000
618.000000
431.000000
573.000000
545.000000
618.000000
844.000000
520.000000
188.000000
962.000000
206.000000
88.000000
938.000000
595.000000
92.000000
178.000000
995.000000
885.000000
597.000000
272.000000
242.000000
1181.000000
230.000000
959.000000
309.000000
1180.000000
568.000000
641.000000
531.000000
266.000000
611.000000
593.000000
796.000000
759.000000
