0.002691
0.006517
0.006816
0.001386
0.002588
0.003470
0.007666
0.003354
0.001308
0.002564
0.007077
0.002748
0.002460
0.002249
0.003378
0.000985
0.001431
0.001559
0.004664
0.002740
0.003093
0.005539
0.001996
0.003035
0.002009
0.002896
0.004119
0.004334
0.001952
0.004931
0.003169
0.005649
0.001757
0.002140
0.005660
0.006625
0.001497
0.004208
0.001237
0.002908
0.002338
0.002337
0.000947
0.000895
0.006727
0.002090
0.001304
0.001809
0.004488
0.000936
0.003774
0.003887
0.005193
0.001735
0.003992
0.002588
0.002872
0.007667
0.004709
0.001271
0.002939
0.007405
0.000768
0.001103
0.000933
0.009834
0.006273
0.005350
0.003212
0.001279
0.001934
0.004291
0.004114
0.001040
0.003284
0.003310
0.003477
0.004192
0.002665
0.001964
0.003777
0.004923
0.005554
0.004560
0.003788
0.006059
0.008683
0.006056
0.004485
0.003953
0.001735
0.004945
0.001024
0.003400
0.001178
0.003912
0.002926
0.002802
0.008481
0.002513
