1002.000000
1005.000000
1242.000000
404.000000
832.000000
885.000000
495.000000
1335.000000
269.000000
796.000000
1038.000000
1024.000000
19.000000
1029.000000
1013.000000
426.000000
890.000000
778.000000
160.000000
242.000000
676.000000
124.000000
253.000000
1104.000000
910.000000
1130.000000
488.000000
424.000000
29.000000
1014.000000
1315.000000
497.000000
120.000000
97.000000
601.000000
294.000000
293.000000
423.000000
10.000000
804.000000
542.000000
229.000000
209.000000
1112.000000
521.000000
671.000000
226.000000
127.000000
598.000000
224.000000
942.000000
1249.000000
667.000000
864.000000
876.000000
7.000000
548.000000
214.000000
559.000000
322.000000
1198.000000
174.000000
1271.000000
90.000000
576.000000
49.000000
258.000000
136.000000
104.000000
509.000000
545.000000
847.000000
256.000000
604.000000
1193.000000
284.000000
938.000000
1290.000000
171.000000
170.000000
508.000000
188.000000
88.000000
255.000000
583.000000
936.000000
242.000000
959.000000
845.000000
309.000000
1181.000000
230.000000
1180.000000
1003.000000
281.000000
627.000000
611.000000
593.000000
424.000000
124.000000
