0.004249
0.002421
0.000389
0.004500
0.003540
0.000579
0.000372
0.000350
0.003167
0.000469
0.004347
0.004256
0.005492
0.000387
0.003813
0.004003
0.004485
0.000316
0.000463
0.002942
0.003600
0.000284
0.003930
0.005654
0.004850
0.004208
0.000479
0.004068
0.000343
0.003210
0.000429
0.004706
0.000252
0.003721
0.000066
0.001554
0.005395
0.003744
0.000440
0.000450
0.004755
0.006703
0.000393
0.000357
0.000495
0.000329
0.000409
0.000367
0.004106
0.004473
0.002568
0.000389
0.006168
0.000147
0.000304
0.002393
0.000312
0.009218
0.000259
0.000588
0.004525
0.000270
0.005220
0.000724
0.000550
0.005356
0.000413
0.005574
0.000243
0.003464
0.000176
0.000427
0.001460
0.000205
0.003805
0.003057
0.000463
0.005687
0.000316
0.003195
0.004061
0.003364
0.002912
0.000618
0.000251
0.005349
0.000395
0.000167
0.003167
0.003168
0.000162
0.000381
0.000381
0.000480
0.000149
0.003948
0.000684
0.000333
0.005274
0.004208
