50.739900
67.863600
54.824400
51.232700
30.672500
51.082500
61.392300
63.062700
51.194300
26.644000
47.231500
45.149400
38.913200
53.495100
47.584100
48.267100
51.533800
44.852700
57.658400
49.561200
51.403400
68.881400
37.864500
40.647900
32.859600
64.004300
56.175800
50.501000
43.639700
54.746100
54.019300
62.794100
49.290700
58.228500
51.867900
47.813700
30.943800
60.268500
61.627700
51.472900
51.638500
49.897600
65.405300
57.857100
34.994700
60.793100
30.161800
53.102400
27.853400
39.917100
47.183600
45.579900
23.949400
38.254000
42.714600
46.088700
71.169900
53.301800
56.101800
61.704500
52.057100
77.290300
31.895400
33.180200
42.400900
57.049200
60.830100
32.544600
50.116900
50.514600
40.525500
36.803300
47.619800
14.747700
66.515100
86.582900
57.097100
25.425400
68.298200
19.044400
29.286500
51.670900
44.511200
49.950500
69.861000
71.356000
64.023400
47.055100
61.953200
71.620900
47.055100
48.669900
43.107800
19.278700
50.340800
63.847300
85.116300
38.980700
42.738700
57.909200
