1005.000000
495.000000
1033.000000
816.000000
1241.000000
404.000000
654.000000
582.000000
1045.000000
778.000000
19.000000
426.000000
602.000000
1013.000000
796.000000
226.000000
712.000000
150.000000
124.000000
424.000000
464.000000
284.000000
160.000000
942.000000
1104.000000
253.000000
488.000000
1130.000000
346.000000
111.000000
217.000000
1247.000000
1315.000000
442.000000
120.000000
804.000000
601.000000
722.000000
396.000000
443.000000
17.000000
12.000000
851.000000
583.000000
514.000000
266.000000
294.000000
224.000000
174.000000
864.000000
322.000000
667.000000
1270.000000
424.000000
616.000000
211.000000
876.000000
942.000000
119.000000
37.000000
800.000000
1271.000000
90.000000
665.000000
1219.000000
643.000000
976.000000
618.000000
431.000000
888.000000
15.000000
169.000000
104.000000
1294.000000
995.000000
637.000000
1211.000000
170.000000
284.000000
595.000000
178.000000
604.000000
938.000000
210.000000
936.000000
198.000000
1320.000000
309.000000
1181.000000
230.000000
309.000000
959.000000
568.000000
1003.000000
641.000000
627.000000
611.000000
593.000000
278.000000
845.000000
