9.781793
10.271554
9.054379
13.268091
9.810303
13.112511
7.789998
6.155465
12.380869
6.139843
8.182256
9.810303
6.088397
9.875588
10.407604
9.941379
5.954946
10.336881
7.894816
7.377004
12.250212
6.937847
5.775764
11.416411
7.690555
9.118001
5.614474
7.676143
5.506193
11.450475
11.478767
6.961594
8.858915
12.055906
8.675854
5.490753
10.730723
9.469039
9.727181
12.813997
10.491412
9.058059
9.443026
5.477625
8.990820
6.679742
5.291600
6.363538
5.255539
4.640299
9.481984
7.306707
10.110132
11.893283
8.728976
5.157503
6.380228
7.427960
10.129066
7.858889
13.420757
9.531814
7.693370
9.947666
5.153909
11.240862
5.110193
9.737029
6.705581
8.652397
9.201719
10.328406
6.751779
11.023449
9.380418
10.134484
7.927761
6.359674
8.424412
9.237926
7.397742
5.075127
10.091621
7.261119
6.277914
12.238956
7.496819
8.478357
10.118458
11.389701
10.924003
9.776967
6.394613
5.069445
9.955097
4.863122
10.728152
11.919900
10.737612
6.028593
