49.521300
30.985100
36.353200
52.792200
9.967190
38.325000
43.408400
12.820400
36.662000
36.042600
41.136600
26.265900
31.423500
50.019100
44.169200
38.546000
33.045100
42.462500
38.220900
35.909300
34.208600
44.411400
41.788900
29.622400
36.262000
36.301700
37.250300
25.874000
34.096400
37.819500
30.235500
47.137700
66.224900
34.081300
34.336300
40.583700
46.529400
42.316800
37.506600
48.471100
30.411200
37.294400
35.405200
40.985700
45.800500
34.264500
40.211600
35.199100
42.105300
26.146900
34.952100
30.685900
30.180800
64.878200
29.848200
44.075400
50.100000
54.179500
32.991400
30.544100
38.037100
43.637400
27.888800
34.197200
28.189600
41.993400
53.414800
33.977600
37.815400
46.862900
32.710600
31.606100
46.729100
46.626600
47.206900
42.881900
33.916100
50.142300
49.034100
40.937800
37.142200
29.602700
49.089900
42.588000
48.502100
47.881500
33.997600
48.412500
54.538300
34.792600
41.907500
43.112900
48.412500
48.304300
35.435700
35.947600
60.336800
48.172300
50.265800
32.490000
