0.075992
0.123701
0.092801
0.073117
0.111747
0.116018
0.110732
0.094510
0.086856
0.112145
0.096489
0.111489
0.098683
0.150961
0.112891
0.099648
0.108701
0.092746
0.107309
0.139255
0.107612
0.120299
0.095099
0.124585
0.106976
0.123167
0.115121
0.116514
0.102552
0.125749
0.097202
0.097294
0.093152
0.111080
0.129261
0.135558
0.110632
0.117755
0.125706
0.142560
0.082425
0.115972
0.174133
0.107439
0.088568
0.120409
0.131414
0.171120
0.144020
0.109628
0.109560
0.109492
0.083783
0.084170
0.060880
0.133348
0.185947
0.145857
0.144092
0.146692
0.114051
0.093381
0.121002
0.119259
0.105796
0.101337
0.102882
0.124307
0.144083
0.074846
0.110924
0.113999
0.146600
0.116278
0.084931
0.150022
0.065718
0.146239
0.140549
0.130156
0.141757
0.092693
0.111130
0.060144
0.225372
0.181279
0.164476
0.161999
0.124080
0.146287
0.121587
0.132056
0.161999
0.123360
0.138261
0.175556
0.187720
0.153837
0.090407
0.130229
