10.580685
10.482204
8.373075
5.386679
7.291691
9.941379
11.754696
11.240862
11.988731
9.009488
6.353721
9.481984
6.059407
5.157503
7.712887
6.937847
7.789998
6.101535
8.888836
6.932410
8.153711
9.201719
12.048164
8.168036
5.029554
9.867685
6.373147
10.336881
12.589333
4.897411
7.006009
9.456664
7.927761
10.730723
6.982587
9.469039
6.705581
8.675854
12.055906
4.682472
6.959389
7.693370
12.238956
11.046131
10.140659
10.728152
4.887875
6.380228
5.658486
7.469688
7.397742
5.686253
5.055773
5.177332
10.110132
10.325067
5.954946
10.129066
5.110193
9.626968
9.054379
7.261119
9.872544
9.443026
10.214561
6.028593
5.291600
5.399514
11.073689
9.955097
6.751779
11.834490
9.810303
7.496819
10.091621
9.650485
6.272110
13.420757
9.776967
10.134484
8.693888
4.640299
4.556535
11.919900
11.191626
6.359674
6.088397
6.139843
6.363538
5.614474
6.918621
4.863122
8.326711
6.196937
5.075127
9.237926
7.793612
6.959389
4.892558
11.478767
