30.985100
31.172100
30.472400
38.182900
36.353200
32.025600
41.013700
36.662000
18.626000
35.494100
36.042600
26.265900
33.748700
31.423500
41.136600
27.718600
38.546000
33.045100
37.198900
34.096400
37.819500
35.729500
41.788900
26.419200
37.313600
43.957000
29.622400
44.411400
30.680000
45.595400
34.081300
26.181800
37.632500
25.891100
40.985700
48.471100
46.113300
37.727600
45.800500
66.224900
36.632500
39.566200
40.583700
30.580600
45.552600
35.734200
44.496500
32.307800
36.038100
36.977700
33.921200
54.179500
24.229100
32.991400
29.848200
28.236500
36.475500
30.685900
30.544100
54.763600
34.952100
38.630500
46.455700
42.105300
27.888800
46.862900
45.727300
33.977600
43.316300
46.729100
40.275000
44.827300
31.606100
29.602700
36.315900
27.519700
37.229100
37.142200
47.206900
49.034100
40.937800
49.089900
38.469800
39.481200
47.881500
33.997600
40.176300
48.412500
30.594300
60.287300
54.538300
41.907500
43.112900
35.435700
35.980100
60.336800
35.947600
39.566100
33.921200
39.226900
