0.223165
0.169934
0.165796
0.183954
0.143029
0.134614
0.163143
0.161861
0.235087
0.181358
0.175710
0.233088
0.171093
0.158258
0.161680
0.178878
0.148956
0.163255
0.242746
0.165570
0.178530
0.200049
0.201690
0.224980
0.164652
0.174312
0.186819
0.186541
0.167639
0.147321
0.190345
0.236229
0.190411
0.191377
0.181688
0.235237
0.169365
0.209732
0.307796
0.163289
0.175653
0.180893
0.188346
0.236617
0.204617
0.192516
0.192648
0.193985
0.248675
0.234018
0.203949
0.176519
0.208128
0.187922
0.228678
0.213293
0.223610
0.231589
0.195859
0.232016
0.195508
0.215105
0.153913
0.174410
0.205287
0.256725
0.186506
0.233550
0.288858
0.170406
0.145350
0.236506
0.223761
0.203173
0.268047
0.213285
0.217230
0.331394
0.220170
0.206136
0.211527
0.199295
0.160107
0.236267
0.269588
0.233065
0.267014
0.267969
0.249149
0.176148
0.261265
0.261319
0.249866
0.339698
0.236606
0.237393
0.289875
0.326825
0.203949
0.168722
