-0.789359
-0.547294
-0.392254
-1.008793
-0.438779
-0.575323
-0.776736
-1.050781
-0.665826
-0.105509
-0.218623
0.143108
0.080978
-0.710379
-0.016406
0.140084
0.085040
-0.082026
0.337602
1.104093
0.413820
0.994160
0.163047
0.545581
0.554349
0.346107
0.474713
0.695316
0.159284
0.198591
1.810528
0.852356
1.760448
1.150798
0.733581
0.835597
0.501853
1.082841
0.854704
0.555243
0.527643
1.368782
1.156987
1.320253
0.678516
1.004733
1.317612
1.539816
1.444827
1.510918
2.055845
1.655208
1.405459
1.258911
1.120473
2.632879
1.276581
1.218818
1.859847
2.807208
1.717285
1.469784
1.555895
1.077076
2.784608
1.428813
1.738861
2.635790
1.287413
2.165909
2.156668
1.229439
3.000248
2.492903
2.407766
2.239467
1.765569
1.786361
1.748354
2.395575
2.453073
1.440716
2.289613
2.900802
2.744689
3.503873
2.871707
3.116171
3.381769
3.292204
3.010667
3.942129
2.289007
2.979332
3.399458
3.329139
4.170508
3.851470
2.055845
0.644868
