0.167790
0.361738
0.409691
0.070599
0.198051
0.250225
0.052822
0.303152
0.205274
0.182517
0.253167
0.231814
0.115429
0.117934
0.349586
0.067718
0.145349
0.202583
0.108686
0.195891
0.058441
0.246250
0.105263
0.419027
0.128636
0.168281
0.265694
0.237407
0.147317
0.220247
0.114485
0.512005
0.055600
0.219859
0.196328
0.121292
0.143147
0.210603
0.094734
0.066775
0.285462
0.116690
0.293370
0.274652
0.141947
0.208164
0.219377
0.147225
0.084359
0.133038
0.115612
0.097833
0.237612
0.495854
0.206227
0.106653
0.294214
0.111167
0.202107
0.283448
0.172069
0.105995
0.309438
0.068309
0.162939
0.246789
0.186619
0.122501
0.130674
0.191189
0.083128
0.177611
0.131564
0.180883
0.070341
0.065129
0.293148
0.068554
0.273570
0.315437
0.136801
0.107238
0.219317
0.154729
0.189429
0.180216
0.250090
0.059551
0.208626
0.223893
0.182462
0.246709
0.124419
0.072351
0.064768
0.096234
0.047835
0.153879
0.115612
0.297230
