0.421279
0.678470
0.794383
0.846957
0.573553
0.622449
0.551054
0.991818
0.401877
0.079759
0.375307
0.235216
0.227193
0.354322
0.952438
0.088620
0.421595
0.239187
0.059864
0.380070
0.000000
0.233031
0.168291
0.226099
0.240077
0.115171
0.858376
0.353473
0.065065
0.454108
0.201245
0.643809
0.070577
0.236863
0.297461
0.562552
0.161585
0.355689
0.046283
0.342194
0.819856
0.271155
1.170670
0.577625
0.342883
1.158579
0.186661
0.542593
0.051963
0.199903
0.092840
0.382642
0.354410
1.795145
0.731506
0.101455
1.329068
0.091394
0.748523
0.684350
0.519732
0.296897
0.786341
0.000000
0.331069
0.550327
0.351811
0.077251
0.253046
0.592737
0.320510
0.836254
0.109230
0.624473
0.105759
0.093176
0.655368
0.865813
0.515208
0.482783
0.087791
0.203050
0.244489
0.285126
0.360649
0.389319
0.296571
0.326999
0.745107
0.491775
0.456195
0.192496
0.259688
0.502013
0.386341
0.557480
0.089422
0.230728
0.092840
0.430372
