6.370892
5.291600
6.937847
6.088397
7.021312
12.813997
5.075127
10.455191
6.918621
12.307273
5.029554
5.399514
5.614474
7.789998
7.672313
8.652397
7.291691
8.215747
9.872544
4.915654
10.271554
5.333051
8.478357
11.041574
6.725055
8.858915
9.781793
6.656102
11.450475
12.237415
9.430102
7.821324
6.959389
5.486685
4.887875
5.255395
9.469039
9.810303
5.652655
6.059407
5.477625
9.443026
6.961594
5.153909
6.028593
10.328406
7.927761
10.737612
8.990820
11.539215
7.957275
7.285087
4.723042
7.676143
8.693888
8.326711
7.198592
9.481984
9.875588
10.091621
9.520911
4.621813
4.897411
5.055773
9.634177
12.938004
6.359674
10.491412
5.172858
7.637112
11.988731
10.325067
6.081395
7.858889
6.101535
11.023449
11.191626
6.272110
5.074523
9.776967
8.369188
5.069445
10.405931
8.675854
6.226895
8.599691
8.572948
10.728152
7.397742
6.982587
11.073689
9.810303
5.350748
7.589254
13.585299
9.456664
6.394613
11.046131
11.754696
9.810303
