0.005783
0.006478
0.006973
0.005383
0.004195
0.000934
0.012801
0.000994
0.003785
0.000439
0.004292
0.003436
0.005904
0.001247
0.006302
0.001786
0.005075
0.002858
0.001953
0.006092
0.001002
0.003553
0.004363
0.002409
0.003891
0.001073
0.002618
0.006574
0.000731
0.001011
0.003449
0.004999
0.004607
0.002667
0.006802
0.004405
0.002845
0.004207
0.012083
0.006433
0.003026
0.002082
0.003713
0.007687
0.006814
0.002358
0.001079
0.001201
0.001453
0.000902
0.006941
0.002352
0.005606
0.002127
0.004226
0.003392
0.003257
0.002075
0.000960
0.002016
0.001988
0.008546
0.004574
0.004475
0.000913
0.000761
0.002118
0.001664
0.003233
0.004787
0.001147
0.000934
0.004870
0.001575
0.008212
0.001747
0.001675
0.005368
0.003056
0.002319
0.002897
0.002420
0.001561
0.004309
0.003412
0.002592
0.003793
0.001078
0.003176
0.004365
0.000894
0.004207
0.009120
0.006236
0.000387
0.000821
0.003582
0.001135
0.001179
0.004207
