55.384700
67.863600
50.739900
18.145300
63.062700
18.641000
54.824400
51.418600
30.672500
48.267100
52.103300
45.149400
38.732900
47.231500
26.644000
51.533800
46.650400
38.913200
46.147600
51.038900
53.434600
56.253300
67.934500
49.211800
50.501000
30.562300
47.605500
40.647900
64.004300
37.864500
30.161800
46.855900
57.857100
28.071100
63.011500
51.472900
56.201300
19.653100
47.813700
58.317800
39.462100
51.867900
50.866000
66.990200
49.897600
43.912600
62.794100
46.088700
50.193600
69.618800
29.155800
31.646100
31.348800
31.895400
57.749800
61.704500
32.176000
52.057100
60.816100
26.948000
33.180200
53.301800
57.320900
42.400900
58.804500
52.156500
25.521000
58.891100
70.488100
50.915500
50.288100
53.541100
57.049200
66.515100
13.070300
68.298200
45.610600
63.676700
29.286500
44.511200
63.030100
14.747700
56.897400
75.658100
71.356000
32.213200
64.023400
47.055100
47.055100
47.055100
57.909200
61.953200
71.620900
63.424600
84.858200
85.116300
63.847300
38.980700
47.619800
66.752300
