0.235087
0.223165
0.258877
0.036901
0.155290
0.210238
0.192658
0.143029
0.197402
0.178878
0.161680
0.182944
0.193692
0.171093
0.233088
0.194663
0.201810
0.079895
0.176048
0.148101
0.224980
0.191805
0.168477
0.206192
0.147321
0.174312
0.220027
0.222205
0.201690
0.160524
0.307796
0.163289
0.293393
0.133947
0.214067
0.187284
0.230775
0.236229
0.236617
0.180893
0.215517
0.161376
0.188346
0.209732
0.169872
0.238566
0.181688
0.176519
0.248675
0.153913
0.148739
0.198369
0.231387
0.207565
0.234018
0.213293
0.203949
0.232016
0.223610
0.233996
0.116859
0.173831
0.193320
0.215310
0.211671
0.202113
0.233550
0.274654
0.186506
0.170406
0.176766
0.229657
0.308398
0.183075
0.244279
0.170631
0.217230
0.275949
0.268047
0.206136
0.213285
0.146283
0.214867
0.288516
0.233534
0.261319
0.269588
0.267969
0.267969
0.267969
0.241011
0.261265
0.245675
0.287910
0.236606
0.289875
0.237393
0.261304
0.214025
0.264215
