0.826815
0.210870
0.590085
0.535049
-0.120897
0.673782
0.846091
1.399941
0.622450
1.986303
1.579743
1.316243
0.192669
-0.194084
0.549579
-0.225930
0.067629
1.138805
-0.409666
0.746560
0.513791
-0.208025
0.272776
0.348249
0.139380
-0.169893
-0.298661
0.038304
0.414901
0.806873
0.305419
-0.621712
0.891062
0.396485
0.298023
-0.027709
-0.031557
-0.525729
0.304811
0.376336
0.602426
0.652516
-0.126043
0.035467
-1.129666
0.234651
0.357134
-0.112438
-0.041698
-0.093438
0.124031
0.005950
1.009143
0.324373
-0.474811
0.463532
0.302335
1.008929
-0.336706
0.422252
-0.325151
0.250469
0.025141
0.204357
0.615556
-0.121593
0.063889
0.838745
0.358218
0.838745
-0.168117
0.283785
-0.316823
0.537064
-0.242807
-0.335912
-0.359993
0.276978
-0.087644
0.884514
2.232083
0.884514
0.166625
0.269347
0.217415
-0.085961
0.130047
0.093974
-0.289241
0.628067
-0.250009
0.376854
-0.112487
-0.207791
0.101925
-0.113292
-0.191686
0.636413
0.615556
0.063889
