0.795646
0.238459
0.991818
0.864421
0.123404
0.622449
0.815914
1.548500
0.573553
0.000000
0.538683
0.240822
0.079759
0.421595
0.375307
0.088620
0.235216
0.400110
0.794764
0.233031
0.403306
0.102979
0.449987
0.202567
0.065065
0.059864
0.380070
0.166068
1.583880
0.360717
0.207413
0.070577
0.577625
0.529975
0.186661
0.161585
0.185615
0.099615
0.117489
1.228409
0.819856
0.355689
0.271155
0.046283
0.000000
0.342883
1.158579
0.331069
1.037456
0.542593
0.462305
0.000000
1.266268
0.731506
0.101455
0.283916
0.748523
1.329068
0.092840
0.231447
0.199903
0.220953
0.195196
0.167934
0.786341
0.071760
0.592737
0.550327
0.791024
0.550327
0.454384
0.836254
0.196808
0.555882
0.865813
0.093176
0.082555
1.128434
0.087791
0.482783
0.356736
0.482783
0.092080
0.094269
0.285126
0.125343
0.377051
0.259688
0.080172
0.745107
0.326999
0.456195
0.322937
0.193907
0.386341
0.053291
0.089422
0.230728
0.786341
0.592737
