6.751779
5.291600
9.481984
11.298675
5.775764
10.405931
9.737029
7.306707
5.074523
8.182256
6.263266
5.874781
7.895492
6.961594
9.380418
4.851998
10.730723
10.328406
10.118458
7.891559
9.401812
7.291691
4.911334
10.140659
4.915654
5.069445
7.469688
9.810303
7.957275
12.307273
5.119741
5.446869
5.172858
12.055906
9.201719
6.359674
4.640299
8.326711
6.380228
6.373147
5.075127
4.621813
11.539215
7.789998
10.482204
5.506193
4.723042
10.728152
7.655398
11.196456
6.972896
9.867685
6.918621
9.531814
8.981745
5.333051
5.055773
4.630988
13.112511
7.128016
8.858915
5.486685
11.450475
7.496819
7.589254
6.155465
4.863122
4.897411
6.196937
10.274410
9.469039
11.738666
7.637112
12.813997
6.705581
13.268091
5.395180
7.261119
5.856182
5.177332
10.924003
9.054379
6.359674
9.054379
7.672313
5.652655
5.477625
10.271554
9.201719
8.990820
12.938004
12.250212
7.087370
11.073689
11.191626
6.226895
11.045282
7.377004
9.634177
11.023449
