67.863600
43.044500
60.470600
18.641000
50.739900
54.824400
54.091600
51.194300
48.241900
51.533800
46.650400
48.410200
38.913200
26.644000
53.010800
47.184700
48.267100
54.368200
40.647900
56.175800
50.501000
51.096900
54.746100
53.434600
30.562300
49.561200
57.658400
49.211800
51.926900
49.999800
43.912600
44.184300
29.438400
37.301300
58.228500
39.462100
19.653100
28.071100
34.994700
47.782800
64.263300
60.268500
50.360800
46.855900
51.472900
55.954100
63.011500
17.053800
57.320900
51.783300
33.180200
31.646100
31.895400
53.508500
53.301800
77.290300
52.057100
27.853400
23.949400
42.400900
50.627100
47.183600
56.101800
59.653400
58.804500
48.393000
52.156500
40.525500
40.337400
32.544600
32.544600
39.763100
50.915500
66.515100
29.886300
37.996500
51.670900
44.511200
56.897400
57.097100
86.582900
65.802800
63.030100
60.880600
69.861000
75.658100
40.696400
36.623500
57.909200
47.055100
61.953200
71.620900
48.669900
61.287200
63.424600
63.847300
32.917200
38.980700
51.670900
44.511200
