30.985100
52.792200
12.820400
29.048100
15.164900
34.612400
36.662000
38.182900
32.653900
36.036600
44.032000
39.043900
50.019100
26.265900
44.169200
33.045100
27.718600
36.042600
53.970300
35.729500
45.595400
36.301700
26.225600
26.419200
43.957000
40.127200
25.874000
36.907900
39.226900
23.516200
37.196500
25.891100
40.211600
34.081300
34.336300
46.529400
26.181800
27.041600
47.137700
37.294400
42.949800
32.931200
34.264500
66.224900
37.506600
33.632100
34.517400
32.327300
34.197200
50.100000
47.997400
49.936400
36.109900
37.145600
64.878200
44.075400
54.763600
28.189600
36.195200
32.803300
44.094200
62.139600
27.888800
42.105300
43.637400
41.001500
48.968800
31.606100
37.815400
46.862900
46.862900
26.194000
46.729100
56.239100
40.937800
38.469800
47.206900
49.034100
46.626600
45.699000
29.602700
26.740700
27.519700
46.352300
32.295900
35.312300
44.958000
30.594300
34.792600
48.412500
54.538300
31.583900
60.287300
35.818400
48.304300
60.336800
47.771000
48.172300
47.206900
49.034100
