-58.292900
-56.615000
-58.352200
-59.346100
-58.584300
-57.600400
-59.533700
-57.808400
-55.517900
-57.177500
-57.120600
-57.262200
-57.987200
-56.684700
-56.399000
-58.408500
-57.784000
-56.068600
-55.000800
-56.608400
-56.112600
-57.923400
-56.423800
-55.497100
-58.159400
-54.826300
-57.757000
-56.920600
-58.573000
-58.556100
-56.492500
-56.821800
-57.858000
-56.239600
-57.674500
-55.923600
-56.692700
-56.430600
-57.675600
-57.006100
-56.646300
-56.082200
-55.215500
-56.301900
-59.038500
-57.476400
-58.306100
-57.111500
-61.348400
-59.007400
-55.468800
-57.588100
-57.096600
-59.063200
-57.931900
-55.788400
-57.923400
-58.104700
-58.309400
-58.744300
-56.928300
-58.981800
-57.778300
-55.591500
-56.705000
-58.079400
-57.016300
-55.271600
-58.984500
-55.974800
-56.444000
-55.991000
-54.702600
-54.604500
-59.253000
-58.141400
-56.528600
-59.091100
-58.854700
-54.735600
-58.616700
-57.622400
-57.681100
-56.966100
-55.807800
-55.476400
-57.494900
-57.880200
-57.764800
-56.149900
-54.927400
-57.764800
-58.020700
-56.618600
-57.220700
-58.261200
-55.343200
-56.850000
-57.542800
-58.859800
