38.841700
51.194300
54.824400
55.384700
51.082500
35.753200
48.241900
27.187200
60.470600
46.650400
40.426600
38.732900
49.220500
56.800500
48.410200
20.449900
56.426200
47.584100
50.501000
56.016100
30.562300
56.253300
51.926900
54.746100
45.684700
51.198300
32.859600
49.211800
54.313400
49.999800
63.011500
58.228500
60.793100
62.794100
51.472900
30.943800
51.867900
61.627700
39.573100
54.019300
51.638500
72.473700
49.897600
64.263300
57.857100
34.994700
60.268500
42.400900
31.348800
53.102400
27.853400
49.928600
54.429700
50.193600
23.949400
39.917100
77.290300
59.219100
38.254000
69.618800
53.301800
42.500600
26.948000
52.057100
57.320900
50.116900
54.530300
25.521000
50.915500
86.753400
53.541100
70.488100
50.288100
29.886300
68.298200
25.425400
13.070300
19.044400
65.802800
66.515100
57.097100
14.747700
51.670900
40.696400
72.306100
66.175500
69.861000
48.669900
47.055100
71.620900
36.623500
47.055100
61.953200
39.298300
84.858200
32.917200
63.847300
42.738700
83.015900
49.950500
