0.165796
0.183954
0.192658
0.235087
0.164694
0.169710
0.126082
0.128097
0.115043
0.201810
0.149091
0.193692
0.162913
0.211983
0.129274
0.186572
0.236351
0.148956
0.147321
0.156346
0.174312
0.191805
0.168722
0.205315
0.178530
0.205416
0.183750
0.206192
0.186541
0.234046
0.214067
0.221182
0.129921
0.181688
0.187284
0.175653
0.161376
0.179124
0.235237
0.169365
0.190411
0.192648
0.169872
0.145345
0.293393
0.234311
0.195821
0.215310
0.231387
0.231589
0.249851
0.267334
0.176934
0.248675
0.064433
0.228678
0.230148
0.195859
0.193985
0.153913
0.173831
0.195508
0.233996
0.232016
0.193320
0.210099
0.180453
0.233550
0.170406
0.145350
0.229657
0.186506
0.176766
0.211527
0.170631
0.206697
0.244279
0.331394
0.275473
0.183075
0.208448
0.146283
0.220170
0.254793
0.269015
0.091962
0.169268
0.176148
0.267969
0.245675
0.249149
0.267969
0.261265
0.271824
0.236606
0.300513
0.237393
0.326825
0.228958
0.236267
