0.009387
0.009785
0.008438
0.005557
0.009722
0.010386
0.006151
0.008455
0.007169
0.008076
0.008847
0.006943
0.008574
0.008338
0.010711
0.009969
0.014350
0.010470
0.011974
0.008020
0.008750
0.008004
0.008536
0.008372
0.010012
0.012606
0.009788
0.008975
0.014497
0.007646
0.007403
0.007175
0.004177
0.006143
0.009391
0.010501
0.005488
0.008728
0.012077
0.004874
0.007708
0.006956
0.009482
0.005687
0.007785
0.008180
0.008542
0.013074
0.005809
0.006271
0.008793
0.007535
0.008889
0.006810
0.007967
0.006708
0.012370
0.007325
0.006003
0.009727
0.004049
0.004924
0.010998
0.010053
0.006257
0.006984
0.005348
0.008900
0.011329
0.009014
0.007895
0.006709
0.006163
0.008408
0.003074
0.005129
0.006189
0.004126
0.012766
0.003711
0.008393
0.003520
0.001688
0.007310
0.003723
0.006330
0.001449
0.003936
0.006696
0.003391
0.005920
0.006696
0.002122
0.007536
0.003638
0.003806
0.009039
0.000247
0.007221
0.007660
