0.003167
0.000237
0.004090
0.000350
0.004370
0.000579
0.005236
0.000622
0.003935
0.000441
0.004347
0.004611
0.000469
0.000327
0.000413
0.004893
0.000416
0.000316
0.005050
0.005654
0.001855
0.003930
0.004330
0.004183
0.003600
0.000436
0.004850
0.004078
0.000246
0.003600
0.000066
0.000625
0.005177
0.004755
0.003744
0.000353
0.000542
0.005023
0.002800
0.001554
0.003721
0.003484
0.004354
0.000393
0.004706
0.000367
0.000440
0.006168
0.000695
0.004808
0.000270
0.004310
0.004525
0.002111
0.002568
0.000147
0.000459
0.005140
0.000332
0.002656
0.000380
0.000588
0.000278
0.000367
0.000430
0.001460
0.000383
0.000402
0.000249
0.000458
0.003515
0.000552
0.005356
0.000544
0.004828
0.000205
0.003364
0.004061
0.003057
0.000354
0.005268
0.003916
0.002912
0.000618
0.000253
0.004081
0.000665
0.000162
0.001910
0.000398
0.000381
0.002774
0.000167
0.000480
0.004027
0.000684
0.003948
0.000333
0.000418
0.000372
