0.008546
0.005906
0.004640
0.003199
0.002239
0.003056
0.002305
0.001453
0.000966
0.000322
0.000761
0.002127
0.003056
0.000710
0.001287
0.000830
0.001314
0.001723
0.005734
0.006576
0.005606
0.007741
0.002409
0.002276
0.002859
0.001152
0.000982
0.000866
0.004953
0.006249
0.004405
0.000387
0.006863
0.001179
0.000745
0.006236
0.003642
0.005412
0.001747
0.002057
0.004574
0.004960
0.000937
0.004259
0.001558
0.004993
0.000430
0.004207
0.003449
0.000994
0.001002
0.003300
0.004870
0.012801
0.000484
0.000687
0.003964
0.000934
0.003929
0.003747
0.000959
0.004999
0.003548
0.001664
0.001007
0.000913
0.009740
0.006478
0.000682
0.009897
0.001461
0.004405
0.002781
0.001147
0.001608
0.004000
0.002386
0.004581
0.000731
0.006814
0.004167
0.003793
0.001247
0.003433
0.001902
0.003436
0.000816
0.004787
0.000887
0.006302
0.001073
0.003559
0.001953
0.001283
0.003275
0.006941
0.001189
0.003257
0.004292
0.001078
