0.001178
0.004785
0.005539
0.004476
0.002495
0.002896
0.005649
0.002564
0.004709
0.000985
0.006383
0.002337
0.000768
0.005660
0.006761
0.000947
0.006660
0.003782
0.002665
0.001079
0.000912
0.001182
0.008717
0.005188
0.002520
0.002341
0.004531
0.004708
0.006539
0.002513
0.002419
0.004923
0.000977
0.005639
0.001952
0.006625
0.008683
0.001054
0.006279
0.003903
0.000943
0.001040
0.003912
0.001559
0.005976
0.005203
0.004861
0.009834
0.007077
0.002908
0.002748
0.006084
0.002588
0.003219
0.004945
0.006375
0.001102
0.007319
0.001735
0.007140
0.004916
0.005805
0.002926
0.004931
0.004979
0.002009
0.002908
0.001996
0.004024
0.005554
0.002313
0.001315
0.000934
0.006056
0.006273
0.006814
0.007703
0.002711
0.003093
0.003513
0.003047
0.005787
0.001431
0.003797
0.003378
0.001158
0.001081
0.005181
0.003720
0.006914
0.001809
0.001757
0.004664
0.001279
0.002740
0.008481
0.004119
0.002957
0.001029
0.003477
