0.007916
0.000592
0.010224
0.000875
0.010926
0.001448
0.013091
0.001556
0.009837
0.001102
0.010868
0.011528
0.001171
0.000817
0.001031
0.012233
0.001040
0.000790
0.012624
0.014135
0.004637
0.009826
0.010825
0.010457
0.008999
0.001090
0.012124
0.010196
0.000615
0.009000
0.000165
0.001563
0.012943
0.011888
0.009361
0.000883
0.001356
0.012559
0.007000
0.003886
0.009303
0.008710
0.010885
0.000981
0.011765
0.000918
0.001099
0.015421
0.001739
0.012019
0.000675
0.010774
0.011312
0.005279
0.006421
0.000367
0.001148
0.012850
0.000830
0.006640
0.000949
0.001470
0.000696
0.000918
0.001076
0.003650
0.000958
0.001005
0.000622
0.001144
0.008786
0.001381
0.013389
0.001361
0.012071
0.000512
0.008409
0.010153
0.007642
0.000885
0.013171
0.009790
0.007279
0.001545
0.000634
0.010203
0.001662
0.000405
0.004775
0.000996
0.000953
0.006935
0.000417
0.001201
0.010066
0.001711
0.009869
0.000832
0.001046
0.000929
