0.007310
0.000902
0.004870
0.002380
0.003891
0.001902
0.005810
0.001556
0.000439
0.003514
0.002966
0.003793
0.000687
0.002275
0.001247
0.002276
0.001201
0.001953
0.006583
0.004259
0.002352
0.001152
0.000484
0.003120
0.003929
0.001608
0.000322
0.002057
0.004925
0.000796
0.003257
0.007470
0.001522
0.001002
0.002690
0.001453
0.005230
0.005783
0.000731
0.004475
0.001147
0.000865
0.001283
0.003127
0.000887
0.005412
0.000823
0.001953
0.003436
0.004953
0.004365
0.002108
0.003318
0.001215
0.004022
0.003300
0.000745
0.004292
0.002386
0.002420
0.003182
0.007248
0.003548
0.002283
0.004207
0.001747
0.002781
0.000934
0.004877
0.002118
0.001011
0.002118
0.005368
0.002667
0.002859
0.007954
0.002380
0.002858
0.000746
0.001404
0.001314
0.008212
0.001109
0.005383
0.000761
0.002655
0.000710
0.001558
0.004808
0.004993
0.009897
0.001786
0.004405
0.005734
0.000821
0.000851
0.000894
0.003642
0.001674
0.003747
