0.006052
0.004823
0.013091
0.011251
0.000971
0.001448
0.010224
0.000592
0.000642
0.000817
0.007745
0.000993
0.001102
0.013185
0.011211
0.013730
0.009532
0.009414
0.001230
0.004637
0.012624
0.001090
0.007354
0.010825
0.010519
0.000923
0.011380
0.001157
0.008025
0.009342
0.003903
0.016756
0.001237
0.000981
0.010885
0.011765
0.001125
0.011888
0.001450
0.000913
0.001099
0.001066
0.010084
0.000883
0.000918
0.001563
0.010674
0.000675
0.000830
0.000949
0.006640
0.001085
0.004889
0.012850
0.000948
0.012019
0.010774
0.011312
0.000918
0.000367
0.010626
0.005983
0.023045
0.000761
0.001810
0.008426
0.013934
0.001381
0.001005
0.013389
0.000888
0.000607
0.001031
0.008083
0.009152
0.000512
0.001157
0.013994
0.000789
0.009152
0.012071
0.010153
0.013171
0.001545
0.015082
0.013372
0.004924
0.000996
0.000405
0.007919
0.006935
0.000417
0.007919
0.005936
0.005936
0.009869
0.001711
0.000832
0.001102
0.009339
