0.169710
0.159500
0.235087
0.165796
0.143029
0.036901
0.169077
0.169934
0.258877
0.194663
0.181358
0.233088
0.148956
0.161680
0.171093
0.193692
0.236351
0.146116
0.205315
0.110521
0.165570
0.222205
0.183750
0.220027
0.191805
0.239144
0.134872
0.238944
0.185284
0.242746
0.202530
0.161376
0.214067
0.204617
0.146514
0.179124
0.190411
0.209732
0.293393
0.232551
0.235237
0.175653
0.181688
0.169365
0.163289
0.145345
0.215517
0.215310
0.181640
0.064433
0.266967
0.223610
0.174410
0.205287
0.215105
0.158764
0.228678
0.231589
0.176934
0.195508
0.193320
0.267334
0.168070
0.148156
0.213293
0.308398
0.252261
0.145350
0.221316
0.170406
0.174550
0.220994
0.217772
0.214867
0.206136
0.206136
0.170631
0.217230
0.183075
0.213916
0.160107
0.268047
0.199295
0.169268
0.267014
0.338173
0.269588
0.261265
0.249149
0.261265
0.267969
0.241011
0.249866
0.360487
0.236606
0.289875
0.237393
0.261304
0.331394
0.267969
