0.431631
0.636782
0.670463
0.613854
0.887928
0.764274
0.546054
0.752844
0.770625
0.677797
0.581415
0.391837
0.570899
0.470485
0.710446
0.755549
0.790757
0.802716
0.657397
0.557785
0.397150
0.750254
0.709370
0.479149
0.852243
0.435142
1.141840
0.801517
0.713701
0.497440
0.749220
0.514788
0.488120
0.790571
0.634003
0.488331
0.836457
0.687243
0.456384
0.613193
0.737567
0.757437
0.703476
0.775702
0.784945
0.836427
0.550586
0.754488
0.909076
0.292935
0.688839
0.925858
0.469438
0.594495
0.861303
0.657084
0.474072
0.700664
0.173453
0.289897
0.737601
0.655649
0.681380
0.696640
0.747270
0.536500
1.233010
0.770967
0.548970
0.673192
0.863668
0.828475
0.656220
0.584407
0.753648
0.818118
0.396148
0.584407
0.404357
0.726824
0.840123
0.513414
0.484620
0.889266
0.442529
0.723412
0.704211
0.385039
0.603754
1.108260
0.533261
0.533261
0.533261
0.640246
1.426040
0.790499
0.670649
0.753010
0.548970
0.921642
