0.008546
0.003127
0.005734
0.001885
0.001201
0.006583
0.001575
0.000959
0.002305
0.002859
0.001152
0.002283
0.000887
0.000823
0.001786
0.006799
0.001079
0.000796
0.002959
0.002082
0.000878
0.009120
0.002618
0.002118
0.008863
0.003760
0.002942
0.001109
0.006302
0.004787
0.000601
0.000761
0.001055
0.003056
0.002386
0.004226
0.002966
0.002409
0.006433
0.004195
0.002380
0.001078
0.002420
0.006069
0.004207
0.004207
0.001988
0.004475
0.000430
0.000865
0.003747
0.005075
0.003257
0.002358
0.007248
0.004022
0.006092
0.001240
0.008212
0.001674
0.001997
0.001675
0.002118
0.006574
0.001073
0.004276
0.001522
0.000920
0.006802
0.000934
0.001314
0.002197
0.001312
0.006576
0.001549
0.004640
0.005606
0.001007
0.003056
0.003300
0.001747
0.001247
0.001011
0.001984
0.001863
0.001664
0.000387
0.004858
0.006236
0.004607
0.007741
0.000902
0.000920
0.001943
0.004309
0.004167
0.003891
0.004207
0.003548
0.004259
