1335.000000
582.000000
404.000000
832.000000
472.000000
1242.000000
1241.000000
885.000000
269.000000
1038.000000
150.000000
759.000000
602.000000
890.000000
1013.000000
1081.000000
226.000000
426.000000
253.000000
29.000000
218.000000
1032.000000
42.000000
1130.000000
488.000000
284.000000
1209.000000
445.000000
436.000000
611.000000
1339.000000
266.000000
111.000000
851.000000
804.000000
209.000000
514.000000
12.000000
945.000000
1315.000000
671.000000
542.000000
521.000000
17.000000
226.000000
443.000000
423.000000
90.000000
621.000000
251.000000
548.000000
191.000000
651.000000
1249.000000
119.000000
1270.000000
513.000000
425.000000
1219.000000
224.000000
1299.000000
424.000000
765.000000
889.000000
127.000000
769.000000
1265.000000
15.000000
509.000000
847.000000
515.000000
104.000000
643.000000
938.000000
604.000000
88.000000
508.000000
938.000000
595.000000
995.000000
188.000000
206.000000
284.000000
983.000000
255.000000
198.000000
1333.000000
1181.000000
230.000000
934.000000
309.000000
309.000000
309.000000
280.000000
1003.000000
627.000000
611.000000
278.000000
509.000000
583.000000
