0.003935
0.000350
0.000389
0.000579
0.003167
0.000237
0.000216
0.004370
0.000372
0.004256
0.004611
0.000441
0.005492
0.000387
0.000428
0.004485
0.004893
0.003766
0.000369
0.004078
0.000400
0.004068
0.003600
0.003930
0.003737
0.003580
0.000436
0.004905
0.000368
0.000246
0.000252
0.000580
0.000345
0.000542
0.005023
0.000353
0.004706
0.005177
0.003484
0.000409
0.002878
0.001554
0.000443
0.004354
0.001561
0.000367
0.002800
0.000147
0.004250
0.000459
0.000379
0.000430
0.004473
0.004310
0.009218
0.000304
0.000643
0.000695
0.000380
0.000367
0.000389
0.004125
0.004106
0.000588
0.004525
0.000287
0.005574
0.003515
0.000427
0.000413
0.000243
0.005356
0.003370
0.003057
0.005598
0.000205
0.005687
0.000544
0.004061
0.003661
0.005268
0.004828
0.000602
0.003859
0.005284
0.004081
0.005349
0.000162
0.000381
0.003168
0.000167
0.000381
0.002774
0.002375
0.000296
0.000591
0.003948
0.000333
0.004106
0.002855
