38.841700
67.863600
54.824400
30.672500
54.091600
43.044500
51.418600
61.392300
51.194300
48.267100
47.584100
47.231500
56.426200
46.650400
53.495100
44.852700
38.732900
54.368200
54.746100
43.639700
48.257800
67.934500
25.591500
53.434600
40.647900
49.999800
54.313400
37.864500
38.852100
67.387500
29.438400
58.317800
19.653100
49.290700
46.855900
30.943800
60.268500
40.966600
37.301300
66.990200
47.813700
43.912600
39.573100
61.627700
60.793100
65.405300
51.867900
77.290300
38.254000
54.429700
57.749800
32.975000
23.949400
71.169900
59.653400
50.193600
48.093400
31.646100
56.101800
61.704500
32.176000
31.348800
52.057100
42.400900
60.816100
54.530300
70.488100
50.514600
40.525500
50.288100
86.753400
32.544600
60.830100
68.298200
65.802800
57.097100
51.670900
19.044400
14.747700
44.511200
45.610600
25.425400
63.676700
71.356000
69.861000
49.950500
40.696400
47.055100
61.953200
43.107800
48.669900
61.953200
36.623500
39.298300
50.340800
85.116300
32.917200
38.980700
52.057100
36.044600
