0.009387
0.008748
0.008438
0.009404
0.006945
0.009046
0.012124
0.013070
0.009785
0.007262
0.010470
0.008085
0.014350
0.008076
0.009053
0.010004
0.006943
0.010409
0.008372
0.008939
0.011333
0.009261
0.011572
0.006811
0.007901
0.007646
0.014497
0.009076
0.009540
0.014238
0.008505
0.007460
0.011368
0.010218
0.007958
0.010501
0.008542
0.007305
0.007468
0.004993
0.006194
0.008423
0.012077
0.008728
0.004177
0.009284
0.005488
0.012370
0.006003
0.008889
0.008013
0.009337
0.007967
0.009356
0.008535
0.006810
0.006265
0.011052
0.007993
0.009304
0.009167
0.005809
0.010053
0.013074
0.010007
0.005348
0.006709
0.006955
0.008560
0.006163
0.009014
0.000834
0.006718
0.003074
0.012766
0.008393
0.001688
0.004126
0.003520
0.006876
0.006025
0.005129
0.006761
0.007702
0.001449
0.007660
0.007310
0.006696
0.002122
0.004248
0.003936
0.002122
0.005920
0.007536
0.009043
0.008212
0.003806
0.001713
0.010053
0.011605
