0.000438
0.003069
0.000541
0.000425
0.000389
0.003935
0.003167
0.004090
0.002421
0.005492
0.005274
0.000428
0.000397
0.000316
0.003766
0.004893
0.004003
0.000327
0.000284
0.004068
0.001855
0.000450
0.003580
0.004552
0.004470
0.003893
0.005050
0.005654
0.004183
0.000400
0.004034
0.003744
0.000392
0.004270
0.000252
0.000409
0.001554
0.002800
0.000345
0.005023
0.000625
0.004755
0.006703
0.001561
0.000542
0.000580
0.003721
0.005140
0.000459
0.000695
0.006168
0.000332
0.000434
0.000367
0.000278
0.004473
0.000724
0.000407
0.004125
0.000379
0.000380
0.002111
0.004525
0.009218
0.002565
0.005574
0.000519
0.002621
0.003370
0.003515
0.000355
0.000458
0.005356
0.003916
0.003364
0.003661
0.000602
0.000544
0.000354
0.005598
0.003057
0.000205
0.004061
0.004509
0.000395
0.000665
0.000160
0.000162
0.000381
0.000398
0.003167
0.000162
0.002774
0.002375
0.002375
0.000591
0.003948
0.000333
0.003364
0.003661
