0.004808
0.005810
0.009897
0.003199
0.001664
0.001201
0.004302
0.000934
0.003275
0.005230
0.003713
0.000966
0.003323
0.002082
0.000821
0.001011
0.002667
0.004925
0.002781
0.003176
0.000710
0.002305
0.004953
0.004363
0.000878
0.000972
0.000745
0.001312
0.004365
0.003793
0.004207
0.002118
0.001073
0.004000
0.001215
0.006433
0.003026
0.001664
0.006576
0.001152
0.006302
0.001109
0.005498
0.000731
0.004292
0.001556
0.001558
0.003449
0.001189
0.002380
0.003056
0.001747
0.004207
0.003433
0.002358
0.000823
0.002592
0.001147
0.002690
0.012801
0.001943
0.002386
0.004405
0.002380
0.000430
0.009120
0.001575
0.002945
0.003785
0.003891
0.002959
0.002108
0.004167
0.006249
0.000937
0.003434
0.002283
0.001522
0.002057
0.005383
0.001674
0.003747
0.004009
0.001078
0.000960
0.002127
0.002276
0.001461
0.000387
0.002118
0.003412
0.004999
0.000940
0.003548
0.002618
0.001002
0.000858
0.000913
0.000959
0.005606
