0.094510
0.074683
0.116018
0.057962
0.092070
0.160002
0.086856
0.113120
0.092705
0.128077
0.092746
0.098683
0.112891
0.104543
0.112145
0.122837
0.097204
0.122740
0.090098
0.107309
0.150570
0.123167
0.079688
0.088918
0.139255
0.097759
0.099271
0.160091
0.103592
0.125992
0.106811
0.118853
0.110632
0.097294
0.131414
0.080924
0.086703
0.121019
0.125706
0.093152
0.120055
0.129261
0.088568
0.101552
0.174133
0.129576
0.138017
0.134088
0.114051
0.143927
0.105796
0.093381
0.131418
0.126259
0.145575
0.159545
0.185947
0.083783
0.171120
0.106529
0.121002
0.145005
0.145187
0.144020
0.119259
0.113012
0.112522
0.099128
0.139778
0.107315
0.126078
0.102882
0.074846
0.116278
0.065718
0.140549
0.136636
0.141757
0.129073
0.188191
0.132607
0.120098
0.164806
0.181279
0.060144
0.164476
0.225372
0.161999
0.124080
0.146287
0.132056
0.161999
0.140418
0.163182
0.163182
0.175556
0.138024
0.153837
0.065718
0.140549
