0.001747
0.004259
0.003891
0.004405
0.001461
0.001126
0.004858
0.006583
0.009740
0.000439
0.006069
0.012801
0.000994
0.004292
0.001215
0.002082
0.006302
0.001063
0.003275
0.004226
0.001078
0.002183
0.001902
0.001433
0.005412
0.005383
0.002197
0.003412
0.001247
0.000369
0.000913
0.002118
0.004207
0.000816
0.007470
0.003233
0.005075
0.004207
0.000865
0.000830
0.006973
0.004000
0.004363
0.006433
0.001608
0.000746
0.000322
0.002208
0.005498
0.002352
0.005368
0.000731
0.006249
0.003559
0.000866
0.003257
0.002938
0.003056
0.000745
0.000940
0.002592
0.000982
0.008863
0.005734
0.006092
0.002942
0.002655
0.004226
0.007687
0.004953
0.001664
0.004207
0.001283
0.000601
0.000937
0.005606
0.002276
0.001312
0.003026
0.004136
0.000430
0.005810
0.002859
0.002380
0.001007
0.003199
0.004925
0.001561
0.007248
0.001279
0.003582
0.002305
0.003964
0.002075
0.001453
0.004877
0.004858
0.004808
0.005783
0.005906
