0.235087
0.183954
0.197402
0.134614
0.169934
0.201649
0.126082
0.165796
0.164694
0.211983
0.146116
0.201810
0.148956
0.194663
0.149091
0.181358
0.178878
0.233088
0.232870
0.183750
0.193550
0.186819
0.239144
0.191805
0.148101
0.220027
0.200049
0.206192
0.160524
0.222205
0.307796
0.221182
0.230775
0.214067
0.191377
0.202530
0.195592
0.175653
0.209732
0.236617
0.180054
0.163289
0.190345
0.181688
0.221315
0.195821
0.204617
0.173831
0.195508
0.064433
0.211671
0.176934
0.228678
0.198369
0.193320
0.181640
0.213293
0.208128
0.229120
0.158764
0.174410
0.215105
0.266967
0.231589
0.231387
0.176766
0.175432
0.179312
0.228958
0.252261
0.236506
0.220994
0.174550
0.199295
0.331394
0.183075
0.211527
0.244279
0.206697
0.160107
0.203173
0.206136
0.275949
0.261319
0.267014
0.169268
0.288516
0.267969
0.261319
0.267969
0.267969
0.261265
0.249149
0.271824
0.179669
0.237393
0.289875
0.261304
0.236617
0.164694
