0.006279
0.001559
0.002871
0.001315
0.002313
0.005350
0.004560
0.002688
0.002908
0.002673
0.003774
0.003219
0.002908
0.001029
0.002451
0.004291
0.006914
0.004392
0.002740
0.006727
0.003477
0.001237
0.003378
0.002588
0.001054
0.002872
0.000434
0.001965
0.001431
0.001013
0.002009
0.001308
0.009834
0.001081
0.002038
0.000895
0.004788
0.009834
0.002249
0.000947
0.005663
0.006814
0.006438
0.003376
0.006273
0.001934
0.000985
0.002238
0.005219
0.002213
0.003167
0.003093
0.002513
0.001757
0.004708
0.002957
0.007667
0.002896
0.001952
0.000811
0.003992
0.004531
0.002331
0.002665
0.001284
0.005652
0.001657
0.006727
0.002090
0.006539
0.004931
0.009834
0.001279
0.004192
0.003912
0.000912
0.005188
0.005233
0.001084
0.003038
0.004861
0.003203
0.002520
0.002563
0.004979
0.004476
0.003679
0.004488
0.004485
0.007405
0.002252
0.005649
0.001102
0.004334
0.002564
0.006472
0.004560
0.005525
0.003592
0.004785
