1.399941
1.100392
-0.829913
0.535049
0.006103
0.673782
1.016948
0.239021
0.210870
0.994393
1.316243
-0.310962
0.192669
1.627848
1.123858
-0.194084
-0.360169
1.986303
-0.270883
-0.298661
0.880827
-0.625879
0.139380
0.218643
0.671445
-0.368164
0.294957
0.285711
-0.955441
0.806873
0.645220
0.305419
0.602426
-0.596847
-0.105641
-0.031557
0.693557
-0.432909
0.304811
0.357134
0.646303
0.124505
-0.215087
0.891062
0.035467
0.652516
0.396485
0.610869
1.877733
-0.281508
0.204357
-0.143231
1.008929
0.124031
0.807236
-0.041698
-0.060163
0.422252
1.009143
0.463532
-0.112438
0.306064
-0.243234
-0.336706
0.005950
0.063889
0.481959
0.358218
0.581362
-0.193315
0.127773
0.078459
0.085611
0.031128
-0.242807
-0.335912
0.570374
1.016369
0.665019
-0.359993
0.021569
0.166625
0.276978
0.242540
0.193237
-0.085961
1.131318
-0.250009
0.323381
0.376854
-0.250009
0.628067
0.656081
-0.207791
0.538010
-0.191686
-0.069035
-0.103141
0.656081
-0.192403
