-0.520778
-0.902808
-1.008793
-1.264390
-0.732946
-0.575323
-0.590745
-0.469522
-0.466012
-0.147794
-0.141897
0.080978
-0.105509
-0.016406
0.001278
0.085040
-0.710379
-0.197992
0.099535
1.104093
0.554653
0.767317
0.159284
0.444123
0.474713
0.705726
0.695316
0.223194
0.413820
1.746456
1.156987
0.625505
0.527643
1.810528
1.290429
1.664462
1.095636
1.073567
1.053551
1.004733
1.177930
1.150798
0.927305
1.320253
0.854704
1.082841
0.864734
2.807208
1.258911
1.569786
1.216302
1.218818
1.276581
1.194183
1.047704
1.050393
1.405459
1.606014
1.126520
1.291533
2.784608
1.788975
1.000063
2.055845
1.077076
2.165909
2.043737
1.898462
2.165704
3.457105
1.569148
2.156668
1.766277
1.721669
1.786361
2.239467
1.788006
1.765569
1.748354
2.270257
1.440716
2.027685
2.609907
2.744689
3.055549
2.803232
2.871707
3.116171
3.942129
3.010667
3.116171
3.381769
3.292204
2.791803
3.595305
4.170508
3.329139
3.751848
3.292204
2.068630
