0.391251
0.356057
0.070599
0.246202
0.147159
0.250225
0.394599
0.159330
0.198940
0.372536
0.494508
0.115429
0.182517
0.349586
0.349344
0.145349
0.117934
0.511274
0.159673
0.195891
0.328158
0.115167
0.147317
0.178275
0.265694
0.093511
0.237407
0.095383
0.058441
0.272056
0.293370
0.161345
0.285462
0.114485
0.120858
0.181654
0.251690
0.161507
0.105026
0.208164
0.202537
0.219859
0.071394
0.274652
0.094734
0.210603
0.099051
0.283448
0.495854
0.093268
0.119972
0.111167
0.294214
0.183264
0.272227
0.132860
0.237612
0.170630
0.240714
0.100989
0.162939
0.200815
0.084076
0.115612
0.068309
0.191189
0.239164
0.253760
0.291010
0.156793
0.088040
0.083128
0.098899
0.061601
0.068554
0.065129
0.239257
0.293148
0.273570
0.095268
0.107238
0.145110
0.221326
0.189429
0.142475
0.127511
0.250090
0.059551
0.246709
0.182462
0.059551
0.208626
0.223893
0.076089
0.200342
0.047835
0.096234
0.056960
0.223893
0.093182
