1.548500
0.651833
0.846957
0.864421
0.090351
0.622449
0.924156
0.293047
0.238459
0.872954
0.240822
0.227193
0.079759
0.952438
1.211377
0.421595
0.354322
0.000000
0.206036
0.380070
0.623430
0.236578
0.065065
0.182454
0.858376
0.000000
0.353473
0.152131
0.000000
0.360717
1.170670
0.207413
0.819856
0.201245
0.222095
0.185615
0.334678
0.347311
0.117489
1.158579
0.398584
0.236863
0.359348
0.577625
0.046283
0.355689
0.529975
0.684350
1.795145
0.246614
0.167934
0.091394
1.329068
0.462305
0.146926
1.037456
0.354410
0.231447
1.266268
0.283916
0.331069
0.124981
0.336105
0.092840
0.000000
0.592737
0.686975
0.791024
0.328337
0.102837
0.055982
0.320510
0.738330
0.371271
0.865813
0.093176
0.477559
0.655368
0.515208
0.082555
0.203050
0.092080
1.128434
0.360649
0.153801
0.125343
0.296571
0.326999
0.192496
0.456195
0.326999
0.745107
0.491775
0.193907
0.379016
0.089422
0.557480
0.415612
0.491775
0.054941
