0.001147
0.002897
0.004697
0.004112
0.002954
0.003212
0.001271
0.005350
0.003038
0.004334
0.002588
0.005539
0.002688
0.000985
0.001965
0.000983
0.006056
0.002513
0.002820
0.003354
0.000680
0.004742
0.002711
0.004192
0.003284
0.004708
0.002939
0.002313
0.002896
0.002038
0.005359
0.002564
0.003782
0.002419
0.001279
0.000434
0.005649
0.006914
0.003477
0.005961
0.001964
0.000962
0.001934
0.001029
0.001757
0.001103
0.001828
0.004945
0.003903
0.006597
0.003400
0.005515
0.006279
0.002802
0.005554
0.007909
0.001431
0.000934
0.003679
0.009834
0.005219
0.002140
0.007667
0.003035
0.005961
0.005639
0.002249
0.007666
0.001079
0.001013
0.003477
0.005181
0.002740
0.004916
0.002337
0.006154
0.005203
0.004488
0.001158
0.003720
0.002451
0.006059
0.001134
0.002748
0.000895
0.000829
0.005663
0.007405
0.002238
0.000943
0.003788
0.001386
0.001855
0.005916
0.003470
0.003797
0.001492
0.001304
0.003169
0.008683
