0.000579
0.000372
0.004370
0.005426
0.004249
0.003935
0.000425
0.003069
0.004500
0.004611
0.000387
0.004256
0.003098
0.005274
0.004003
0.004347
0.000316
0.003813
0.000368
0.004850
0.004905
0.000479
0.005654
0.004078
0.003580
0.004470
0.000400
0.002855
0.003930
0.004183
0.003484
0.000495
0.001554
0.002878
0.003721
0.004270
0.000440
0.005395
0.000365
0.001561
0.000345
0.000429
0.005023
0.000392
0.006703
0.002800
0.000542
0.002393
0.000407
0.000379
0.000434
0.006168
0.000332
0.000550
0.000430
0.003736
0.000147
0.001956
0.004808
0.004310
0.000530
0.002568
0.002565
0.000380
0.005140
0.006639
0.000287
0.000402
0.000379
0.000413
0.000418
0.005356
0.002621
0.003057
0.004474
0.003364
0.003233
0.000463
0.004828
0.003661
0.004061
0.002912
0.003805
0.004509
0.000160
0.000618
0.005349
0.003167
0.000162
0.002774
0.000162
0.001910
0.000398
0.002375
0.000296
0.000684
0.000591
0.002686
0.000160
0.004354
