0.113634
0.090832
0.111747
0.100318
0.097175
0.160002
0.057962
0.074683
0.102077
0.099648
0.083728
0.095379
0.150961
0.092746
0.097204
0.103260
0.104543
0.063839
0.097353
0.115264
0.130229
0.124585
0.160091
0.102552
0.079688
0.139255
0.125992
0.111692
0.103873
0.103592
0.111080
0.099143
0.086703
0.097717
0.138017
0.097294
0.092138
0.082425
0.120409
0.101552
0.127949
0.102979
0.093152
0.110632
0.088568
0.121019
0.174133
0.109492
0.083783
0.106529
0.131418
0.105796
0.093381
0.169488
0.123627
0.159150
0.133348
0.146692
0.084170
0.136756
0.139965
0.109628
0.119259
0.121002
0.134088
0.101337
0.106795
0.165029
0.111137
0.110924
0.113645
0.074846
0.099128
0.132607
0.146239
0.065718
0.120139
0.111130
0.150022
0.140549
0.164806
0.107167
0.196372
0.181279
0.225372
0.090407
0.167193
0.132056
0.161999
0.140418
0.161999
0.119885
0.146287
0.163182
0.183054
0.187720
0.175556
0.138138
0.225372
0.119861
