0.183954
0.161861
0.223165
0.169077
0.235087
0.036901
0.163143
0.143029
0.164694
0.158258
0.161680
0.171093
0.193692
0.163255
0.182944
0.186572
0.201810
0.079895
0.167639
0.178530
0.206835
0.183750
0.224980
0.164652
0.111869
0.234046
0.186541
0.238944
0.160524
0.239144
0.145345
0.238566
0.236229
0.214067
0.234311
0.161376
0.129921
0.235237
0.293393
0.188346
0.307796
0.175653
0.190411
0.169872
0.179124
0.181688
0.192648
0.211671
0.195508
0.181640
0.173831
0.249020
0.203949
0.215105
0.195859
0.267334
0.193320
0.148739
0.064433
0.249851
0.228678
0.248675
0.158764
0.187922
0.168070
0.174550
0.145350
0.308398
0.256725
0.186506
0.229657
0.202113
0.217772
0.331394
0.160107
0.275949
0.170631
0.244279
0.275473
0.214867
0.217230
0.213285
0.146283
0.269588
0.091962
0.338173
0.233065
0.261319
0.261265
0.249149
0.267969
0.267969
0.261265
0.287910
0.271824
0.237393
0.289875
0.326825
0.213293
0.326825
