0.009785
0.006945
0.008748
0.008050
0.005557
0.002688
0.011965
0.012124
0.009722
0.009053
0.009221
0.008085
0.006943
0.007763
0.011172
0.009969
0.008076
0.009499
0.011572
0.010012
0.010145
0.009788
0.006811
0.011333
0.011471
0.007646
0.014497
0.008109
0.009076
0.010708
0.005687
0.008423
0.011368
0.007403
0.008180
0.005488
0.004177
0.012077
0.007785
0.009581
0.006196
0.010501
0.007708
0.009482
0.008728
0.006143
0.006956
0.009267
0.004924
0.008481
0.004049
0.013643
0.009167
0.009356
0.007325
0.007535
0.006257
0.001273
0.007967
0.008793
0.006708
0.006810
0.007304
0.006265
0.007895
0.005064
0.009014
0.005481
0.000834
0.006709
0.007895
0.008798
0.009586
0.004126
0.010534
0.006761
0.003074
0.006189
0.012766
0.005877
0.006025
0.007597
0.003520
0.006979
0.006330
0.004413
0.003637
0.004248
0.002122
0.005920
0.006696
0.006696
0.002122
0.001174
0.007536
0.009039
0.008212
0.000247
0.009304
0.000247
