0.090832
0.086856
0.123701
0.057962
0.102077
0.075992
0.044133
0.092801
0.097175
0.098683
0.096489
0.086169
0.122837
0.108701
0.092746
0.063839
0.083728
0.150961
0.089920
0.125749
0.099271
0.092656
0.103873
0.125992
0.150570
0.079688
0.120299
0.116514
0.130229
0.123167
0.120055
0.086703
0.127949
0.095252
0.097294
0.121019
0.101552
0.142560
0.123620
0.135558
0.088568
0.105033
0.102979
0.106811
0.119861
0.107439
0.099143
0.093381
0.109560
0.113272
0.084170
0.131418
0.118767
0.136756
0.146692
0.109628
0.119259
0.083783
0.159545
0.105796
0.060880
0.121234
0.139965
0.144092
0.134088
0.144083
0.166878
0.108543
0.074846
0.113012
0.102882
0.165029
0.126078
0.141757
0.196372
0.136636
0.132607
0.065718
0.188191
0.116278
0.120866
0.120139
0.164806
0.181279
0.225372
0.060144
0.164476
0.121587
0.124080
0.140418
0.161999
0.161999
0.124080
0.123360
0.163182
0.187720
0.175556
0.138138
0.126259
0.138138
