-0.829913
0.590085
-0.090432
1.016948
0.388063
-0.120897
-0.598076
0.622450
-0.499160
-0.360169
1.627848
-0.310962
1.105449
0.177044
0.055905
1.579743
1.123858
1.986303
0.139380
-0.955441
-0.368164
0.272776
1.268351
-0.083040
0.285711
-0.409666
0.294957
-0.542966
-0.004321
0.806873
0.304811
0.384523
2.115767
0.693557
-0.215087
-0.031557
0.428249
-0.008591
0.646303
0.645220
0.035467
0.602426
-0.621712
-0.587773
-1.129666
0.718144
0.298023
0.025141
0.043059
1.009143
0.274888
-0.182551
-0.336706
-0.194854
0.302335
0.361294
0.529227
0.463532
0.124031
-0.013572
0.324373
-0.159457
0.807236
1.877733
0.270990
-0.269494
0.078459
0.085611
0.838745
0.080195
0.514740
-0.168117
0.051737
-0.242807
0.442581
0.537064
0.031128
-0.364206
0.167502
-0.359993
1.016369
-0.335912
0.570374
0.242540
0.269347
0.130047
0.496309
0.323381
0.376854
0.628067
-0.250009
-0.250009
0.376854
-0.238936
-0.207791
-0.069035
-0.191686
0.636413
-0.474811
0.636413
