0.846957
0.991818
0.421279
0.924156
0.401877
0.123404
0.551054
0.573553
0.678953
0.354322
0.952438
0.227193
0.538433
0.239187
0.265111
0.538683
1.211377
0.000000
0.065065
0.000000
0.000000
0.449987
0.226099
0.240077
0.152131
0.794764
0.353473
0.000000
0.109984
0.360717
0.117489
0.247097
0.643809
0.334678
0.359348
0.185615
0.189808
0.562552
0.398584
1.170670
0.046283
0.819856
0.070577
0.103169
0.000000
0.297461
0.186661
0.195196
0.519732
1.266268
0.473259
0.094694
0.092840
0.296897
0.748523
0.337206
0.206312
0.283916
0.462305
0.139410
0.731506
0.051963
0.146926
1.795145
0.506871
0.227216
0.320510
0.738330
0.550327
0.351811
0.441096
0.454384
0.557281
0.865813
0.244489
0.555882
0.371271
0.250547
0.750017
0.082555
0.655368
0.093176
0.477559
0.360649
0.094269
0.377051
0.389319
0.192496
0.456195
0.745107
0.326999
0.326999
0.456195
0.254415
0.193907
0.557480
0.089422
0.230728
0.101455
0.230728
