7.891559
10.118458
12.250212
6.263266
9.009488
10.405931
9.456664
11.919900
9.481984
4.621813
11.450475
7.858889
9.810303
11.389701
8.168036
8.675854
7.712887
9.401812
9.947666
5.255395
7.672313
7.693370
11.539215
9.867685
4.640299
7.789998
11.045282
6.715289
9.737029
7.006009
9.058059
4.887875
5.075127
8.572948
7.291691
5.172858
10.728152
9.118001
10.701530
9.201719
6.081395
6.918621
9.443026
12.589333
6.179153
12.197312
6.196937
6.359674
9.380418
7.469688
9.781793
7.655398
6.394613
12.237415
7.128016
5.775764
11.196456
6.272110
11.046131
6.937847
7.559746
11.298675
10.271554
10.491412
7.377004
6.359674
4.723042
6.155465
7.589254
5.177332
12.644636
6.982587
4.863122
7.637112
8.728976
10.482204
7.302547
7.894816
5.119741
11.667071
8.424412
7.427960
11.191626
6.146863
12.845791
6.101535
9.810303
5.490753
5.686253
7.821324
6.937847
5.856182
6.751779
9.634177
11.240862
8.678304
6.101535
10.407604
9.872544
7.793612
