0.003540
0.000216
0.000372
0.000425
0.004090
0.005236
0.004500
0.002421
0.003935
0.004347
0.004256
0.005490
0.000327
0.004893
0.000387
0.000397
0.000441
0.000413
0.005654
0.004850
0.004068
0.004078
0.000284
0.004330
0.005050
0.000492
0.003893
0.003920
0.003580
0.004183
0.000345
0.000066
0.004827
0.000357
0.000252
0.000495
0.000542
0.004270
0.004755
0.005395
0.004034
0.000440
0.005023
0.000580
0.000329
0.000365
0.000503
0.000724
0.000550
0.004473
0.005140
0.000434
0.000530
0.000588
0.009218
0.003736
0.000695
0.002656
0.000270
0.000407
0.004310
0.000304
0.006342
0.002568
0.002111
0.000287
0.005356
0.000413
0.003370
0.000355
0.006639
0.005574
0.000176
0.003195
0.004061
0.003364
0.003805
0.004828
0.004474
0.000205
0.003661
0.000354
0.003661
0.004081
0.000160
0.000618
0.000665
0.000162
0.000167
0.000162
0.001910
0.000398
0.000381
0.000296
0.000559
0.000684
0.000591
0.000333
0.000304
0.000357
