-58.921900
-56.339100
-56.615000
-56.361800
-59.417700
-59.533700
-59.346100
-57.839800
-58.292900
-57.120600
-58.418600
-58.330300
-56.399000
-57.262200
-57.177500
-57.728500
-57.287000
-59.245600
-59.892500
-58.151700
-58.409300
-56.090000
-56.112600
-59.927000
-56.389800
-56.608400
-56.423800
-57.757000
-58.556100
-56.920600
-58.023000
-58.798600
-59.636700
-56.239600
-58.240400
-56.082200
-57.822700
-57.476400
-56.821800
-55.717800
-55.215500
-54.420600
-56.285200
-59.256800
-59.893000
-57.914200
-56.492500
-56.230100
-58.744300
-57.931900
-58.208800
-54.881000
-56.436300
-57.111500
-57.478900
-58.138400
-56.947900
-55.788400
-57.778300
-56.528000
-60.490200
-59.063200
-57.753000
-57.588100
-59.335400
-57.016300
-57.230800
-54.702600
-58.998400
-55.495700
-58.663800
-55.991000
-57.899400
-54.604500
-57.622400
-56.528600
-56.900700
-58.141400
-59.279100
-58.616700
-57.480700
-54.735600
-57.480700
-58.859800
-55.476400
-55.807800
-55.213900
-57.764800
-57.880200
-57.764800
-56.149900
-57.705800
-58.020700
-58.816200
-57.220700
-55.343200
-55.053200
-56.459300
-59.063200
-56.239600
