0.764274
0.752844
0.733800
0.675808
0.548279
0.613854
0.656789
0.430305
0.499531
0.677797
0.790757
0.597808
0.391837
0.792789
0.748750
0.732641
0.798471
0.646351
0.287581
0.632023
0.713701
0.814171
0.738179
0.698501
0.479737
0.557785
0.750254
0.697925
0.629946
0.691397
0.456384
0.737567
0.784945
0.716300
0.907811
0.695115
0.613193
0.836457
0.566293
0.792463
0.687243
0.488120
0.986125
0.524557
0.749028
0.550586
0.213598
0.871615
0.594495
0.657084
0.492508
0.474072
0.469438
0.173453
0.915847
0.754488
0.696640
0.521725
0.832509
0.909076
0.745598
0.292935
0.723179
0.688839
0.635799
0.548970
0.456520
1.002000
0.632139
0.536500
0.700425
0.877537
0.673192
0.513414
0.812620
0.840123
0.575872
0.826401
0.396148
1.226460
0.584407
0.726824
0.584407
0.543443
0.442529
0.889266
0.492293
0.533261
1.429880
0.533261
0.603754
0.948789
0.385039
1.029610
0.505387
0.790499
0.670649
0.792337
0.292935
0.716300
