-0.466012
-0.438779
-1.008793
-0.590745
-0.575323
-1.228839
-0.665826
-0.547294
-0.392254
0.092983
0.140084
0.143108
-0.068871
0.166873
0.001278
-0.141897
0.080978
-0.082026
0.142893
0.099535
0.405287
1.104093
0.346107
0.599754
0.705726
0.455582
0.644868
0.718024
0.243203
0.554653
0.852356
1.279428
1.085098
0.733581
0.625505
1.317612
0.929254
0.927305
1.383987
1.073567
1.294416
1.124122
0.555243
1.368782
1.150798
0.897868
1.095636
1.000063
1.555895
1.194183
1.073865
1.480845
1.047704
1.752345
1.077076
1.569786
1.299574
1.120473
1.548759
1.291533
1.469784
1.444827
1.216302
1.232227
0.886782
1.759988
1.428813
2.209422
2.043737
2.418302
1.430171
1.738861
1.229439
2.453073
1.788006
1.988700
2.289613
2.027685
2.430654
2.609907
2.395575
1.923994
2.395575
2.900802
1.835416
2.646078
3.503873
3.116171
3.292204
3.116171
2.825028
3.249761
3.010667
3.595305
3.399458
3.329139
4.170508
3.751848
1.444827
0.733581
