0.006567
0.003380
0.006103
0.042458
0.025430
0.035069
0.007058
0.078289
0.001821
0.007383
0.135486
0.005458
0.000029
0.024434
0.007097
0.008386
0.008368
0.029675
0.096732
0.089988
0.008147
0.039987
0.080742
0.002398
0.091855
0.082669
0.025554
0.018507
0.004331
0.010258
0.067416
0.103163
0.010234
0.023484
0.251045
0.022316
0.028873
1.463893
0.098452
0.078218
0.183240
0.434733
0.563140
0.346678
0.017572
0.010126
0.018430
1.085921
0.136339
0.029752
0.079956
0.765406
0.087390
0.103581
0.764081
0.014006
0.159385
0.473806
0.096798
0.017549
0.718967
0.256094
0.064514
0.037454
0.020219
0.288369
0.115127
0.050669
0.699714
0.682939
0.790167
0.019931
0.057091
0.513671
0.479386
0.916361
0.702836
0.637064
0.079345
0.232503
0.722032
0.290639
0.722032
0.763855
0.109992
0.518327
0.930036
1.593705
0.873871
3.974983
0.932173
0.239384
0.890452
0.156417
1.511058
0.752204
0.077403
6.143106
0.256094
0.023484
