0.430305
0.834204
0.770625
0.431631
1.199350
0.548279
0.656789
0.613854
0.499531
0.677797
0.570899
0.748750
0.710446
0.707563
0.581415
0.515750
0.646351
0.470485
0.738179
0.282753
0.813395
0.479737
0.713701
0.801517
0.698501
0.497440
1.038450
0.785676
0.940776
0.697925
0.757437
0.695115
0.687243
0.795029
0.671788
0.966678
0.836457
0.716300
0.925473
0.921642
0.634003
0.775702
0.456384
0.670741
0.731563
0.836427
0.488120
0.735958
0.688839
0.714793
0.648212
0.659256
0.289897
0.800501
0.832509
0.594495
0.660265
0.708161
0.521725
0.435333
0.754488
0.186576
0.469438
0.738230
0.700664
0.473007
0.779131
0.632139
0.656220
1.002000
0.536500
1.081730
0.673192
1.226460
0.545540
0.753648
0.396148
1.164330
0.812620
0.575872
0.726824
0.484620
0.513414
0.492293
0.252425
0.543443
0.723412
1.429880
0.385039
0.385039
1.108260
0.603754
0.948789
0.841696
0.505387
0.790499
0.636181
0.792337
0.673192
0.749028
