0.004192
0.007405
0.005961
0.001964
0.000983
0.004881
0.002740
0.000987
0.001735
0.002802
0.002908
0.004112
0.005193
0.005787
0.006438
0.007667
0.003797
0.003203
0.006761
0.005539
0.002691
0.005525
0.003953
0.003477
0.005219
0.001178
0.001431
0.000605
0.004119
0.007666
0.002588
0.000977
0.006375
0.002238
0.004114
0.003128
0.003274
0.000936
0.000829
0.006914
0.004753
0.004709
0.004485
0.005976
0.002748
0.005663
0.004697
0.006597
0.004488
0.006727
0.003310
0.006273
0.008717
0.002820
0.008683
0.002687
0.003533
0.000947
0.004923
0.000434
0.001386
0.002610
0.001029
0.002331
0.000768
0.003782
0.002520
0.001237
0.001134
0.004192
0.006738
0.004945
0.001084
0.001559
0.006413
0.003912
0.002495
0.001657
0.003093
0.003400
0.004742
0.003035
0.002688
0.001855
0.005554
0.000934
0.002896
0.000933
0.001081
0.002252
0.003167
0.003477
0.001054
0.000943
0.002564
0.002665
0.004745
0.006539
0.003048
0.000985
