0.078289
0.008046
0.101678
0.000818
0.038216
0.025430
0.007058
0.035069
0.001821
0.007383
0.011269
0.007097
0.003651
0.003924
0.002357
0.008440
0.029675
0.001253
0.080742
0.089942
0.056010
0.091855
0.008147
0.203111
0.002398
0.038382
0.003164
0.201557
0.134988
0.018507
0.009653
0.022316
0.183240
0.028144
0.120693
0.083763
1.463893
0.023484
0.099513
0.107476
0.059633
0.571240
0.067416
0.004507
0.001611
0.116861
0.434733
0.055903
0.037454
0.303058
0.281916
0.091263
0.138738
0.081813
0.096798
0.136339
0.306832
0.165029
0.473806
0.013242
0.014006
0.249126
0.087390
0.083835
0.145120
0.108706
0.795341
0.699714
1.548992
0.050669
0.682939
0.672752
0.057091
0.232503
0.011939
0.168988
0.079345
0.784898
0.479386
0.702836
0.290639
0.324132
0.513671
0.930036
0.363615
0.763855
0.534361
0.873871
0.890452
1.279449
0.762349
0.932173
0.239384
1.649927
1.511058
0.752204
10.302220
5.109369
0.057091
0.017572
