490.000000
141.000000
269.000000
1335.000000
662.000000
816.000000
582.000000
832.000000
1002.000000
1038.000000
602.000000
1029.000000
1013.000000
1024.000000
150.000000
757.000000
409.000000
890.000000
125.000000
989.000000
489.000000
910.000000
436.000000
445.000000
124.000000
611.000000
794.000000
242.000000
784.000000
1104.000000
542.000000
497.000000
12.000000
599.000000
10.000000
601.000000
514.000000
1247.000000
1112.000000
583.000000
804.000000
17.000000
945.000000
1208.000000
722.000000
443.000000
111.000000
576.000000
548.000000
1242.000000
214.000000
942.000000
224.000000
7.000000
559.000000
1249.000000
37.000000
800.000000
864.000000
552.000000
90.000000
1271.000000
651.000000
174.000000
425.000000
431.000000
299.000000
976.000000
643.000000
195.000000
769.000000
256.000000
847.000000
1211.000000
637.000000
604.000000
508.000000
92.000000
1294.000000
520.000000
995.000000
284.000000
206.000000
885.000000
1320.000000
210.000000
198.000000
959.000000
1181.000000
1181.000000
934.000000
230.000000
845.000000
531.000000
281.000000
627.000000
266.000000
593.000000
847.000000
97.000000
