0.678470
0.197436
0.123404
0.795646
0.710330
0.622449
0.401877
1.429099
0.794383
0.400110
0.000000
1.211377
0.354322
0.375307
0.079759
0.872954
0.239187
0.538683
0.115171
0.182454
0.360717
0.000000
0.484799
0.240077
0.000000
0.137736
0.226099
0.059864
0.000000
0.449987
0.247097
0.186661
0.103169
0.529975
0.099615
0.819856
0.359348
0.297461
1.170670
0.398584
0.577625
0.070577
0.643809
1.158579
0.324885
0.237329
0.279980
0.748523
0.337206
0.206312
0.519732
0.473259
0.091394
0.203102
0.051684
0.786341
0.101455
0.684350
0.731506
0.231447
0.246614
1.037456
0.146926
0.139410
0.199903
0.196808
0.132384
0.686975
0.738330
0.106308
0.557281
0.055982
0.836254
1.128434
0.624473
0.515208
0.482802
0.093176
0.477559
0.244489
0.356736
0.371271
0.087791
0.389319
0.360649
0.285126
0.084310
0.491775
0.456195
0.456195
0.259688
0.080172
0.322937
0.111707
0.386341
0.557480
0.053291
0.415612
0.836254
0.236863
