0.000894
0.001312
0.000866
0.005368
0.001556
0.004259
0.002283
0.004259
0.002859
0.004363
0.000816
0.000937
0.007248
0.000934
0.003548
0.006583
0.009120
0.000821
0.003793
0.003642
0.002409
0.001055
0.000994
0.001147
0.003233
0.004640
0.006433
0.003323
0.007687
0.000823
0.004475
0.001453
0.001079
0.007741
0.006863
0.002127
0.000966
0.001201
0.002781
0.000913
0.001063
0.002075
0.003514
0.002380
0.002655
0.007310
0.005412
0.004207
0.004022
0.002305
0.004925
0.007470
0.004405
0.007674
0.001863
0.004302
0.003257
0.004787
0.001078
0.001902
0.003436
0.002057
0.001240
0.002183
0.012083
0.002275
0.004607
0.004877
0.006814
0.002082
0.004808
0.002592
0.002118
0.000887
0.001723
0.000369
0.003553
0.003056
0.001283
0.002319
0.004195
0.000865
0.003449
0.001997
0.000894
0.005906
0.006478
0.003891
0.000387
0.004365
0.003559
0.000761
0.000851
0.001109
0.001885
0.001078
0.001007
0.005230
0.000972
0.003120
