0.128097
0.115043
0.169077
0.192658
0.164694
0.201649
0.210238
0.134614
0.155290
0.149091
0.211983
0.201810
0.236351
0.146116
0.079895
0.175710
0.186572
0.158258
0.186819
0.183750
0.174312
0.242746
0.164652
0.200049
0.176048
0.191805
0.167639
0.178530
0.160524
0.168477
0.234311
0.188346
0.145345
0.202530
0.209732
0.161376
0.204617
0.163289
0.235237
0.221608
0.179124
0.307796
0.238566
0.190411
0.159926
0.180893
0.230775
0.181640
0.205287
0.233996
0.158764
0.153913
0.248675
0.208128
0.234018
0.193320
0.249020
0.215310
0.232016
0.193985
0.195508
0.223610
0.215105
0.230148
0.116859
0.308398
0.220994
0.175432
0.236506
0.228958
0.274654
0.145350
0.221316
0.214867
0.206136
0.206697
0.183075
0.211527
0.199295
0.268047
0.146283
0.275949
0.331394
0.338173
0.288516
0.269588
0.233534
0.267969
0.261265
0.261265
0.267969
0.249149
0.261319
0.236606
0.360487
0.300513
0.289875
0.261304
0.266967
0.206136
