0.236075
0.651833
0.924156
0.864421
0.678953
0.795646
0.710330
0.622449
0.090351
0.400110
0.872954
1.211377
0.359607
0.240822
0.000000
0.375307
0.538683
0.354322
0.858376
0.449987
0.115171
0.059864
0.240077
0.233031
0.236578
0.102979
0.065065
0.000000
0.109984
0.484799
0.359348
1.170670
0.117489
0.347311
0.355689
0.185615
0.342883
0.342194
0.562552
0.276453
0.000000
0.046283
0.247097
0.070577
0.099615
0.271155
0.187560
1.266268
0.331069
0.051684
0.146926
0.786341
0.051963
0.354410
0.199903
0.206312
0.094694
0.570156
0.684350
0.542593
0.519732
1.329068
0.296897
1.037456
0.220953
0.738330
0.328337
0.686975
0.836254
0.055982
0.132384
0.320510
0.791024
0.082555
0.482783
0.092080
0.356736
0.087791
0.203050
0.105759
0.477559
0.555882
0.865813
0.377051
0.934455
0.360649
0.084310
0.326999
0.456195
0.456195
0.326999
0.745107
0.192496
0.386341
0.563183
0.053291
0.089422
0.415612
0.124981
0.482783
