27.187200
64.410100
54.824400
51.194300
43.044500
61.392300
51.082500
63.062700
51.232700
20.449900
47.584100
54.368200
38.913200
53.010800
44.852700
48.267100
40.426600
48.410200
43.933600
56.016100
51.198300
37.864500
25.591500
49.561200
67.934500
32.859600
54.746100
54.313400
56.253300
51.926900
51.472900
37.301300
19.653100
77.278600
51.638500
50.866000
45.252800
50.360800
65.405300
39.462100
61.627700
58.317800
62.794100
60.268500
40.966600
49.290700
63.011500
45.579900
17.053800
50.193600
57.320900
61.704500
60.816100
59.219100
54.429700
57.749800
31.646100
31.895400
71.169900
32.176000
39.583600
47.183600
48.093400
32.975000
51.783300
50.514600
39.763100
48.393000
50.116900
60.830100
70.488100
83.015900
58.891100
57.097100
44.511200
29.286500
14.747700
56.897400
45.610600
55.706600
25.425400
37.996500
19.044400
75.658100
74.445300
32.213200
66.175500
56.193700
43.107800
48.669900
57.909200
47.055100
71.620900
84.858200
61.287200
85.116300
63.847300
38.980700
50.288100
51.867900
