0.004823
0.000854
0.000971
0.000929
0.000592
0.010926
0.010623
0.007673
0.010224
0.009532
0.011528
0.009414
0.007745
0.000993
0.011211
0.010641
0.010868
0.000817
0.001198
0.001230
0.001157
0.012262
0.009000
0.008025
0.010169
0.009800
0.000923
0.001090
0.011380
0.009733
0.000861
0.008710
0.000863
0.012066
0.001074
0.009657
0.009361
0.000913
0.000918
0.000980
0.010885
0.001450
0.000892
0.011765
0.012943
0.001356
0.001258
0.000696
0.015811
0.000761
0.006414
0.000918
0.011312
0.004889
0.001148
0.000948
0.001739
0.009339
0.010774
0.000972
0.012850
0.015856
0.001606
0.001076
0.001810
0.008786
0.000888
0.001046
0.000622
0.008426
0.013934
0.003650
0.000947
0.000512
0.009152
0.007279
0.010153
0.009790
0.013171
0.001157
0.012071
0.009513
0.001361
0.000628
0.000634
0.015082
0.000401
0.007919
0.007919
0.000417
0.000996
0.000405
0.004775
0.001397
0.009730
0.001476
0.001711
0.000832
0.001033
0.007000
