0.001448
0.000929
0.000642
0.006052
0.004823
0.013565
0.001096
0.013091
0.000592
0.013724
0.010868
0.001031
0.010007
0.001171
0.011211
0.000993
0.011528
0.001040
0.000615
0.007354
0.012124
0.010196
0.009733
0.008999
0.001198
0.009800
0.010519
0.000858
0.009826
0.000923
0.001108
0.000631
0.001450
0.001074
0.000892
0.001066
0.000861
0.001356
0.012559
0.001258
0.012943
0.001237
0.003903
0.007194
0.016756
0.011888
0.001024
0.001085
0.000972
0.001470
0.004889
0.010265
0.009339
0.012019
0.011183
0.001739
0.006421
0.006640
0.005983
0.010774
0.015856
0.005279
0.001606
0.000761
0.006414
0.003650
0.000622
0.001068
0.001046
0.008426
0.000947
0.008786
0.001381
0.010153
0.007988
0.000789
0.008409
0.000885
0.008083
0.013171
0.009513
0.000512
0.009790
0.011274
0.001662
0.015082
0.010203
0.006935
0.000405
0.000996
0.000405
0.000953
0.000417
0.001201
0.001631
0.001476
0.009869
0.006714
0.001297
0.007673
