1.548500
0.846957
0.123404
0.678470
0.236075
0.710330
0.651833
1.429099
0.795646
0.235216
0.400110
0.239187
0.886979
0.872954
0.079759
0.240822
0.421595
0.952438
0.182454
0.454108
0.206036
0.380070
0.430372
0.403306
0.858376
0.449987
0.000000
0.168291
0.226099
0.235101
0.562552
0.207413
0.271155
0.070577
0.297461
0.187560
0.237329
1.228409
0.342194
0.334678
1.158579
0.186661
0.189808
0.577625
0.046283
0.210109
0.355689
0.094694
0.092840
0.570156
0.748523
0.684350
0.246614
0.473259
0.462305
0.225382
0.337206
0.731506
0.091394
0.296897
0.167934
0.656038
1.795145
0.051963
0.206312
0.055982
0.196808
0.109230
0.102837
0.686975
0.132384
0.328337
0.791024
0.477559
0.087791
0.624473
0.250547
0.356736
0.093176
0.655368
0.244489
1.128434
0.082555
0.360649
0.389319
0.089641
0.285126
0.745107
0.326999
0.322937
0.326999
0.456195
0.491775
0.502013
0.563183
0.089422
0.053291
0.230728
0.054941
0.090351
