0.006383
0.002513
0.008683
0.003513
0.009834
0.002957
0.002740
0.004119
0.003788
0.002688
0.003169
0.004979
0.005233
0.003720
0.004923
0.006625
0.005219
0.004664
0.000985
0.003167
0.003774
0.002563
0.003400
0.004664
0.002802
0.000962
0.001084
0.002897
0.001952
0.006084
0.004881
0.005805
0.000811
0.002871
0.005663
0.003376
0.003212
0.005660
0.002687
0.003274
0.000934
0.001271
0.002908
0.003477
0.003797
0.002820
0.001147
0.005916
0.005181
0.001178
0.005554
0.006597
0.004243
0.001315
0.003592
0.005525
0.004697
0.001934
0.005515
0.006660
0.003962
0.002520
0.005961
0.002009
0.002691
0.001657
0.001102
0.006279
0.002331
0.001700
0.001013
0.005649
0.007909
0.001809
0.003047
0.004334
0.004931
0.006814
0.006056
0.001308
0.001828
0.008871
0.000983
0.000768
0.005539
0.001081
0.001029
0.000933
0.001279
0.001431
0.002564
0.002957
0.001040
0.001855
0.007667
0.000977
0.004531
0.007666
0.009834
0.004914
