0.090832
0.160002
0.075992
0.113634
0.092705
0.076186
0.102077
0.044133
0.092070
0.115079
0.086169
0.111489
0.096489
0.122829
0.122837
0.098683
0.108701
0.063839
0.160091
0.115264
0.123167
0.106976
0.079688
0.103592
0.088918
0.111264
0.097353
0.107309
0.115121
0.099271
0.097202
0.174133
0.102979
0.097294
0.110632
0.106811
0.123620
0.092138
0.138017
0.142560
0.086703
0.107439
0.105033
0.125706
0.080924
0.162182
0.104920
0.139148
0.134088
0.113272
0.123627
0.084170
0.199406
0.093381
0.105796
0.109628
0.139965
0.185947
0.131418
0.146692
0.145187
0.119259
0.126259
0.109560
0.159545
0.165029
0.113012
0.112522
0.135749
0.126078
0.099128
0.146600
0.113645
0.111130
0.084931
0.120139
0.132607
0.188191
0.150022
0.092693
0.065718
0.140549
0.116278
0.090407
0.153907
0.225372
0.164476
0.161999
0.161999
0.119885
0.147850
0.124080
0.140418
0.184969
0.163182
0.187720
0.138024
0.138138
0.086169
0.113634
