0.070599
0.409691
0.049070
0.391251
0.361738
0.103507
0.205274
0.052822
0.246202
0.182517
0.115429
0.231814
0.349586
0.372536
0.327394
0.117934
0.202583
0.465809
0.219446
0.159673
0.272056
0.059223
0.061582
0.328158
0.176292
0.246250
0.230728
0.272591
0.178275
0.093511
0.120858
0.192726
0.055600
0.071394
0.093221
0.098204
0.202537
0.084134
0.141947
0.121292
0.255193
0.196328
0.285462
0.182010
0.210603
0.180902
0.191914
0.279675
0.131857
0.240714
0.237612
0.184074
0.168523
0.072849
0.103579
0.172752
0.272227
0.084076
0.086029
0.202107
0.294214
0.257050
0.106653
0.172069
0.183264
0.078671
0.186619
0.093182
0.253760
0.166342
0.130674
0.191189
0.156793
0.107238
0.273570
0.065129
0.061601
0.180797
0.145110
0.180883
0.073381
0.315437
0.095268
0.047410
0.142475
0.083825
0.180216
0.059551
0.059551
0.135254
0.223893
0.182462
0.208626
0.115009
0.076089
0.096234
0.068994
0.153879
0.115429
0.391251
