0.000929
0.009837
0.000642
0.001448
0.006052
0.004823
0.011251
0.000854
0.000971
0.011211
0.001102
0.013724
0.001040
0.001171
0.012233
0.001070
0.001031
0.009532
0.014135
0.012124
0.001124
0.012219
0.008949
0.010457
0.011380
0.012611
0.000921
0.010169
0.000615
0.012624
0.000918
0.001356
0.001074
0.010674
0.000980
0.010084
0.001228
0.001099
0.009303
0.001108
0.003886
0.000892
0.000883
0.000861
0.001024
0.000165
0.001066
0.001470
0.012850
0.015811
0.001076
0.012019
0.000649
0.000830
0.015421
0.006421
0.001325
0.001810
0.001085
0.004889
0.011312
0.006414
0.000918
0.013050
0.011183
0.001005
0.013934
0.001297
0.001381
0.000888
0.006553
0.001159
0.001046
0.001157
0.014218
0.008083
0.007642
0.013994
0.012071
0.000789
0.008409
0.009152
0.009790
0.001545
0.000775
0.000401
0.001662
0.000405
0.000405
0.004775
0.000417
0.000953
0.006935
0.000372
0.005936
0.001711
0.009869
0.006714
0.001102
0.001448
