6.370892
10.091621
5.614474
11.298675
7.261119
8.652397
5.490753
11.389701
9.872544
12.644636
9.443026
5.386679
7.793612
7.128016
8.858915
4.999162
11.834490
7.655398
8.373075
6.359674
10.730723
4.728707
9.867685
6.139843
7.895492
7.858889
5.477625
5.350748
10.728152
9.009488
7.496819
6.226895
4.887875
10.737612
5.029554
5.172858
7.624160
9.650485
7.279263
10.407604
6.656102
4.682472
11.427935
10.405931
7.427960
10.336881
10.728152
6.658056
6.394613
9.401812
6.059407
8.678304
6.937847
7.693370
8.599691
7.087370
9.810303
7.789998
11.023449
11.196456
7.927761
7.637112
4.728707
6.961594
6.179153
12.238956
10.482204
7.676143
7.397742
7.894816
6.471680
10.455191
9.781793
6.353721
6.196937
8.572948
13.112511
8.168036
4.915654
4.723042
11.738666
8.675854
11.667071
9.737029
6.363538
9.058059
9.214133
12.197312
10.129066
11.478767
6.359674
6.263266
6.972896
12.250212
6.982587
5.686253
10.924003
9.810303
5.636450
10.491412
