0.097175
0.092705
0.092801
0.074683
0.057962
0.076186
0.075992
0.113120
0.110732
0.092746
0.112145
0.098683
0.063839
0.097204
0.086169
0.083728
0.104543
0.122740
0.125992
0.115264
0.118599
0.099271
0.107309
0.150570
0.097759
0.120299
0.089920
0.095099
0.084240
0.092656
0.110632
0.097294
0.123620
0.116151
0.104920
0.129576
0.082425
0.099143
0.135558
0.092138
0.115972
0.095252
0.102979
0.101552
0.120055
0.080924
0.129261
0.126259
0.105796
0.121002
0.145575
0.123627
0.119259
0.169488
0.083783
0.109492
0.093381
0.109560
0.159545
0.171875
0.143927
0.145005
0.136756
0.109628
0.139148
0.110924
0.126078
0.113999
0.101337
0.099128
0.124307
0.102882
0.135749
0.140549
0.150022
0.120098
0.065718
0.188191
0.136636
0.164806
0.116278
0.140549
0.146239
0.181279
0.171190
0.101342
0.164476
0.161999
0.124080
0.161999
0.124080
0.132056
0.147850
0.163182
0.138261
0.175556
0.187720
0.138138
0.107439
0.104543
