0.000257
0.005426
0.000541
0.000389
0.000350
0.003167
0.000579
0.000622
0.000438
0.000413
0.000397
0.000327
0.000469
0.004347
0.003766
0.000316
0.004003
0.004611
0.004183
0.004470
0.004068
0.000369
0.000246
0.000400
0.000343
0.000368
0.005050
0.003210
0.000436
0.000450
0.000365
0.003721
0.003484
0.000252
0.000066
0.005395
0.004827
0.000542
0.004034
0.000329
0.002800
0.005023
0.000503
0.000580
0.001554
0.000450
0.006703
0.000312
0.000459
0.000304
0.002393
0.005140
0.000332
0.000278
0.000530
0.005220
0.004250
0.006324
0.000380
0.000550
0.006168
0.002565
0.004310
0.002111
0.004808
0.000176
0.000427
0.000402
0.003464
0.000418
0.000355
0.005574
0.000552
0.000205
0.005268
0.002912
0.003057
0.003661
0.000544
0.000463
0.005687
0.003233
0.003364
0.000253
0.004509
0.006033
0.004081
0.000162
0.000162
0.000381
0.000162
0.003168
0.001910
0.002375
0.000480
0.000684
0.000591
0.000333
0.003892
0.003057
