0.770625
1.199350
0.834204
0.810504
0.886504
0.887928
0.546054
0.785430
0.533496
0.646351
0.732641
0.391837
0.515750
0.677797
0.707563
0.755549
0.747414
0.629857
0.691397
0.959344
0.713701
0.517719
0.282753
0.801517
0.657397
0.800857
0.479737
0.722432
0.281659
0.813395
0.550586
0.390733
0.821058
0.907811
0.737567
0.792463
0.784945
0.613193
0.687243
0.749028
0.838432
0.986125
0.213598
0.524557
0.757437
0.795519
0.155552
0.945951
0.800501
0.292935
0.289897
0.492508
0.925858
0.934044
0.469438
0.648212
0.655649
1.055000
0.861303
0.594495
0.738230
0.714793
0.745598
0.635799
0.659256
0.673192
0.770967
0.863668
0.515469
0.643475
0.536500
0.877537
1.233010
1.226460
0.518935
0.795001
0.484620
0.584407
0.404357
0.759878
0.753648
1.164330
0.840123
0.865339
0.252425
0.847852
0.543443
0.533261
0.533261
0.385039
0.533261
1.113130
0.603754
0.640246
0.057768
0.790499
0.670649
0.792337
0.964616
0.484620
