269.000000
662.000000
141.000000
1033.000000
495.000000
472.000000
1241.000000
1005.000000
789.000000
409.000000
423.000000
759.000000
757.000000
1038.000000
1024.000000
1081.000000
712.000000
796.000000
676.000000
762.000000
436.000000
111.000000
989.000000
445.000000
253.000000
495.000000
910.000000
424.000000
1229.000000
489.000000
423.000000
958.000000
10.000000
293.000000
671.000000
1102.000000
226.000000
1315.000000
12.000000
97.000000
120.000000
1000.000000
229.000000
163.000000
542.000000
217.000000
294.000000
211.000000
7.000000
251.000000
224.000000
598.000000
191.000000
667.000000
651.000000
214.000000
424.000000
926.000000
119.000000
1249.000000
174.000000
1242.000000
876.000000
616.000000
942.000000
847.000000
15.000000
515.000000
136.000000
49.000000
769.000000
844.000000
1265.000000
1211.000000
962.000000
178.000000
284.000000
938.000000
595.000000
171.000000
604.000000
92.000000
188.000000
1247.000000
1320.000000
268.000000
210.000000
309.000000
309.000000
1181.000000
309.000000
568.000000
230.000000
280.000000
931.000000
627.000000
611.000000
593.000000
266.000000
284.000000
