0.052822
0.205274
0.049070
0.159330
0.198940
0.361738
0.409691
0.272104
0.103507
0.231814
0.115429
0.327394
0.253167
0.380063
0.202583
0.145349
0.511274
0.117934
0.105263
0.059223
0.079357
0.054547
0.168281
0.147317
0.237407
0.128636
0.230728
0.278372
0.093511
0.208686
0.120858
0.202537
0.181654
0.116690
0.161507
0.210603
0.219859
0.144509
0.182010
0.180902
0.228526
0.139075
0.066775
0.105026
0.512005
0.143147
0.084134
0.072849
0.168523
0.294214
0.097833
0.084076
0.100989
0.115612
0.133038
0.092293
0.229095
0.272227
0.170630
0.111167
0.184074
0.172069
0.183264
0.132860
0.068309
0.084707
0.179017
0.122501
0.177611
0.098899
0.147467
0.049281
0.072776
0.075126
0.180797
0.145110
0.107238
0.221326
0.068554
0.061601
0.232567
0.180883
0.315437
0.082194
0.068741
0.115553
0.237469
0.223893
0.182462
0.246709
0.059551
0.208626
0.182462
0.064768
0.457842
0.068994
0.047835
0.056960
0.190219
0.147159
