-61.443700
-57.600400
-56.768000
-57.808400
-57.839800
-59.533700
-56.558100
-58.584300
-59.417700
-56.684700
-57.177500
-57.784000
-58.418600
-58.816000
-57.987200
-57.120600
-58.330300
-58.408500
-56.608400
-57.757000
-58.409300
-55.000800
-57.923400
-57.238700
-55.331300
-56.090000
-59.328000
-56.920600
-55.497100
-56.588000
-57.717900
-59.636700
-57.006100
-57.858000
-57.675600
-56.239600
-55.215500
-58.181700
-58.691500
-57.926600
-57.476400
-54.420600
-58.011700
-59.893000
-57.037500
-56.821800
-56.213400
-59.063200
-58.138400
-56.919800
-54.881000
-55.502000
-57.923400
-56.436300
-56.528000
-58.104700
-57.656500
-57.111500
-60.490200
-58.309400
-58.959300
-58.744300
-56.947900
-55.788400
-57.588100
-55.991000
-57.726300
-56.503800
-58.501800
-58.998400
-57.542800
-56.444000
-57.016300
-59.279100
-59.091100
-59.253000
-56.750400
-54.245600
-57.480700
-58.914800
-55.840500
-58.141400
-58.854700
-57.469100
-55.807800
-56.764200
-56.861200
-57.764800
-54.927400
-58.020700
-58.020700
-57.764800
-57.035200
-57.220700
-55.311600
-55.053200
-58.261200
-56.459300
-57.588100
-57.480700
