0.123701
0.116018
0.086856
0.076186
0.092705
0.106711
0.100318
0.097175
0.113120
0.122829
0.083728
0.128077
0.095379
0.098683
0.104543
0.103260
0.111489
0.063839
0.093529
0.092656
0.107309
0.094575
0.088918
0.106976
0.089920
0.102552
0.095099
0.103592
0.084240
0.103873
0.080924
0.117755
0.076345
0.101552
0.142560
0.107439
0.106811
0.144277
0.110632
0.097202
0.097294
0.092138
0.115972
0.116151
0.111080
0.129261
0.138017
0.121234
0.159150
0.121002
0.131418
0.113272
0.133348
0.139965
0.083783
0.146692
0.144092
0.139148
0.136756
0.103418
0.199406
0.169488
0.143927
0.060880
0.109628
0.113012
0.111137
0.113999
0.135749
0.139778
0.092146
0.102882
0.106795
0.146239
0.141757
0.132607
0.120866
0.111130
0.140549
0.120139
0.136636
0.150022
0.188191
0.104895
0.090407
0.171190
0.060144
0.161999
0.140418
0.124080
0.124080
0.161999
0.121587
0.131007
0.184969
0.175556
0.138024
0.153837
0.109628
0.140549
