-0.789359
-0.537870
-1.050781
-0.341436
-0.547294
-1.228839
-0.568758
-0.969374
-0.575323
-0.147794
0.001278
-0.063289
0.140084
-0.710379
-0.633212
0.092983
0.143108
-0.447051
0.455582
0.718024
0.405287
0.198591
0.579993
0.474847
0.159284
1.104093
0.163047
0.554653
0.142356
0.545581
1.082841
1.085098
0.501853
0.400856
0.835597
0.733581
1.294416
1.004733
1.404466
1.290429
0.927305
1.124122
0.864734
1.150798
1.810528
1.383987
0.678516
1.444827
1.569786
2.784608
1.480845
1.126520
1.050393
1.047704
1.291533
1.859847
1.258911
1.752345
1.469784
1.539816
1.432767
1.555895
1.299574
1.120473
1.232227
1.738861
1.622664
3.000248
1.898462
2.043737
1.569148
2.633736
1.759988
2.430654
1.786361
1.721669
1.765569
1.440716
2.395575
2.239467
2.689370
2.027685
2.179478
2.871707
2.646078
2.529874
2.399668
3.116171
3.381769
3.010667
3.010667
3.116171
3.942129
3.399458
3.779844
4.170508
3.186144
3.751848
1.232227
2.395575
