-57.839800
-58.352200
-56.339100
-56.768000
-55.517900
-60.551600
-57.464100
-56.615000
-59.417700
-58.418600
-55.938500
-56.399000
-57.177500
-57.120600
-56.087000
-58.816000
-58.953800
-56.684700
-56.423800
-59.892500
-56.438000
-56.112600
-54.826300
-58.556100
-56.588000
-58.573000
-56.869300
-56.391200
-58.159400
-55.000800
-55.923600
-57.006100
-55.215500
-56.213400
-55.529600
-58.181700
-59.636700
-58.240400
-56.082200
-59.038500
-57.926600
-57.037500
-55.257600
-59.886600
-58.691500
-57.675600
-56.821800
-58.138400
-54.881000
-56.919800
-56.947900
-58.208800
-57.588100
-55.788400
-57.656500
-56.928300
-57.046300
-55.468800
-56.182700
-57.753000
-57.931900
-61.348400
-58.744300
-58.209000
-59.063200
-57.230800
-55.866500
-55.991000
-57.560900
-55.271600
-58.663800
-56.444000
-57.230800
-58.854700
-55.840500
-59.091100
-57.622400
-56.031700
-54.604500
-56.528600
-54.245600
-56.446500
-58.144700
-55.807800
-58.859800
-58.041500
-55.213900
-54.340500
-57.764800
-57.705800
-57.035200
-57.764800
-56.149900
-56.618600
-58.055000
-58.261200
-55.343200
-56.459300
-55.053200
-59.533700
