0.430305
0.810504
0.752844
0.887928
0.533496
0.785430
0.431631
0.733800
0.548279
0.790757
0.747414
0.391837
0.748750
0.677797
0.802716
0.710446
0.581415
0.515750
0.750254
0.287581
0.852243
0.738179
0.497440
0.629946
1.038450
0.281659
0.435142
0.667799
0.940776
0.479149
0.966678
0.795519
0.687243
0.390733
0.671788
0.670741
0.784945
0.907811
0.695115
0.921642
0.790571
0.821058
0.757437
0.719629
0.659977
0.703476
0.566293
0.754488
0.474072
0.861303
0.696640
0.492508
0.688839
0.521725
0.737601
0.659256
0.700664
0.738230
0.945951
0.723179
0.657084
0.435333
0.594495
0.934044
0.292935
0.456520
0.725501
0.877537
0.994288
0.515469
0.700425
0.743812
0.456520
0.336454
0.502742
0.404357
0.812620
0.545540
0.513414
0.840123
0.759878
0.795001
0.818118
0.889266
0.543443
0.414880
0.492293
1.108260
0.533261
0.948789
1.113130
0.533261
0.603754
0.640246
0.860698
0.636181
0.790499
0.792337
0.670649
0.613854
