31.172100
34.612400
36.353200
36.662000
12.820400
15.164900
52.792200
38.182900
32.025600
27.718600
36.036600
39.043900
44.032000
38.579300
42.462500
31.423500
35.494100
43.218600
39.226900
28.941900
35.729500
43.957000
34.208600
23.516200
26.419200
44.411400
62.301400
35.726600
37.819500
45.595400
36.632500
46.113300
33.298700
45.552600
35.693200
35.734200
42.316800
40.211600
44.496500
36.304600
30.235500
34.081300
37.196500
32.381600
46.529400
48.471100
34.336300
36.109900
44.094200
27.888800
49.936400
59.169300
26.146900
29.848200
32.991400
64.878200
36.977700
28.189600
54.179500
62.139600
36.195200
35.199100
46.455700
47.372700
36.038100
46.862900
43.316300
45.727300
22.664200
33.977600
41.993400
53.414800
46.862900
26.740700
26.749100
37.142200
48.072200
29.602700
40.937800
33.916100
49.089900
36.315900
46.626600
50.265800
39.481200
46.352300
33.997600
43.112900
48.412500
34.792600
41.907500
48.412500
31.583900
40.500300
48.304300
47.771000
60.336800
48.172300
35.947600
32.653900
