1.175920
0.535049
0.622450
0.590085
1.100392
0.846091
0.826815
-0.829913
0.673782
-0.225930
0.369058
1.775647
1.123858
1.138805
0.055905
-0.360169
0.192669
0.994393
0.682779
0.098947
0.746560
0.015351
-0.048682
-0.409666
1.268351
0.294957
0.285711
0.513791
-0.955441
0.277312
0.602426
-0.027709
-0.587773
0.234651
-0.525729
0.357134
0.347056
0.305419
0.298023
0.646303
-0.105641
-0.596847
0.384523
0.191053
-0.227499
-0.008591
-0.454473
-0.281508
-0.182551
-0.112438
0.300986
0.270990
0.361294
0.324373
1.877733
0.274888
-0.325151
-0.013572
-0.001780
0.204357
0.124031
0.422252
0.615556
0.306064
-0.159457
0.838745
0.545775
0.080195
0.581362
-0.259168
-0.121593
0.514740
0.838745
0.167502
0.537064
-0.242807
0.570374
0.168257
-0.087644
-0.364206
0.021569
-0.043227
-0.359993
-0.295875
0.217415
0.193237
0.496309
0.093974
-0.250009
-0.112487
0.323381
-0.250009
-0.289241
-0.207791
-0.238936
-0.113292
-0.069035
-0.103141
-0.191686
1.102857
