-0.547294
-1.264390
-0.438779
-1.050781
-0.902808
-0.550042
-0.389962
-1.008793
-0.575323
0.140084
0.188820
-0.068871
0.001278
0.092983
-0.146377
-0.710379
-0.105509
-0.147794
0.644868
0.142893
0.994160
0.346107
0.423549
0.243203
0.545581
0.695316
0.223194
0.521483
0.413820
0.198591
0.527643
0.501853
1.294416
0.678516
1.431360
1.004733
1.085098
0.625505
1.317612
1.177930
1.290429
1.810528
0.684213
1.121184
1.404466
0.835597
1.383987
1.569786
1.480845
2.784608
1.299574
1.073865
1.232227
1.120473
1.258911
0.920584
1.510918
1.357473
1.655208
1.216302
1.194183
1.606014
1.555895
1.788975
1.444827
1.428813
1.287413
1.738861
2.165704
2.635790
1.430171
2.633736
1.428813
2.179478
2.689370
1.786361
1.788006
2.492903
2.453073
1.988700
1.440716
2.407766
2.270257
2.646078
2.900802
3.055549
3.503873
2.289007
3.116171
3.249761
3.942129
3.116171
2.825028
2.791803
3.119335
3.186144
3.329139
3.751848
4.170508
-1.228839
