0.678470
0.864421
0.573553
0.991818
0.651833
0.815914
0.795646
0.846957
0.622449
0.088620
0.886979
0.432949
1.211377
0.400110
0.265111
0.354322
0.079759
0.872954
0.430372
0.274919
0.233031
0.115171
0.137736
0.794764
0.226099
0.353473
0.152131
0.403306
0.000000
0.454108
0.819856
0.161585
0.103169
0.342883
0.099615
1.158579
0.276453
0.207413
0.186661
0.398584
0.222095
0.201245
0.247097
0.187560
0.058558
0.562552
0.210109
0.246614
0.094694
0.331069
0.225382
0.506871
0.337206
0.731506
1.795145
0.473259
0.199903
0.139410
0.382642
0.167934
0.462305
0.231447
0.786341
0.124981
0.051963
0.550327
0.253046
0.351811
0.328337
0.077251
0.071760
0.441096
0.550327
0.750017
0.555882
0.865813
0.477559
0.624473
0.087791
0.250547
0.203050
0.105759
0.082555
0.623050
0.285126
0.153801
0.389319
0.259688
0.326999
0.322937
0.192496
0.326999
0.080172
0.193907
0.254415
0.053291
0.557480
0.415612
0.089422
1.429099
