61.392300
30.672500
38.883600
54.824400
51.082500
63.062700
64.410100
38.841700
18.145300
48.267100
54.368200
40.426600
46.650400
49.220500
44.852700
51.533800
38.732900
48.410200
49.561200
57.658400
32.859600
47.605500
64.004300
56.175800
51.198300
56.253300
54.746100
38.852100
53.434600
51.926900
19.653100
29.438400
44.184300
58.228500
47.782800
43.912600
72.473700
37.301300
62.794100
39.573100
55.954100
57.857100
60.793100
47.813700
50.866000
30.161800
45.252800
32.975000
77.290300
57.749800
27.853400
48.093400
29.155800
61.704500
50.193600
38.254000
31.348800
23.949400
42.714600
60.816100
39.917100
58.804500
32.176000
49.928600
53.301800
36.803300
40.337400
60.830100
50.915500
52.156500
50.514600
37.980900
36.181400
63.676700
14.747700
29.886300
45.610600
65.802800
25.425400
36.049800
86.582900
37.996500
66.515100
64.023400
74.445300
75.658100
72.306100
43.107800
56.193700
36.623500
61.953200
47.055100
61.953200
63.424600
50.340800
63.847300
32.917200
38.980700
32.176000
61.704500
