0.361738
0.364224
0.087284
0.167790
0.356057
0.070599
0.198940
0.103507
0.159330
0.182517
0.327394
0.349586
0.494508
0.380063
0.117934
0.253167
0.349344
0.478040
0.061582
0.211422
0.058441
0.178275
0.219446
0.230728
0.272591
0.189754
0.054547
0.328158
0.220247
0.108686
0.181654
0.210603
0.120858
0.192726
0.255193
0.219859
0.055600
0.512005
0.084134
0.141947
0.066775
0.138373
0.208164
0.180902
0.248596
0.144509
0.182010
0.106653
0.206227
0.097833
0.084076
0.133038
0.131857
0.283448
0.305883
0.172752
0.092293
0.170630
0.229095
0.184074
0.119972
0.093268
0.237612
0.162939
0.257050
0.083128
0.156793
0.147467
0.122501
0.078671
0.183576
0.131564
0.072776
0.239257
0.221326
0.065129
0.204506
0.293148
0.180797
0.219317
0.315437
0.136801
0.273570
0.250090
0.068741
0.083825
0.115553
0.223893
0.208626
0.182462
0.182462
0.135254
0.156552
0.064768
0.115009
0.068994
0.047835
0.056960
0.105263
0.354240
