0.030530
0.042583
0.015899
0.056570
0.048737
0.037469
0.054807
0.044076
0.043778
0.036765
0.037773
0.038174
0.043561
0.027191
0.039555
0.037472
0.050626
0.031748
0.048472
0.032737
0.042120
0.028491
0.040877
0.038593
0.037948
0.048199
0.040624
0.030832
0.035675
0.024272
0.035929
0.015612
0.047659
0.029749
0.036500
0.022349
0.041992
0.043145
0.047023
0.039331
0.063561
0.033469
0.034571
0.040325
0.027924
0.036167
0.045924
0.046757
0.032667
0.039815
0.034956
0.036093
0.047590
0.029830
0.035816
0.046036
0.035456
0.046435
0.033736
0.043449
0.049368
0.038613
0.072568
0.040368
0.020523
0.020900
0.039964
0.033757
0.044425
0.022363
0.022761
0.039964
0.015185
0.032261
0.031257
0.024945
0.013695
0.027222
0.023390
0.049588
0.039026
0.024945
0.048194
0.028340
0.026719
0.022832
0.028552
0.018360
0.017662
0.017662
0.034328
0.018360
0.011452
0.046807
0.031440
0.024759
0.028634
0.039060
0.027924
0.049011
