0.094510
0.090832
0.100318
0.073117
0.106711
0.102077
0.110732
0.074683
0.057962
0.086169
0.095379
0.083728
0.122837
0.063839
0.103260
0.099648
0.115079
0.128077
0.127762
0.099271
0.115264
0.120299
0.090098
0.107612
0.095099
0.103873
0.111264
0.150570
0.102552
0.092656
0.142560
0.162182
0.117755
0.097202
0.135558
0.115972
0.123620
0.119861
0.086703
0.076345
0.088568
0.082425
0.093152
0.080924
0.104920
0.099860
0.111080
0.106529
0.133348
0.145187
0.113272
0.118767
0.144020
0.121002
0.136756
0.137742
0.146692
0.145857
0.126259
0.199406
0.105796
0.084170
0.185947
0.171120
0.145005
0.135749
0.074846
0.146600
0.113012
0.139778
0.108836
0.074846
0.107315
0.130156
0.164806
0.140549
0.196372
0.146239
0.111130
0.136636
0.092693
0.140549
0.150022
0.225372
0.090407
0.104895
0.060144
0.124080
0.161999
0.161999
0.121587
0.124080
0.147850
0.144043
0.136304
0.138024
0.175556
0.153837
0.104920
0.165029
