60.470600
51.082500
18.641000
67.863600
38.841700
48.241900
61.392300
51.418600
54.824400
47.231500
40.426600
51.533800
52.103300
47.584100
26.644000
38.732900
44.852700
20.449900
37.864500
49.999800
32.859600
49.211800
53.434600
10.536600
51.038900
51.403400
46.147600
38.852100
56.175800
64.004300
65.405300
46.855900
65.378500
45.252800
51.472900
30.161800
43.912600
50.866000
50.360800
66.990200
51.867900
54.019300
28.071100
72.473700
58.317800
77.278600
29.438400
26.948000
52.057100
57.749800
51.783300
17.053800
39.583600
32.975000
53.102400
61.704500
57.320900
77.290300
50.627100
56.101800
54.429700
53.508500
49.928600
38.254000
27.853400
36.181400
39.763100
86.753400
53.347100
37.980900
50.288100
50.116900
32.544600
51.670900
63.676700
37.996500
13.070300
57.097100
68.298200
45.610600
63.030100
55.706600
29.886300
64.023400
75.658100
49.950500
71.356000
47.055100
43.107800
71.620900
36.623500
57.909200
56.193700
73.392900
50.340800
85.116300
32.917200
42.738700
51.926900
44.184300
