0.030530
0.050950
0.015899
0.058769
0.046096
0.048737
0.058242
0.047607
0.043855
0.036765
0.039555
0.038190
0.045310
0.037472
0.041812
0.043561
0.050626
0.027191
0.039258
0.032113
0.024272
0.041841
0.048199
0.032737
0.039405
0.030976
0.037450
0.024360
0.040624
0.037948
0.029749
0.034571
0.033469
0.039536
0.031761
0.063561
0.047023
0.036500
0.035168
0.040325
0.045594
0.039331
0.015612
0.049325
0.039445
0.047659
0.029565
0.046036
0.048404
0.046757
0.072568
0.034956
0.040485
0.029827
0.033980
0.033736
0.050899
0.032667
0.036197
0.029830
0.035516
0.039782
0.046144
0.037641
0.049368
0.033353
0.034870
0.030617
0.034349
0.020900
0.028103
0.022761
0.039964
0.014166
0.049588
0.013695
0.019278
0.020249
0.031715
0.036423
0.024393
0.023390
0.032261
0.046030
0.056426
0.021925
0.026271
0.017662
0.034328
0.026203
0.018751
0.036398
0.050502
0.035067
0.000688
0.028634
0.024759
0.028231
0.040645
0.020997
