789.000000
404.000000
662.000000
495.000000
1002.000000
832.000000
654.000000
885.000000
1033.000000
19.000000
1038.000000
712.000000
749.000000
796.000000
778.000000
586.000000
150.000000
890.000000
160.000000
966.000000
1104.000000
676.000000
794.000000
910.000000
1014.000000
464.000000
762.000000
495.000000
488.000000
253.000000
851.000000
1000.000000
1102.000000
10.000000
443.000000
294.000000
542.000000
1112.000000
423.000000
1339.000000
120.000000
217.000000
671.000000
497.000000
163.000000
226.000000
293.000000
559.000000
800.000000
425.000000
1301.000000
926.000000
598.000000
765.000000
224.000000
37.000000
1242.000000
1271.000000
513.000000
119.000000
7.000000
651.000000
548.000000
424.000000
174.000000
258.000000
769.000000
191.000000
847.000000
1265.000000
195.000000
431.000000
618.000000
604.000000
1193.000000
520.000000
188.000000
1211.000000
284.000000
962.000000
92.000000
171.000000
206.000000
1320.000000
1333.000000
210.000000
198.000000
309.000000
568.000000
230.000000
1180.000000
845.000000
934.000000
531.000000
641.000000
611.000000
266.000000
278.000000
1032.000000
97.000000
