0.001096
0.010623
0.013565
0.000875
0.009837
0.013091
0.010926
0.000541
0.000971
0.001102
0.010868
0.010007
0.001040
0.011528
0.013724
0.012233
0.011211
0.009532
0.012262
0.008949
0.009800
0.010457
0.009826
0.012624
0.008999
0.012219
0.011174
0.000921
0.012611
0.000858
0.000918
0.012559
0.013486
0.009361
0.000861
0.016756
0.003886
0.009657
0.000913
0.001024
0.007000
0.001125
0.000165
0.001237
0.001450
0.012066
0.000631
0.000675
0.010265
0.000948
0.001810
0.015811
0.012850
0.001076
0.005983
0.000918
0.006414
0.000367
0.001085
0.000949
0.001148
0.001325
0.006421
0.010626
0.015421
0.016596
0.000888
0.000607
0.000440
0.001381
0.001033
0.000622
0.013389
0.014218
0.001504
0.009513
0.008409
0.000512
0.007642
0.013171
0.008083
0.001157
0.007988
0.011274
0.000628
0.010203
0.009648
0.000405
0.007919
0.004775
0.006935
0.000996
0.007919
0.000372
0.000739
0.001476
0.009869
0.006714
0.009733
0.000824
