13.585299
9.456664
8.888836
5.874781
10.728152
10.407604
7.377004
11.046131
10.924003
5.172858
9.054379
9.118001
9.737029
6.226895
11.988731
10.728152
5.333051
9.214133
9.955097
5.105274
13.420757
5.075127
4.728707
10.482204
9.237926
12.589333
6.959389
6.028593
11.738666
12.845791
10.134484
7.006009
13.268091
4.892558
12.250212
6.658056
10.214561
10.455191
11.667071
6.101535
10.336881
7.672313
11.919900
5.636450
9.009488
10.328406
7.302547
7.306707
4.887875
7.895492
6.370892
10.271554
6.380228
7.676143
7.559746
11.045282
11.427935
4.897411
5.477625
9.520911
8.678304
9.941379
8.728976
12.237415
11.478767
9.443026
5.954946
8.675854
9.810303
7.589254
12.938004
6.982587
6.656102
9.201719
11.450475
5.486685
7.261119
7.793612
8.326711
8.153711
6.373147
10.118458
6.359674
6.088397
7.021312
6.272110
7.469688
5.029554
7.624160
7.789998
11.893283
5.157503
9.469039
5.775764
5.856182
5.658486
8.858915
9.481984
5.652655
9.776967
