-57.839800
-56.339100
-58.292900
-57.808400
-59.346100
-58.352200
-56.558100
-61.001400
-59.533700
-55.938500
-60.722600
-58.953800
-56.068600
-57.120600
-55.891100
-58.330300
-57.987200
-58.816000
-56.438000
-58.151700
-59.927000
-56.090000
-54.100400
-57.524800
-56.062500
-56.423800
-56.608400
-56.588000
-56.391200
-56.869300
-57.674500
-57.675600
-58.205500
-55.215500
-56.285200
-58.240400
-59.038500
-57.476400
-56.821800
-57.926600
-57.914200
-56.492500
-56.213400
-59.636700
-57.006100
-59.256800
-59.886600
-54.881000
-58.744300
-56.705000
-59.335400
-55.591500
-58.297300
-56.182700
-58.959300
-60.490200
-56.890600
-58.208800
-57.656500
-57.923400
-58.309400
-58.209000
-59.063200
-58.104700
-58.380400
-57.899400
-58.984500
-57.284500
-58.501800
-57.230800
-55.991000
-59.277500
-56.444000
-58.144700
-59.279100
-56.031700
-59.091100
-57.681100
-54.735600
-56.900700
-57.480700
-59.253000
-58.854700
-58.071800
-58.041500
-57.494900
-55.807800
-54.340500
-57.705800
-58.020700
-57.764800
-58.020700
-57.035200
-56.618600
-57.220700
-55.053200
-55.343200
-56.459300
-58.798600
-55.468800
