0.092705
0.092801
0.160002
0.076186
0.102077
0.092070
0.100318
0.044133
0.106711
0.097204
0.112145
0.115079
0.099648
0.103260
0.096489
0.111489
0.104543
0.098683
0.111264
0.115264
0.116514
0.102552
0.097353
0.124585
0.123167
0.097759
0.093529
0.103873
0.118599
0.150570
0.125706
0.142560
0.088568
0.106811
0.093152
0.131414
0.123620
0.097294
0.129261
0.097202
0.120409
0.095252
0.138017
0.117755
0.076345
0.129576
0.104920
0.131418
0.169488
0.119259
0.145005
0.143312
0.145187
0.145857
0.199406
0.136756
0.118767
0.134088
0.144092
0.133348
0.103418
0.145575
0.121234
0.146692
0.126259
0.107105
0.146600
0.165029
0.135749
0.074846
0.113012
0.119614
0.102882
0.116278
0.146239
0.092693
0.141757
0.084931
0.129073
0.196372
0.140549
0.132607
0.188191
0.158449
0.153907
0.101342
0.090407
0.132056
0.146287
0.124080
0.161999
0.124080
0.121587
0.163182
0.131007
0.175556
0.187720
0.153837
0.162182
0.105796
