-59.417700
-60.551600
-59.533700
-61.443700
-59.346100
-61.001400
-56.558100
-57.040700
-55.517900
-58.330300
-59.390400
-57.287000
-58.953800
-58.408500
-60.722600
-57.177500
-55.891100
-59.245600
-56.920600
-59.927000
-57.923400
-58.573000
-56.389800
-58.556100
-54.826300
-57.772900
-57.384000
-54.100400
-59.328000
-56.423800
-56.082200
-59.256800
-56.430600
-55.529600
-57.006100
-57.476400
-57.926600
-58.306100
-56.821800
-57.914200
-58.023000
-59.893000
-57.878100
-59.886600
-55.215500
-59.636700
-56.301900
-58.104700
-54.881000
-55.468800
-54.770900
-58.981800
-58.959300
-56.528000
-57.588100
-57.096600
-59.335400
-58.209000
-60.490200
-56.436300
-55.502000
-59.007400
-58.483100
-61.348400
-56.182700
-59.636300
-57.230800
-55.025100
-59.277500
-58.984500
-55.495700
-55.974800
-55.866500
-57.480700
-57.681100
-57.480700
-55.840500
-54.735600
-56.446500
-56.528600
-54.604500
-59.091100
-58.854700
-58.071800
-57.469100
-55.807800
-56.966100
-58.020700
-57.035200
-56.149900
-57.764800
-57.764800
-54.340500
-56.618600
-59.639000
-55.343200
-58.261200
-56.459300
-58.309400
-56.919800
