0.006257
0.002954
0.004476
0.005554
0.002610
0.009834
0.001084
0.003169
0.005639
0.002748
0.004914
0.002451
0.000936
0.000768
0.001103
0.001700
0.002513
0.006154
0.005193
0.004742
0.005660
0.002249
0.003615
0.001809
0.007607
0.006060
0.006761
0.001431
0.006517
0.004945
0.003219
0.006597
0.005515
0.008563
0.003047
0.004788
0.004923
0.002820
0.002691
0.001279
0.006914
0.002939
0.004560
0.002897
0.005976
0.000912
0.003378
0.001492
0.003477
0.002673
0.001284
0.005652
0.003513
0.003242
0.000829
0.007667
0.004112
0.001315
0.002338
0.006660
0.001497
0.002563
0.002687
0.002908
0.008683
0.009834
0.001304
0.000934
0.003274
0.003093
0.003212
0.002872
0.002513
0.004488
0.000977
0.004697
0.003128
0.003592
0.001965
0.006539
0.004745
0.001828
0.005233
0.004709
0.002213
0.004861
0.004664
0.001657
0.007909
0.005203
0.005539
0.004192
0.000943
0.004881
0.002802
0.005663
0.008481
0.003777
0.001386
0.002495
