0.431631
0.546054
0.548279
0.764274
0.756412
0.834204
0.670463
0.887928
0.533496
0.655395
0.515750
0.755549
0.792789
0.802716
0.646351
0.710446
0.846194
0.629857
0.557785
0.713701
0.373010
0.282753
0.533834
0.657397
0.287581
0.940776
0.709370
0.852243
0.281659
0.785676
0.966678
0.719629
0.838432
0.213598
0.836427
0.488331
0.986125
0.670741
0.155552
0.757437
0.514788
0.925473
0.703476
0.524557
0.488120
0.716300
0.550586
0.723179
0.186576
0.738230
0.469438
0.915847
0.648212
0.934044
0.688839
0.635799
0.681380
0.660265
0.435333
0.657084
0.832509
0.696640
0.700664
0.289897
0.659256
0.548970
0.828475
0.743812
0.456520
0.473007
1.081730
0.643475
1.104550
0.545540
0.726824
0.575872
0.513414
0.753648
0.584407
0.795001
0.584407
0.484620
0.336454
0.543443
0.492293
0.509100
0.847852
0.533261
1.429880
0.385039
0.647155
0.533261
0.948789
0.841696
0.640246
0.790499
0.636181
0.792337
0.775702
0.281659
