0.201649
0.197402
0.134614
0.159500
0.270877
0.169710
0.164694
0.161861
0.115043
0.161680
0.211983
0.162913
0.193692
0.182944
0.163255
0.158258
0.236351
0.148956
0.156346
0.168477
0.222205
0.232870
0.134872
0.201690
0.220027
0.178530
0.191805
0.200049
0.186541
0.242746
0.175653
0.230775
0.161376
0.214067
0.187284
0.145345
0.163289
0.192516
0.307796
0.238566
0.129921
0.188346
0.235237
0.180893
0.221315
0.181688
0.195592
0.148156
0.230148
0.249851
0.158764
0.174410
0.195508
0.266967
0.267334
0.229120
0.208128
0.213293
0.231387
0.064433
0.233996
0.198369
0.234018
0.231589
0.173831
0.180453
0.214025
0.229657
0.256725
0.210099
0.228958
0.193632
0.145350
0.203173
0.183075
0.160107
0.211527
0.220170
0.206136
0.268047
0.206136
0.170631
0.275473
0.236267
0.233065
0.254793
0.261319
0.267969
0.176148
0.261265
0.249149
0.267969
0.241011
0.202685
0.271824
0.237393
0.300513
0.261304
0.190411
0.186541
