-56.768000
-56.361800
-57.040700
-58.061700
-56.558100
-59.346100
-57.600400
-57.808400
-55.517900
-59.245600
-58.953800
-57.262200
-57.287000
-57.784000
-56.068600
-59.390400
-58.330300
-56.087000
-57.772900
-58.539800
-56.090000
-56.389800
-58.159400
-57.238700
-59.892500
-58.494700
-59.499600
-56.920600
-56.391200
-56.438000
-56.492500
-57.675600
-57.037500
-58.240400
-58.181700
-56.821800
-58.205500
-58.306100
-59.886600
-56.692700
-55.529600
-56.430600
-57.006100
-59.893000
-57.914200
-57.858000
-54.382700
-56.928300
-58.138400
-56.890600
-58.744300
-55.591500
-58.209000
-57.753000
-58.981800
-56.919800
-57.656500
-59.335400
-57.046300
-56.436300
-58.208800
-56.705000
-60.490200
-57.096600
-57.588100
-55.025100
-56.503800
-59.277500
-59.636300
-55.866500
-57.537800
-58.079400
-57.284500
-56.031700
-56.900700
-56.750400
-58.854700
-57.622400
-55.840500
-54.245600
-59.279100
-54.735600
-57.681100
-58.071800
-58.041500
-55.807800
-55.476400
-57.705800
-54.340500
-54.927400
-57.764800
-56.149900
-58.020700
-56.618600
-58.816200
-55.343200
-55.053200
-56.850000
-58.380400
-58.859800
