0.086856
0.057962
0.111747
0.075992
0.100318
0.102077
0.116018
0.076186
0.094510
0.108701
0.115079
0.122837
0.086169
0.128077
0.099648
0.150961
0.111489
0.092746
0.130229
0.139255
0.102552
0.099271
0.125749
0.106976
0.160091
0.127762
0.115121
0.103592
0.118599
0.111264
0.095252
0.142560
0.111080
0.131414
0.144277
0.129261
0.088568
0.099860
0.104920
0.121019
0.118853
0.119861
0.076345
0.116151
0.120409
0.101552
0.097717
0.084170
0.159150
0.118767
0.169488
0.143312
0.145575
0.171875
0.109560
0.121002
0.144092
0.145005
0.106529
0.139965
0.134088
0.119259
0.136756
0.114051
0.109628
0.113645
0.113999
0.119614
0.108543
0.099128
0.112522
0.108836
0.165029
0.092693
0.196372
0.120866
0.188191
0.164806
0.136636
0.111130
0.146239
0.129073
0.084931
0.158449
0.153907
0.090407
0.225372
0.146287
0.132056
0.140418
0.161999
0.119885
0.124080
0.163182
0.183054
0.187720
0.175556
0.138138
0.126259
0.163532
