0.007916
0.001062
0.010926
0.000642
0.013565
0.011251
0.001353
0.004823
0.001096
0.001031
0.011211
0.012233
0.001102
0.013730
0.011528
0.007745
0.013724
0.013185
0.012262
0.011174
0.010196
0.012624
0.010519
0.012219
0.014135
0.008025
0.000615
0.010457
0.008999
0.012611
0.001258
0.001108
0.008710
0.000631
0.012943
0.011888
0.016756
0.011765
0.001066
0.007000
0.009361
0.010885
0.001125
0.000824
0.000913
0.003903
0.007194
0.012019
0.009339
0.000972
0.001376
0.010265
0.000696
0.015856
0.013050
0.000949
0.001606
0.005279
0.000948
0.001325
0.012850
0.006414
0.010774
0.001148
0.006421
0.001046
0.001068
0.010591
0.000958
0.006553
0.001297
0.000622
0.001005
0.000789
0.009513
0.013171
0.013994
0.010153
0.001504
0.001157
0.011186
0.000885
0.014218
0.009648
0.000775
0.001545
0.000401
0.000996
0.007919
0.006935
0.000405
0.004775
0.000953
0.005936
0.000739
0.001711
0.001476
0.006714
0.000918
0.010203
