-56.615000
-58.584300
-57.040700
-58.292900
-57.464100
-60.530300
-61.443700
-60.551600
-59.533700
-58.330300
-58.418600
-57.784000
-58.953800
-57.287000
-55.938500
-60.722600
-56.684700
-59.390400
-57.524800
-57.772900
-59.499600
-55.331300
-56.090000
-56.438000
-59.328000
-57.757000
-56.389800
-55.000800
-56.062500
-56.588000
-56.692700
-58.240400
-57.674500
-57.822700
-56.213400
-55.529600
-55.923600
-58.306100
-57.858000
-55.215500
-56.082200
-54.382700
-56.239600
-57.037500
-58.181700
-58.011700
-59.886600
-57.923400
-55.591500
-59.007400
-56.947900
-56.919800
-56.890600
-58.959300
-56.182700
-57.753000
-56.436300
-61.348400
-58.138400
-57.478900
-58.380400
-56.928300
-57.111500
-56.705000
-57.778300
-55.866500
-59.277500
-57.537800
-57.230800
-56.503800
-55.271600
-58.079400
-58.233800
-56.031700
-58.854700
-56.528600
-54.604500
-57.480700
-57.480700
-56.750400
-59.253000
-59.279100
-55.840500
-55.476400
-56.764200
-55.213900
-58.071800
-58.020700
-56.149900
-57.035200
-57.764800
-57.705800
-58.020700
-57.220700
-55.311600
-58.261200
-55.343200
-56.850000
-57.046300
-57.923400
