0.733800
0.670463
0.756412
0.499531
0.431631
0.636782
0.886504
0.785430
0.613854
0.597808
0.790757
0.846194
0.581415
0.798471
0.747414
0.707563
0.515750
0.570899
1.141840
0.845157
0.282753
0.397150
0.814171
0.852243
0.657397
0.697925
0.479737
0.479149
0.813395
1.038450
0.838432
0.907811
0.836427
0.613193
0.390733
0.671788
0.966678
0.731563
0.514788
0.687243
0.695115
0.634003
0.716300
0.821058
0.670741
0.795029
0.719629
0.186576
0.708161
0.289897
0.696640
0.861303
0.747270
0.697961
0.945951
0.723179
0.469438
0.435333
0.754488
0.915847
0.660265
0.659256
0.173453
0.714793
0.832509
0.725501
0.828475
0.758477
0.456520
0.770967
0.515469
0.473007
0.662309
0.545540
0.336454
0.840123
0.513414
0.584407
0.584407
0.518935
0.484620
0.396148
0.502742
0.442529
0.704211
0.492293
0.723412
0.385039
0.603754
1.113130
0.533261
0.948789
0.385039
0.505387
0.841696
0.636181
0.790499
0.753010
0.700664
0.709370
