38.182900
36.791700
9.967190
30.472400
52.792200
50.448800
30.985100
15.164900
32.653900
26.265900
27.718600
32.124900
35.494100
33.748700
36.036600
36.042600
43.218600
50.019100
29.622400
32.490000
37.250300
30.680000
34.096400
35.729500
41.788900
32.444800
36.204300
45.595400
36.301700
26.419200
38.249900
40.211600
37.506600
35.405200
45.552600
35.693200
36.632500
32.931200
51.813300
33.298700
44.496500
30.580600
40.985700
34.081300
35.734200
37.294400
32.381600
44.075400
54.763600
30.685900
49.936400
27.888800
33.921200
47.997400
54.179500
62.139600
37.145600
35.199100
36.109900
42.105300
28.236500
64.878200
32.803300
34.197200
50.748700
43.316300
40.379500
35.876200
46.862900
31.606100
33.977600
29.118900
37.815400
29.602700
26.740700
33.916100
40.937800
49.034100
49.034100
37.229100
39.488000
50.142300
26.749100
48.502100
35.312300
33.997600
49.247700
54.538300
31.583900
41.907500
48.412500
34.792600
54.538300
35.980100
53.413100
47.771000
60.336800
39.566100
36.977700
39.154300
