0.090832
0.097175
0.111747
0.160002
0.073117
0.074683
0.123701
0.171525
0.106711
0.111489
0.095379
0.128077
0.115079
0.086169
0.097204
0.112145
0.122829
0.150961
0.124585
0.130229
0.115121
0.089920
0.102552
0.111264
0.095099
0.092656
0.099271
0.094575
0.123167
0.103873
0.121019
0.131414
0.125706
0.174133
0.138017
0.118853
0.105033
0.099860
0.101552
0.106811
0.099143
0.097717
0.107439
0.111080
0.144277
0.115972
0.104920
0.133348
0.143312
0.109492
0.143927
0.121002
0.118767
0.199406
0.145857
0.171875
0.139965
0.171120
0.159150
0.144020
0.126259
0.084170
0.139148
0.119259
0.137742
0.099128
0.119614
0.112522
0.074846
0.113999
0.124307
0.108836
0.144083
0.092693
0.188191
0.065718
0.130156
0.140549
0.140549
0.120866
0.132607
0.146239
0.136636
0.225372
0.171190
0.164476
0.158449
0.124080
0.119885
0.121587
0.161999
0.146287
0.124080
0.131007
0.184969
0.138024
0.187720
0.138138
0.106529
0.088918
