1045.000000
404.000000
654.000000
1002.000000
1335.000000
582.000000
495.000000
1005.000000
832.000000
778.000000
226.000000
192.000000
150.000000
19.000000
712.000000
1024.000000
757.000000
602.000000
1209.000000
160.000000
989.000000
218.000000
346.000000
488.000000
253.000000
1104.000000
910.000000
1130.000000
489.000000
794.000000
120.000000
293.000000
443.000000
1315.000000
958.000000
10.000000
601.000000
722.000000
266.000000
12.000000
497.000000
804.000000
1247.000000
10.000000
1208.000000
599.000000
207.000000
1271.000000
800.000000
224.000000
889.000000
119.000000
127.000000
665.000000
211.000000
322.000000
651.000000
552.000000
90.000000
298.000000
37.000000
942.000000
1219.000000
1242.000000
559.000000
312.000000
104.000000
169.000000
618.000000
15.000000
136.000000
431.000000
803.000000
637.000000
1290.000000
188.000000
206.000000
938.000000
938.000000
962.000000
284.000000
508.000000
1193.000000
255.000000
1333.000000
885.000000
198.000000
1181.000000
230.000000
568.000000
309.000000
845.000000
1181.000000
281.000000
531.000000
266.000000
627.000000
278.000000
425.000000
42.000000
