0.003935
0.003167
0.005236
0.000579
0.004249
0.000350
0.000389
0.000425
0.000257
0.005490
0.004003
0.000428
0.000469
0.005274
0.000397
0.005492
0.003098
0.003813
0.004183
0.005044
0.000479
0.000369
0.004887
0.004850
0.004552
0.003920
0.004905
0.003737
0.003210
0.003893
0.003721
0.004755
0.005395
0.001561
0.004034
0.004354
0.000450
0.005177
0.004706
0.000252
0.000440
0.000580
0.000345
0.002800
0.004270
0.000426
0.000367
0.001956
0.009218
0.002656
0.000259
0.000270
0.000380
0.004808
0.000695
0.004106
0.002565
0.000304
0.000407
0.000724
0.002111
0.004250
0.000147
0.006324
0.000379
0.005356
0.000383
0.005574
0.003464
0.000287
0.005356
0.000464
0.003515
0.000354
0.003805
0.002912
0.003364
0.000463
0.000316
0.005598
0.004061
0.003661
0.000205
0.005284
0.000160
0.003859
0.001970
0.000162
0.003167
0.000162
0.000162
0.000381
0.000167
0.000480
0.002375
0.000591
0.003948
0.000333
0.004106
0.004509
