30.472400
36.662000
32.653900
39.413900
36.791700
30.985100
34.612400
19.296100
49.521300
26.265900
36.036600
31.423500
43.218600
42.462500
44.169200
32.124900
50.019100
47.045400
36.907900
35.729500
29.622400
26.225600
36.262000
45.035600
39.154300
32.444800
32.490000
53.970300
40.127200
39.226900
45.552600
34.336300
30.411200
51.813300
33.298700
39.415800
46.113300
35.734200
32.931200
40.211600
33.632100
39.566200
26.181800
38.249900
47.137700
32.381600
30.235500
30.544100
42.105300
29.848200
47.997400
50.748700
27.888800
64.878200
49.936400
54.763600
34.197200
36.038100
30.180800
50.100000
38.589800
32.307800
44.075400
32.327300
36.977700
46.862900
31.211800
45.727300
33.977600
23.429600
46.862900
46.729100
22.664200
56.239100
38.469800
36.315900
33.916100
49.089900
29.602700
26.740700
48.072200
49.034100
45.699000
32.295900
48.502100
49.247700
23.090000
48.412500
43.112900
48.412500
48.412500
54.538300
60.287300
35.435700
40.500300
35.947600
47.771000
48.172300
54.763600
47.881500
