10.214561
6.751779
5.856182
6.226895
12.938004
5.350748
10.728152
6.932410
8.572948
12.380869
7.006009
10.924003
8.373075
8.981745
6.982587
6.936091
7.693370
7.789998
5.255395
9.810303
8.177497
7.539873
5.157503
10.110132
9.237926
6.959389
7.774817
11.478767
6.359674
12.845791
10.730723
4.863122
10.701530
9.380418
4.728707
4.723042
6.088397
11.045282
9.727181
7.198592
6.715289
10.134484
13.112511
4.556535
7.589254
4.640299
9.947666
10.328406
4.682472
11.754696
4.851998
6.373147
9.009488
9.469039
10.336881
11.023449
9.650485
5.029554
12.237415
10.325067
12.048164
5.074523
12.250212
5.153909
8.599691
5.172858
8.326711
10.737612
6.658056
9.872544
7.693370
8.858915
9.810303
9.456664
6.679742
11.240862
9.941379
6.471680
5.399514
9.875588
10.271554
7.021312
5.395180
8.888836
6.277914
5.333051
7.672313
7.128016
11.450475
6.272110
9.781793
10.407604
9.214133
9.401812
6.277914
6.101535
6.155465
5.486685
7.087370
11.041574
