0.000796
0.004925
0.005734
0.003412
0.000761
0.009120
0.001078
0.005906
0.003793
0.000972
0.003275
0.001189
0.001984
0.000851
0.004365
0.004276
0.003433
0.001247
0.004405
0.004207
0.000816
0.004993
0.007470
0.000746
0.002942
0.004607
0.000830
0.001109
0.002118
0.000710
0.002386
0.002197
0.000920
0.001215
0.006576
0.005606
0.005383
0.001522
0.002966
0.003257
0.004136
0.001240
0.000687
0.007674
0.006236
0.006863
0.002305
0.002358
0.007741
0.001179
0.005412
0.006069
0.001902
0.002845
0.000959
0.001747
0.004009
0.004292
0.001011
0.000934
0.001404
0.003056
0.000823
0.007687
0.002592
0.003233
0.003392
0.001201
0.003514
0.001953
0.003433
0.001073
0.004207
0.000821
0.005873
0.001608
0.001549
0.002283
0.003436
0.000960
0.001002
0.004195
0.002781
0.004000
0.004581
0.003553
0.006302
0.002859
0.000731
0.005368
0.002618
0.001055
0.003747
0.001152
0.004581
0.008212
0.005230
0.002667
0.002275
0.002409
