39.785400
30.472400
18.626000
34.612400
9.967190
29.048100
39.413900
32.653900
50.448800
31.783000
42.462500
33.045100
36.036600
43.218600
33.748700
39.043900
31.423500
44.169200
37.198900
30.680000
62.301400
36.262000
29.622400
40.127200
26.225600
28.941900
35.909300
35.729500
32.490000
34.208600
27.041600
33.632100
35.405200
37.196500
34.517400
37.506600
51.813300
39.566200
45.552600
37.632500
45.800500
33.298700
39.415800
48.471100
37.294400
32.931200
47.137700
30.180800
43.637400
42.105300
50.100000
28.236500
54.763600
44.094200
32.991400
27.888800
33.921200
36.977700
32.307800
49.936400
38.630500
36.038100
59.169300
28.189600
29.848200
40.275000
46.892400
46.729100
43.316300
45.727300
31.211800
23.429600
48.968800
49.034100
26.749100
40.937800
49.089900
50.142300
56.239100
46.626600
37.229100
48.072200
36.315900
33.997600
42.588000
49.247700
40.176300
48.412500
54.538300
43.112900
41.907500
34.792600
48.412500
52.897100
48.437200
60.336800
47.771000
48.172300
33.997600
9.967190
