0.076186
0.160002
0.102077
0.092070
0.111747
0.100318
0.113634
0.106711
0.074683
0.104543
0.092746
0.108701
0.097204
0.122829
0.086169
0.122740
0.098683
0.112891
0.111692
0.089920
0.150570
0.106976
0.124585
0.127762
0.084240
0.160091
0.139255
0.111264
0.130229
0.107612
0.162182
0.092138
0.174133
0.086703
0.095252
0.125706
0.101552
0.129576
0.138017
0.102979
0.088568
0.106811
0.119861
0.142560
0.115972
0.099860
0.097294
0.083783
0.093381
0.144020
0.185947
0.126259
0.143312
0.131418
0.144092
0.121002
0.118767
0.106529
0.103418
0.143927
0.136756
0.121234
0.134088
0.105796
0.060880
0.166878
0.092146
0.146600
0.099128
0.113012
0.108543
0.106795
0.165029
0.140549
0.136636
0.130156
0.111130
0.146239
0.129073
0.116278
0.120866
0.164806
0.107167
0.164476
0.060144
0.158449
0.104895
0.161999
0.124080
0.132056
0.121587
0.146287
0.161999
0.183054
0.144043
0.187720
0.138024
0.153837
0.164476
0.111747
