9.401812
7.285087
5.614474
6.101535
9.810303
10.129066
8.599691
5.506193
11.389701
5.954946
7.637112
5.172858
7.712887
8.572948
7.539873
9.810303
9.443026
11.754696
10.924003
4.851998
7.655398
6.059407
6.471680
6.139843
9.054379
7.021312
9.520911
8.599691
5.255539
9.737029
6.088397
6.394613
9.456664
7.894816
9.955097
4.723042
5.856182
7.624160
13.585299
5.069445
12.197312
4.621813
11.977048
6.725055
11.478767
9.430102
9.776967
11.834490
9.237926
12.250212
10.580685
6.277914
8.153711
7.128016
9.058059
9.781793
11.196456
7.302547
6.179153
7.291691
13.420757
10.407604
6.146863
5.333051
5.490753
6.370892
7.693370
9.634177
7.589254
5.255395
10.491412
12.237415
8.478357
10.328406
9.875588
5.075127
4.887875
12.055906
9.810303
10.214561
6.380228
5.477625
9.872544
11.023449
8.652397
12.589333
9.867685
12.307273
11.046131
8.177497
7.198592
7.821324
4.999162
6.081395
5.291600
5.775764
6.353721
9.727181
11.416411
5.395180
