63.591200
18.641000
50.739900
18.145300
52.210400
51.418600
38.883600
64.410100
43.044500
20.449900
47.184700
56.800500
47.584100
48.267100
45.149400
53.010800
46.650400
38.732900
51.096900
56.016100
54.313400
38.852100
46.147600
51.926900
50.501000
48.257800
40.647900
36.044600
43.933600
45.684700
44.184300
30.161800
72.473700
47.782800
51.638500
49.897600
34.994700
110.872000
19.653100
29.438400
54.019300
63.011500
58.317800
51.472900
45.252800
37.301300
60.793100
48.093400
59.653400
33.180200
42.714600
26.948000
77.290300
39.583600
57.749800
71.169900
53.102400
23.949400
53.301800
69.618800
54.429700
17.053800
53.508500
39.917100
61.704500
47.619800
39.763100
86.753400
25.521000
58.891100
50.915500
48.393000
53.541100
55.706600
44.511200
45.610600
86.582900
66.515100
63.676700
13.070300
29.886300
63.030100
19.044400
32.213200
32.478400
75.658100
34.516600
57.909200
48.669900
47.055100
36.623500
61.953200
56.193700
19.278700
50.785800
32.917200
63.847300
38.980700
43.912600
37.864500
