43.408400
29.048100
15.164900
49.521300
19.296100
36.353200
31.172100
41.013700
52.792200
47.045400
33.045100
43.218600
38.546000
27.718600
42.462500
44.169200
44.032000
42.626000
36.301700
44.640500
44.411400
39.293100
35.909300
39.226900
45.595400
37.313600
53.970300
37.198900
29.622400
37.819500
25.891100
45.800500
44.496500
37.294400
37.632500
33.298700
47.137700
45.552600
26.181800
40.211600
46.113300
34.517400
39.566200
37.506600
35.693200
34.081300
51.813300
32.991400
42.105300
47.997400
38.589800
50.748700
44.075400
59.169300
36.977700
38.630500
30.685900
36.195200
64.878200
46.455700
38.037100
32.327300
37.145600
29.848200
28.236500
40.379500
26.194000
40.275000
33.977600
46.079200
46.729100
41.001500
53.414800
49.089900
49.034100
37.229100
29.602700
56.239100
26.749100
33.916100
40.937800
27.519700
37.142200
42.749600
33.997600
35.312300
42.588000
34.792600
60.287300
48.412500
30.594300
54.538300
43.112900
48.437200
35.435700
47.771000
60.336800
48.172300
37.196500
32.490000
