0.005230
0.003233
0.008863
0.000887
0.002959
0.000484
0.000966
0.009897
0.003785
0.003412
0.004858
0.001007
0.000934
0.004877
0.002942
0.002319
0.003300
0.000816
0.000821
0.000731
0.001002
0.000878
0.000745
0.001073
0.007674
0.001608
0.001675
0.001885
0.004276
0.009120
0.006478
0.000994
0.006574
0.001988
0.005383
0.001902
0.003760
0.003449
0.002358
0.003323
0.002075
0.000858
0.004870
0.005979
0.003120
0.001664
0.003436
0.002945
0.003056
0.003199
0.008546
0.002118
0.000959
0.000866
0.006863
0.001675
0.001126
0.005075
0.002057
0.004207
0.006799
0.005412
0.001522
0.003318
0.002655
0.002690
0.005498
0.004405
0.004574
0.001179
0.002239
0.006814
0.001078
0.004363
0.012083
0.001786
0.002380
0.001247
0.003434
0.001312
0.001109
0.004022
0.001287
0.005873
0.002082
0.004000
0.004581
0.005810
0.001549
0.003275
0.004925
0.001279
0.003056
0.002859
0.000972
0.002305
0.002208
0.000796
0.006302
0.002386
