0.030530
0.058769
0.044076
0.032538
0.046096
0.054807
0.043778
0.050950
0.058242
0.038190
0.042193
0.045310
0.041812
0.049081
0.027191
0.039555
0.037773
0.045467
0.032737
0.028491
0.037433
0.037941
0.030976
0.048199
0.039405
0.040877
0.046060
0.024272
0.032113
0.023016
0.063561
0.042612
0.031761
0.029565
0.045924
0.047659
0.035929
0.033867
0.041416
0.028336
0.047023
0.045594
0.036167
0.041992
0.037992
0.039536
0.039331
0.016863
0.035456
0.052309
0.032667
0.008528
0.039782
0.046757
0.029827
0.047590
0.029830
0.046036
0.036197
0.037641
0.046435
0.040368
0.072568
0.043449
0.035816
0.022761
0.020900
0.022363
0.039964
0.032487
0.044425
0.015185
0.036186
0.036423
0.024945
0.034941
0.014166
0.027608
0.019278
0.039026
0.013695
0.022776
0.045847
0.026719
0.021925
0.028340
0.023226
0.018751
0.050502
0.017662
0.018360
0.036398
0.026203
0.020646
0.046807
0.028634
0.027088
0.039060
0.028336
0.028552
