12.820400
30.985100
50.448800
49.521300
30.472400
43.408400
19.296100
36.791700
9.967190
36.036600
31.423500
41.136600
26.265900
43.218600
47.045400
38.579300
27.718600
33.045100
36.204300
44.411400
37.313600
37.198900
36.262000
26.419200
35.726600
43.957000
36.301700
32.444800
23.516200
29.622400
45.800500
35.405200
37.506600
40.211600
34.081300
42.316800
48.471100
34.517400
45.552600
26.181800
37.196500
38.249900
32.931200
36.304600
33.632100
35.693200
46.113300
29.848200
30.544100
62.139600
44.075400
36.195200
37.145600
36.977700
24.229100
42.105300
27.888800
50.748700
44.094200
32.307800
54.179500
35.199100
50.100000
47.997400
38.630500
29.118900
40.261100
37.557800
46.862900
40.379500
45.727300
22.664200
37.815400
37.229100
49.034100
46.626600
47.206900
26.740700
33.916100
29.602700
38.469800
36.315900
56.239100
50.265800
39.481200
48.502100
32.295900
30.594300
43.112900
48.412500
54.538300
34.792600
31.583900
40.500300
48.437200
35.947600
60.336800
48.172300
26.181800
42.588000
