0.007169
0.008748
0.010724
0.002688
0.009387
0.008124
0.008050
0.009722
0.013070
0.009838
0.009053
0.009221
0.010779
0.008338
0.009969
0.008847
0.007262
0.007763
0.010145
0.014497
0.011333
0.011605
0.008963
0.006811
0.010344
0.008750
0.010708
0.009788
0.007646
0.009319
0.006196
0.010218
0.009391
0.008505
0.007468
0.004951
0.012077
0.007403
0.013887
0.011368
0.008423
0.005488
0.008542
0.007785
0.010202
0.009775
0.004874
0.006708
0.007325
0.007175
0.012370
0.007967
0.007304
0.008013
0.009337
0.008535
0.007993
0.010998
0.013643
0.006003
0.008223
0.005809
0.006097
0.004988
0.009356
0.006984
0.005157
0.006718
0.000834
0.006625
0.006709
0.006955
0.005064
0.006025
0.006876
0.005877
0.001688
0.012766
0.006189
0.002674
0.010534
0.010227
0.003711
0.003723
0.007660
0.006330
0.001449
0.005920
0.006803
0.006696
0.002122
0.005208
0.003391
0.007536
0.004920
0.008212
0.009039
0.001713
0.011368
0.004413
