-0.902808
-0.789359
-0.732946
-0.552204
-0.392254
-0.466012
-0.590745
-0.969374
-0.469522
0.188820
-0.710379
-0.016406
0.143108
-0.147794
-0.447051
0.092983
0.140084
-0.082026
0.705726
0.695316
0.554349
0.337602
0.474847
0.545581
0.521483
0.346107
1.746456
0.718024
0.243203
0.474713
0.854704
0.929254
1.278496
0.625505
1.810528
1.085098
0.835597
1.095636
0.678516
0.852356
0.684213
1.664462
1.207931
1.177930
1.124122
1.431360
0.501853
1.120473
1.859847
1.216302
1.050393
1.194183
1.047704
1.510918
1.405459
1.077076
2.784608
1.548759
1.480845
1.539816
1.655208
1.606014
1.000063
1.432767
1.469784
2.021411
1.898462
2.043737
1.428813
2.328027
1.738861
2.165704
2.946645
1.765569
2.395575
2.270257
1.748354
2.179478
1.988700
2.492903
2.289613
2.407766
1.923994
2.646078
2.900802
1.835416
1.976942
3.381769
2.289007
3.116171
3.010667
3.249761
2.825028
2.791803
4.344182
4.170508
3.329139
3.751848
0.852356
2.399668
