1.100392
-0.090432
0.006103
-0.120897
1.458619
0.210870
1.016948
-0.499160
0.239021
0.369058
-0.360169
1.627848
0.067629
0.994393
1.579743
1.138805
-0.225930
0.177044
-0.368164
0.294957
-0.083040
-0.169893
-0.680217
1.268351
0.513791
0.015351
0.806873
0.272776
-0.409666
0.671445
0.035467
0.376336
-0.007075
0.305419
-0.596847
0.347056
-0.008591
0.693557
0.234651
2.115767
0.384523
-0.031557
0.446005
0.646303
-0.413929
-0.525729
-0.027709
0.324373
0.302335
0.204357
-0.041698
0.124031
0.807236
-0.325151
-0.060163
0.005950
-0.112438
-0.380388
-0.182551
-0.093438
-0.001780
0.422252
-0.243234
0.250469
-0.194854
-0.316823
0.358218
0.481959
0.838745
-0.389826
0.080195
0.581362
-0.269494
1.016369
0.884514
-0.359993
0.665019
0.167502
-0.364206
0.168257
0.442581
-0.043227
2.232083
-0.295875
0.217415
0.269347
-0.291892
0.628067
0.093974
-0.250009
0.376854
-0.112487
-0.289241
-0.207791
2.074612
-0.191686
-0.069035
-0.103141
2.115767
0.130047
