0.001096
0.000875
0.007673
0.000642
0.009837
0.008849
0.001062
0.010623
0.010926
0.010007
0.001070
0.001040
0.013724
0.001171
0.009532
0.010868
0.010641
0.001031
0.012624
0.001090
0.001001
0.007138
0.012219
0.009826
0.008999
0.000709
0.001124
0.009800
0.008949
0.001198
0.016756
0.001356
0.000861
0.000631
0.008710
0.012066
0.001108
0.001258
0.009303
0.000863
0.003886
0.007000
0.011765
0.001228
0.001099
0.009361
0.001125
0.006640
0.004889
0.015856
0.000367
0.011183
0.001325
0.000948
0.001076
0.023045
0.000949
0.000675
0.001085
0.010626
0.000780
0.010311
0.001810
0.000649
0.010774
0.000622
0.001381
0.008426
0.013389
0.010591
0.013934
0.008786
0.001031
0.013171
0.009152
0.009790
0.014218
0.013994
0.008409
0.000789
0.009513
0.007279
0.000885
0.001545
0.010203
0.000401
0.013211
0.006935
0.007919
0.000405
0.000953
0.000996
0.004775
0.005936
0.001631
0.001476
0.001711
0.000832
0.000863
0.000989
