0.000389
0.000350
0.005426
0.003167
0.000342
0.000237
0.004090
0.003935
0.004370
0.000428
0.000416
0.000327
0.004893
0.005490
0.000469
0.000316
0.004256
0.000397
0.004330
0.003600
0.000343
0.004887
0.003210
0.003600
0.004078
0.003737
0.004068
0.000492
0.003893
0.000463
0.000429
0.000491
0.001561
0.000426
0.004755
0.000495
0.000357
0.005023
0.000542
0.000252
0.000345
0.004354
0.000393
0.001554
0.002800
0.000367
0.005395
0.004310
0.000643
0.000147
0.000380
0.000724
0.004808
0.009218
0.000434
0.002568
0.004125
0.000379
0.000550
0.005140
0.000588
0.000459
0.004250
0.001956
0.000312
0.000249
0.000458
0.003370
0.000418
0.000413
0.000464
0.000552
0.000519
0.003057
0.004828
0.003661
0.005598
0.004474
0.000354
0.003805
0.003916
0.003661
0.002912
0.000395
0.000160
0.005284
0.001970
0.003168
0.002774
0.000381
0.000398
0.001910
0.000162
0.000149
0.000296
0.003948
0.000684
0.002686
0.000519
0.003167
