0.008438
0.008748
0.010233
0.006945
0.011965
0.009046
0.009109
0.009387
0.013070
0.009053
0.009221
0.010711
0.006943
0.010779
0.008338
0.008574
0.007262
0.008030
0.008109
0.010344
0.008294
0.008963
0.009166
0.011572
0.008939
0.007901
0.009261
0.008020
0.008536
0.012606
0.007708
0.007785
0.004177
0.007195
0.007175
0.006956
0.006143
0.007958
0.010218
0.008505
0.009391
0.008728
0.011394
0.008423
0.005488
0.009284
0.007038
0.009356
0.006265
0.012370
0.007993
0.006097
0.004049
0.008535
0.013643
0.007535
0.005809
0.008013
0.009727
0.007895
0.013074
0.008889
0.006003
0.007325
0.008223
0.006984
0.007895
0.006718
0.008467
0.005064
0.011329
0.005157
0.006091
0.003074
0.005129
0.006876
0.012766
0.006024
0.003711
0.010534
0.005877
0.006876
0.010227
0.004413
0.006330
0.001449
0.007150
0.004248
0.005920
0.002122
0.005208
0.003391
0.006696
0.002342
0.009043
0.003806
0.009039
0.000247
0.006091
0.006945
