0.006738
0.006597
0.000962
0.001308
0.002711
0.002564
0.002687
0.007909
0.002038
0.006126
0.003592
0.003839
0.003038
0.003212
0.002341
0.001279
0.002337
0.009834
0.004788
0.004923
0.003047
0.003203
0.003513
0.005350
0.002897
0.005663
0.002748
0.005649
0.005203
0.001431
0.000934
0.005739
0.001182
0.003477
0.001147
0.001559
0.001855
0.003035
0.003679
0.001134
0.005916
0.005805
0.006472
0.006375
0.005188
0.006660
0.001492
0.000768
0.001040
0.001178
0.002238
0.005515
0.001952
0.001271
0.005660
0.003720
0.007703
0.003219
0.007077
0.005539
0.003242
0.002610
0.007666
0.005639
0.004697
0.004334
0.002908
0.003912
0.004243
0.001079
0.001809
0.003284
0.005359
0.003047
0.006761
0.001386
0.001304
0.003378
0.003354
0.002740
0.001996
0.002451
0.006539
0.003310
0.000811
0.006914
0.004392
0.006438
0.005181
0.004945
0.001497
0.002691
0.002140
0.002820
0.002673
0.001081
0.001308
0.004916
0.001735
0.000811
