0.057058
0.003957
0.038216
0.002938
0.197037
0.000818
0.025430
0.001821
0.045289
0.003651
0.017709
0.000029
0.024434
0.005458
0.008440
0.010628
0.135486
0.008386
0.002398
0.036533
0.045662
0.064446
0.000292
0.084796
0.039987
0.010564
0.008147
0.082669
0.025554
0.038382
0.571240
0.107476
0.088421
0.117490
0.098452
0.022316
0.023484
0.563140
0.028873
0.251045
0.116861
0.069550
0.028144
0.009653
0.148512
0.114450
0.078218
0.718967
0.591668
0.249126
0.372323
1.085921
0.091263
0.764081
0.765406
0.037454
0.013242
0.145120
0.136339
0.079956
0.103581
0.081813
0.272752
0.055903
0.010546
0.108706
0.085280
0.699714
0.006396
0.138620
0.066653
0.360944
0.451614
0.324132
0.637064
0.722032
0.034057
0.079345
0.290639
0.702836
0.535591
0.722032
0.126786
0.785407
0.109992
0.500157
2.047195
0.694417
0.030822
0.890452
0.239384
0.932173
3.974983
1.649927
0.156417
10.302220
0.752204
16.053053
0.451614
0.002938
