0.009722
0.006151
0.010386
0.012124
0.009387
0.009785
0.008068
0.007169
0.008050
0.010711
0.010779
0.008076
0.011172
0.009969
0.007763
0.009221
0.010470
0.009499
0.011572
0.007646
0.008975
0.008372
0.006811
0.011965
0.009788
0.008294
0.011471
0.011974
0.009319
0.011547
0.011368
0.009581
0.007460
0.007708
0.004874
0.005687
0.008542
0.007038
0.008423
0.008180
0.007403
0.012077
0.006956
0.010501
0.010218
0.005488
0.009775
0.009727
0.001273
0.008481
0.007993
0.006271
0.010832
0.009356
0.009167
0.007895
0.007535
0.008889
0.009304
0.009337
0.008535
0.006810
0.007175
0.010007
0.008223
0.009014
0.007895
0.000834
0.005481
0.006091
0.007232
0.005348
0.006163
0.006189
0.007597
0.006025
0.005877
0.002674
0.009194
0.003074
0.006876
0.012766
0.005129
0.003637
0.005368
0.007150
0.002895
0.005208
0.006696
0.003391
0.006803
0.003936
0.005920
0.004968
0.007536
0.008212
0.003806
0.001713
0.009499
0.009969
