0.010623
0.013091
0.001353
0.000541
0.009837
0.000929
0.006052
0.001096
0.001062
0.000817
0.013724
0.000967
0.013185
0.009532
0.001031
0.001040
0.011528
0.007745
0.009000
0.008949
0.010457
0.000923
0.009826
0.011174
0.009800
0.000858
0.004637
0.007354
0.001198
0.012124
0.000863
0.009657
0.001450
0.001074
0.001125
0.001563
0.011765
0.013486
0.003886
0.010674
0.001258
0.001108
0.001237
0.000883
0.001356
0.007000
0.009361
0.001376
0.001019
0.015811
0.000949
0.005983
0.009339
0.010774
0.000972
0.012850
0.006421
0.001148
0.000918
0.001076
0.023045
0.000761
0.015856
0.011312
0.000780
0.000607
0.001144
0.013389
0.000958
0.001297
0.000440
0.000718
0.001033
0.008409
0.008083
0.013171
0.009790
0.000789
0.001157
0.007642
0.009152
0.013994
0.012071
0.001662
0.000775
0.004924
0.015082
0.000996
0.000405
0.004775
0.007919
0.000417
0.006935
0.009730
0.005936
0.001476
0.009869
0.000832
0.007745
0.009532
