0.678953
1.429099
0.197436
0.573553
0.794383
0.846957
0.678470
0.651833
0.924156
0.432949
0.235216
1.211377
0.265111
0.538683
0.239187
0.952438
0.421595
0.000000
0.065065
0.794764
0.623430
0.235101
0.226099
0.236578
0.449987
0.168291
0.152131
0.454108
0.858376
0.206036
0.643809
1.170670
0.271155
0.070577
0.161585
0.117489
0.324885
0.347311
0.247097
0.359348
0.334678
0.562552
0.186661
0.819856
1.228409
0.185615
0.099615
0.786341
0.283916
1.266268
0.331069
0.091394
0.246614
0.296897
0.092840
0.506871
0.337206
0.203102
0.101455
0.354410
0.000000
0.051963
0.167934
1.329068
0.382642
0.320510
0.441096
0.550327
0.738330
0.054941
0.836254
0.320767
0.106308
0.250547
0.093176
0.655368
0.082555
0.624473
0.203050
0.371271
0.482783
0.750017
0.092080
0.389319
0.153801
0.103284
0.089641
0.322937
0.326999
0.080172
0.259688
0.491775
0.745107
0.080251
0.193907
0.089422
0.053291
0.415612
0.000000
0.538683
