0.007674
0.000745
0.006249
0.006973
0.001179
0.002305
0.001063
0.001664
0.006583
0.004953
0.003257
0.006799
0.005734
0.000369
0.001283
0.003785
0.009897
0.001079
0.000682
0.005383
0.009120
0.004574
0.007248
0.000821
0.000966
0.003300
0.002781
0.006863
0.000761
0.006576
0.000687
0.002075
0.000937
0.003120
0.002420
0.002380
0.003056
0.001561
0.001608
0.000959
0.001723
0.002409
0.003449
0.000894
0.000878
0.004877
0.003182
0.000959
0.003964
0.002276
0.001312
0.007310
0.001747
0.000830
0.006069
0.000934
0.002655
0.003233
0.003127
0.004207
0.007051
0.001055
0.003642
0.002127
0.001247
0.002858
0.000484
0.003412
0.002897
0.004405
0.004292
0.004363
0.001287
0.000731
0.002197
0.001189
0.000858
0.001675
0.000387
0.007741
0.004365
0.004207
0.003275
0.008546
0.005230
0.006814
0.001078
0.000865
0.002690
0.000796
0.001011
0.003434
0.002618
0.004259
0.002945
0.002016
0.005075
0.005979
0.002319
0.002592
