38.841700
63.062700
51.194300
63.591200
60.470600
48.241900
51.232700
30.672500
52.210400
44.852700
52.103300
47.184700
49.220500
51.533800
26.644000
38.913200
46.650400
48.267100
38.852100
43.639700
10.536600
25.591500
45.684700
53.434600
47.605500
56.016100
36.044600
64.004300
30.562300
56.175800
30.161800
62.794100
49.897600
65.378500
19.653100
40.966600
29.438400
51.867900
45.252800
49.290700
43.912600
58.317800
50.866000
47.782800
58.228500
63.011500
50.360800
57.749800
29.155800
54.429700
53.102400
31.348800
47.183600
23.949400
17.053800
27.853400
39.917100
58.804500
61.704500
38.254000
77.290300
51.783300
59.219100
45.579900
46.088700
52.156500
83.015900
57.049200
53.541100
50.116900
40.337400
58.891100
70.488100
25.425400
86.582900
29.886300
36.049800
63.030100
13.070300
63.676700
29.286500
65.802800
68.298200
66.752300
72.306100
66.175500
40.696400
36.623500
47.055100
71.620900
48.669900
47.055100
61.953200
39.298300
50.785800
32.917200
63.847300
38.980700
43.044500
43.639700
