0.165796
0.155290
0.183954
0.159500
0.115043
0.126082
0.134614
0.197402
0.169077
0.181358
0.161680
0.163255
0.162913
0.194663
0.233088
0.079895
0.201810
0.178878
0.110521
0.165570
0.206835
0.167639
0.178530
0.224980
0.220027
0.156346
0.242746
0.201690
0.174312
0.200049
0.307796
0.181688
0.169872
0.202530
0.236229
0.192516
0.146514
0.161376
0.159926
0.180054
0.238566
0.180893
0.188346
0.178097
0.221182
0.214067
0.195592
0.234018
0.148739
0.176934
0.231589
0.231387
0.148156
0.064433
0.181640
0.249851
0.228678
0.211671
0.213293
0.193985
0.230148
0.144292
0.195859
0.266967
0.176519
0.202113
0.228958
0.308398
0.229657
0.210099
0.174550
0.274654
0.186506
0.206697
0.203173
0.211527
0.213916
0.213285
0.244279
0.275949
0.268047
0.275473
0.170631
0.264215
0.269015
0.091962
0.254793
0.249149
0.267969
0.245675
0.176148
0.267969
0.261265
0.271824
0.339698
0.300513
0.237393
0.261304
0.201649
0.165570
