-0.392254
-0.732946
-1.008793
-0.466012
-0.902808
-1.228839
-0.575323
-0.520778
-0.590745
-0.105509
-0.016406
-0.082026
-0.633212
0.188820
0.143108
-0.197992
0.001278
0.140084
0.404228
1.104093
0.705726
0.159284
0.413820
0.545581
0.142893
0.455582
0.337602
0.163047
0.346107
0.994160
0.854704
0.733581
1.294416
1.073567
0.852356
1.004733
0.625505
1.664462
1.431360
0.929254
0.684213
1.368782
1.156987
0.864734
1.383987
1.095636
0.897868
1.510918
1.291533
2.212256
1.218818
1.606014
1.216302
1.194183
1.126520
1.357473
1.120473
1.438463
2.632879
1.539816
1.050393
1.000063
1.859847
1.788975
1.655208
2.170797
1.569148
1.766277
2.633736
2.021411
2.946645
1.622664
1.738861
2.027685
2.492903
2.453073
2.430654
2.239467
1.988700
2.689370
2.407766
2.179478
1.721669
2.516878
2.646078
1.835416
2.803232
3.381769
3.116171
2.825028
3.292204
3.116171
3.010667
2.791803
2.979332
3.186144
3.329139
3.751848
-0.389962
1.104093
