0.794383
0.090351
0.846957
0.238459
0.651833
1.429099
0.622449
1.548500
0.924156
0.079759
0.952438
0.239187
0.852289
0.886979
0.235216
0.000000
1.211377
0.088620
0.202567
0.380070
0.000000
0.065065
0.000000
0.226099
0.274919
0.166068
0.059864
0.168291
0.115171
0.233031
0.046283
0.297461
0.103169
0.347311
0.643809
1.158579
0.207413
0.185615
0.099615
1.228409
0.247097
0.271155
1.170670
0.529975
0.210109
0.334678
0.485426
0.199903
0.283916
0.203102
0.091394
0.231447
0.167934
0.462305
1.266268
0.139410
0.731506
0.195196
0.101455
0.542593
1.037456
0.336105
0.748523
0.124981
0.382642
0.454384
0.055982
0.738330
0.441096
0.196808
0.227216
0.132384
0.351811
0.092080
0.624473
0.087791
0.482802
0.093176
0.250547
0.555882
0.105759
0.750017
0.371271
0.103284
0.623050
0.094269
0.125343
0.745107
0.326999
0.080172
0.491775
0.326999
0.456195
0.193907
0.502013
0.053291
0.557480
0.415612
0.795646
0.380070
