0.003120
0.003553
0.004607
0.000934
0.000934
0.003548
0.004953
0.007954
0.001885
0.001240
0.001453
0.004022
0.006302
0.003318
0.000439
0.001073
0.005873
0.002409
0.003747
0.002305
0.006236
0.004302
0.001953
0.001997
0.003412
0.000878
0.008546
0.004574
0.000710
0.001201
0.001404
0.002690
0.005412
0.006249
0.000731
0.002942
0.004363
0.000369
0.004207
0.001126
0.000940
0.012083
0.002959
0.003964
0.002082
0.001247
0.001461
0.003760
0.001135
0.000878
0.003392
0.000851
0.001283
0.007687
0.002057
0.004581
0.001312
0.000821
0.000937
0.001988
0.001522
0.006478
0.004009
0.000966
0.000430
0.000745
0.001561
0.004405
0.005734
0.001011
0.003433
0.000816
0.006583
0.004808
0.006433
0.002283
0.006973
0.005783
0.003300
0.005606
0.006863
0.002667
0.000746
0.001215
0.006069
0.005383
0.002118
0.001675
0.002197
0.006814
0.003056
0.000796
0.001078
0.004207
0.001078
0.003891
0.005230
0.003434
0.002118
0.009897
