0.010926
0.013091
0.001353
0.000971
0.000875
0.000929
0.006052
0.013565
0.010224
0.013185
0.011211
0.009532
0.000967
0.001102
0.000993
0.001040
0.001171
0.001031
0.012262
0.012624
0.012611
0.004637
0.011380
0.009826
0.001198
0.012219
0.014135
0.001001
0.008025
0.009342
0.003886
0.012066
0.000892
0.000863
0.001024
0.001125
0.011765
0.000631
0.001237
0.010084
0.009361
0.003903
0.001563
0.016756
0.000165
0.001356
0.001066
0.015811
0.001085
0.004889
0.012019
0.010311
0.000972
0.010265
0.001148
0.001810
0.000948
0.010626
0.000696
0.000649
0.005279
0.012850
0.001606
0.011183
0.001739
0.006553
0.000607
0.001297
0.010591
0.013389
0.001068
0.000958
0.013934
0.001157
0.001361
0.009152
0.014218
0.000885
0.007988
0.012071
0.009152
0.009790
0.013994
0.001545
0.013211
0.001662
0.000401
0.006935
0.004775
0.000953
0.000953
0.000405
0.000405
0.001397
0.010066
0.001476
0.001711
0.000832
0.000401
0.010007
