0.008546
0.004207
0.001953
0.001079
0.005904
0.002667
0.001179
0.000484
0.004581
0.003449
0.001522
0.004993
0.001461
0.003964
0.001404
0.003182
0.003056
0.003559
0.004195
0.005498
0.001902
0.000816
0.004925
0.001885
0.006433
0.005230
0.004009
0.000959
0.003436
0.001997
0.004207
0.001675
0.002283
0.003964
0.007470
0.003433
0.001147
0.004808
0.001549
0.000920
0.003056
0.001664
0.003747
0.000830
0.005383
0.001189
0.005734
0.002183
0.008863
0.000858
0.006236
0.001786
0.004405
0.002082
0.002208
0.006092
0.004960
0.002959
0.004574
0.003318
0.000937
0.007954
0.000745
0.002301
0.002075
0.004276
0.002781
0.007687
0.003793
0.007741
0.006574
0.001314
0.004475
0.001988
0.001312
0.004953
0.000369
0.001943
0.000731
0.001215
0.006302
0.004226
0.002655
0.002938
0.000959
0.001007
0.001561
0.002592
0.002118
0.005906
0.001078
0.000796
0.003514
0.004292
0.002305
0.004000
0.004999
0.000710
0.004363
0.002966
