0.036129
0.048689
0.043855
0.042583
0.032538
0.058242
0.035062
0.043778
0.048737
0.041812
0.038174
0.037472
0.043561
0.044424
0.039555
0.049081
0.042193
0.036765
0.030832
0.037948
0.048429
0.038593
0.035675
0.046060
0.029465
0.037433
0.048199
0.039258
0.045069
0.049332
0.063561
0.047023
0.020997
0.029749
0.043145
0.028336
0.039331
0.045594
0.035929
0.042612
0.015612
0.041992
0.045626
0.041416
0.049325
0.040325
0.047309
0.035516
0.008528
0.039815
0.049368
0.035816
0.047590
0.029827
0.029583
0.032667
0.072568
0.020523
0.036197
0.033736
0.039782
0.034956
0.040368
0.040485
0.037641
0.038253
0.032487
0.036178
0.039086
0.040289
0.017532
0.030957
0.030617
0.014166
0.036423
0.039026
0.022776
0.024945
0.049588
0.019278
0.045847
0.031257
0.013695
0.026271
0.056426
0.063415
0.022832
0.017662
0.017662
0.026203
0.018360
0.034328
0.018751
0.031440
0.046807
0.024759
0.028634
0.039060
0.040645
0.042583
