0.113120
0.092705
0.092070
0.090832
0.075992
0.111747
0.076186
0.057962
0.106711
0.111489
0.083728
0.099648
0.122837
0.112891
0.103260
0.122829
0.098683
0.086169
0.150570
0.095099
0.125749
0.107612
0.102552
0.123167
0.089920
0.125992
0.103873
0.130229
0.094575
0.160091
0.088568
0.086703
0.116151
0.097202
0.119861
0.127949
0.076345
0.121019
0.142560
0.174133
0.162182
0.123620
0.101552
0.138017
0.099143
0.080924
0.097717
0.114051
0.159545
0.145187
0.105796
0.136756
0.144020
0.123627
0.109560
0.133348
0.185947
0.145005
0.131418
0.126259
0.139965
0.113272
0.171120
0.134088
0.103418
0.113999
0.119614
0.124307
0.113645
0.099128
0.106795
0.092146
0.166878
0.084931
0.120866
0.092693
0.107167
0.140549
0.136636
0.065718
0.129073
0.164806
0.196372
0.158449
0.171190
0.164476
0.104895
0.161999
0.161999
0.119885
0.124080
0.121587
0.140418
0.136304
0.144043
0.138024
0.175556
0.153837
0.097759
0.090832
