816.000000
490.000000
1033.000000
1045.000000
269.000000
654.000000
924.000000
1185.000000
832.000000
778.000000
1029.000000
796.000000
586.000000
423.000000
1038.000000
757.000000
1013.000000
19.000000
284.000000
253.000000
784.000000
611.000000
346.000000
489.000000
218.000000
445.000000
794.000000
160.000000
1130.000000
230.000000
294.000000
542.000000
97.000000
851.000000
396.000000
945.000000
217.000000
120.000000
521.000000
1315.000000
671.000000
583.000000
266.000000
958.000000
497.000000
1339.000000
804.000000
7.000000
1270.000000
1198.000000
174.000000
876.000000
298.000000
765.000000
214.000000
1271.000000
1301.000000
616.000000
513.000000
37.000000
651.000000
926.000000
552.000000
598.000000
424.000000
15.000000
104.000000
136.000000
49.000000
312.000000
509.000000
256.000000
191.000000
604.000000
962.000000
637.000000
178.000000
938.000000
1193.000000
188.000000
995.000000
1294.000000
520.000000
198.000000
1333.000000
885.000000
1247.000000
309.000000
309.000000
230.000000
1181.000000
568.000000
1180.000000
266.000000
1003.000000
266.000000
611.000000
593.000000
1032.000000
1045.000000
