0.293047
0.924156
0.421279
0.090351
0.401877
0.794383
0.622449
0.123404
0.651833
0.538683
0.872954
0.421595
0.952438
0.239187
0.375307
0.852289
0.079759
0.265111
0.858376
0.206036
0.403306
0.000000
0.274919
1.583880
0.430372
0.240077
0.233031
0.380070
0.623430
0.235101
0.046283
0.562552
0.334678
1.228409
1.158579
0.297461
0.210109
0.247097
0.186661
0.359348
0.237329
0.117489
0.398584
0.222095
0.355689
0.643809
0.103169
0.094694
0.199903
0.382642
0.000000
0.051963
0.220953
0.139410
0.206312
0.748523
0.656038
0.684350
0.570156
0.225382
0.331069
0.731506
0.337206
0.101455
1.037456
0.328337
0.791024
0.351811
0.454384
0.109230
0.132384
0.836254
0.441096
0.244489
0.482802
0.250547
0.356736
0.515208
0.655368
0.555882
0.203050
0.624473
0.482783
0.934455
0.125343
0.089641
0.084310
0.326999
0.326999
0.326999
0.456195
0.322937
0.491775
0.080251
0.193907
0.089422
0.053291
0.415612
0.236863
0.235101
