0.004090
0.000579
0.004500
0.000342
0.004249
0.000622
0.000257
0.001929
0.000389
0.005274
0.000316
0.004256
0.000413
0.004003
0.004485
0.004611
0.000327
0.005492
0.004887
0.004470
0.005654
0.003580
0.004078
0.000400
0.003930
0.005050
0.002942
0.002855
0.004905
0.000463
0.005023
0.000495
0.000367
0.000580
0.003721
0.000357
0.004755
0.000440
0.003484
0.000625
0.000491
0.000503
0.000252
0.001554
0.000345
0.004354
0.000450
0.000434
0.006168
0.000367
0.004250
0.009218
0.004473
0.002656
0.006342
0.000430
0.005220
0.000407
0.000278
0.000259
0.000550
0.002393
0.005140
0.006324
0.000530
0.000176
0.004236
0.000552
0.000383
0.000243
0.005574
0.006639
0.000287
0.000463
0.003233
0.003661
0.002912
0.000205
0.000354
0.003364
0.003057
0.000602
0.005598
0.000665
0.000618
0.001970
0.000310
0.000381
0.000162
0.000162
0.002774
0.003167
0.000381
0.000653
0.002375
0.000684
0.003948
0.000333
0.000329
0.000519
