0.007674
0.004953
0.004207
0.008863
0.003434
0.004207
0.004925
0.004292
0.001988
0.000387
0.000960
0.003318
0.001109
0.004365
0.001247
0.003412
0.000369
0.000746
0.005979
0.005873
0.001007
0.006302
0.001522
0.002781
0.007954
0.006863
0.001786
0.006973
0.002409
0.000887
0.003514
0.000796
0.002183
0.002858
0.006249
0.003433
0.006576
0.001664
0.009897
0.004276
0.005368
0.000731
0.001189
0.000710
0.001608
0.003548
0.001179
0.004574
0.004475
0.002938
0.000821
0.003300
0.000866
0.012083
0.005075
0.012801
0.006740
0.002690
0.001152
0.007248
0.006574
0.003323
0.004858
0.000745
0.003233
0.004000
0.006941
0.000920
0.002276
0.006022
0.000940
0.001312
0.000601
0.007687
0.003056
0.004405
0.001314
0.002966
0.003559
0.006583
0.004993
0.000894
0.002667
0.006802
0.003257
0.002592
0.002118
0.002618
0.000959
0.002959
0.001556
0.001404
0.002380
0.002859
0.002358
0.001078
0.001433
0.001201
0.001078
0.001558
