0.134614
0.197402
0.235087
0.163143
0.164694
0.258877
0.036901
0.128097
0.192658
0.182944
0.162913
0.178878
0.163255
0.194663
0.181358
0.148956
0.129274
0.236351
0.134872
0.176048
0.220027
0.234046
0.165570
0.164652
0.224980
0.206835
0.147321
0.242746
0.160524
0.205416
0.163289
0.192648
0.232551
0.180893
0.204617
0.181688
0.221182
0.221315
0.190345
0.145345
0.293393
0.214067
0.146514
0.238566
0.187284
0.179124
0.169365
0.249020
0.249851
0.213293
0.193985
0.174410
0.064433
0.228678
0.148156
0.208128
0.195508
0.148739
0.266967
0.116859
0.153913
0.231589
0.168070
0.181640
0.158764
0.236506
0.214025
0.221316
0.308398
0.145350
0.186506
0.179312
0.180453
0.199295
0.213285
0.206136
0.268047
0.208448
0.183075
0.244279
0.170631
0.275949
0.275473
0.233065
0.269015
0.264215
0.214774
0.261265
0.267969
0.267969
0.249149
0.249866
0.261265
0.360487
0.271824
0.237393
0.300513
0.261304
0.191377
0.252261
