-0.575323
-0.520778
-0.665826
-0.776736
-0.969374
-0.550042
-0.552204
-0.341436
-1.264390
-0.146377
-0.633212
0.140084
-0.082026
0.188820
-0.105509
0.085040
-0.068871
-0.063289
0.474847
0.767317
0.142893
0.243203
1.104093
0.554349
0.545581
0.705726
0.198591
0.337602
0.689292
0.423549
0.555243
1.317612
1.290429
1.368782
0.678516
0.733581
1.383987
1.124122
1.810528
1.053551
1.177930
1.095636
0.625505
0.684213
1.278496
3.166055
0.501853
1.480845
1.357473
2.632879
1.539816
1.077076
1.194183
1.120473
1.216302
1.405459
1.717285
1.291533
1.788975
1.432767
1.555895
1.218818
1.073865
1.126520
1.047704
1.229439
2.328027
1.898462
1.766277
2.156668
1.738861
1.430171
1.759988
1.440716
2.239467
2.395575
2.407766
2.609907
1.923994
1.988700
1.721669
2.689370
2.179478
3.503873
2.646078
2.516878
3.055549
3.010667
3.116171
3.116171
3.381769
2.289007
3.010667
4.344182
2.791803
3.329139
3.186144
3.751848
1.150798
2.068630
