6.725055
5.105274
11.667071
7.690555
12.644636
9.054379
5.074523
7.291691
9.727181
9.737029
12.845791
6.101535
8.981745
10.730723
7.672313
7.539873
5.686253
5.477625
9.810303
5.399514
4.723042
9.626968
6.656102
13.268091
7.858889
8.652397
4.851998
11.298675
4.999162
8.888836
7.655398
11.754696
9.875588
8.215747
6.972896
5.446869
5.333051
9.776967
5.775764
11.389701
10.214561
11.240862
6.658056
9.058059
9.214133
9.430102
6.353721
10.336881
4.640299
5.395180
10.129066
11.478767
10.405931
11.539215
8.693888
5.350748
9.810303
7.957275
6.359674
9.201719
7.624160
12.380869
11.073689
4.728707
12.083656
9.009488
9.380418
4.630988
4.887875
6.179153
5.658486
6.959389
8.728976
8.168036
6.705581
11.988731
8.373075
8.182256
8.369188
9.201719
9.443026
6.751779
8.572948
4.897411
7.676143
5.490753
10.271554
6.370892
8.652397
10.728152
8.329089
11.800550
8.424412
7.895492
6.263266
10.140659
5.255539
5.172858
11.196456
6.380228
