-58.061700
-58.921900
-56.361800
-56.768000
-57.808400
-56.558100
-60.530300
-59.417700
-57.600400
-58.953800
-58.408500
-59.245600
-58.418600
-58.816000
-57.784000
-57.728500
-57.177500
-57.987200
-56.869300
-57.923400
-56.588000
-58.151700
-59.499600
-59.927000
-58.409300
-58.539800
-56.389800
-54.826300
-54.100400
-58.494700
-56.082200
-56.213400
-59.636700
-58.181700
-55.717800
-56.821800
-58.306100
-59.038500
-56.301900
-56.430600
-55.257600
-56.492500
-55.529600
-56.692700
-59.886600
-54.382700
-56.646300
-58.297300
-56.919800
-56.947900
-60.490200
-57.923400
-58.744300
-57.931900
-58.981800
-56.890600
-56.705000
-55.788400
-56.182700
-57.753000
-58.309400
-57.478900
-58.138400
-59.063200
-58.208800
-58.663800
-56.444000
-57.560900
-55.495700
-57.230800
-57.726300
-57.230800
-58.233800
-57.622400
-58.854700
-56.031700
-57.681100
-57.480700
-58.914800
-54.735600
-58.616700
-56.750400
-56.446500
-56.966100
-56.861200
-55.476400
-59.118400
-54.927400
-58.020700
-57.705800
-57.764800
-54.340500
-57.764800
-59.555300
-56.618600
-58.261200
-55.053200
-56.850000
-58.061700
-60.551600
