49.521300
43.408400
19.296100
36.662000
39.785400
29.048100
50.448800
32.025600
38.325000
35.494100
47.045400
33.045100
27.718600
31.423500
32.124900
44.169200
44.032000
31.783000
62.301400
39.154300
26.419200
45.035600
37.250300
25.874000
38.220900
35.909300
36.204300
34.208600
39.293100
40.127200
44.496500
45.552600
42.316800
35.734200
30.411200
34.336300
32.931200
36.304600
42.949800
39.415800
37.196500
34.517400
35.693200
38.249900
32.381600
30.580600
37.632500
36.475500
27.888800
49.936400
38.630500
44.075400
46.455700
36.195200
34.952100
33.921200
34.197200
29.848200
54.179500
62.139600
32.307800
42.105300
36.109900
36.038100
59.169300
41.993400
53.414800
22.664200
26.194000
46.862900
46.079200
46.862900
37.815400
48.072200
26.740700
29.602700
47.206900
49.034100
27.519700
56.239100
45.699000
37.229100
36.315900
44.958000
42.588000
48.502100
23.090000
30.594300
54.538300
34.792600
48.412500
43.112900
48.412500
35.818400
40.500300
47.771000
35.947600
39.566100
49.521300
15.164900
