-0.120897
0.210870
1.016948
0.590085
0.021573
-0.280432
0.006103
0.673782
1.077073
0.192669
1.579743
0.177044
-0.225930
-0.360169
0.933456
1.316243
1.123858
1.136037
0.285711
-0.208025
1.268351
-0.270883
0.218643
-0.542966
0.584655
-0.625879
-0.368164
-0.048682
0.348249
0.306678
0.298023
0.234651
0.347056
0.357134
-0.432909
-0.454473
0.446005
0.646303
0.304811
-1.129666
0.384523
0.693557
-0.525729
-0.031557
0.191053
0.891062
-0.621712
1.008929
-0.112438
0.300986
-0.194854
-0.041698
0.615556
0.124031
0.043059
-0.336706
0.529227
0.324373
-0.001780
0.204357
-0.093438
0.005950
-0.281508
-0.159457
0.270990
-0.121593
0.514740
0.581362
0.051737
0.838745
0.104804
0.838745
-0.269494
0.570374
0.167502
0.168257
0.665019
0.884514
-0.335912
2.232083
0.276978
1.016369
-0.043227
-0.085961
0.130047
0.269347
-0.320788
0.628067
0.376854
-0.112487
-0.250009
0.093974
-0.250009
-0.055080
-0.207791
-0.113292
-0.191686
0.636413
-0.120897
0.846091
