0.000642
0.008849
0.001062
0.007916
0.004823
0.013565
0.007673
0.010224
0.001353
0.011211
0.009532
0.001031
0.010641
0.001070
0.013730
0.000993
0.000967
0.000790
0.004637
0.011380
0.009826
0.012124
0.000615
0.010825
0.010169
0.011174
0.012624
0.001157
0.000921
0.008025
0.001237
0.009303
0.012066
0.012943
0.013486
0.011888
0.011765
0.001228
0.001563
0.010885
0.003886
0.001258
0.009361
0.007000
0.001066
0.007194
0.001074
0.011312
0.000949
0.001739
0.010774
0.000367
0.001376
0.011183
0.013050
0.000972
0.006414
0.006640
0.000780
0.015856
0.010626
0.023045
0.009339
0.000761
0.012850
0.016596
0.001144
0.008786
0.000888
0.013389
0.000947
0.013389
0.001031
0.010153
0.013994
0.000789
0.014218
0.009152
0.008083
0.000885
0.000512
0.013171
0.007279
0.013372
0.000989
0.000401
0.004924
0.006935
0.000953
0.000996
0.000405
0.007919
0.000405
0.009730
0.005936
0.009869
0.001476
0.006714
0.000642
0.001556
