18.626000
32.025600
39.413900
34.612400
38.182900
30.985100
31.172100
9.967190
36.662000
31.783000
42.626000
32.124900
36.036600
33.748700
27.718600
47.045400
44.169200
39.043900
39.226900
37.313600
34.208600
39.154300
37.250300
41.788900
23.516200
44.411400
45.595400
44.640500
43.957000
28.941900
35.405200
40.211600
66.224900
34.336300
44.496500
38.249900
34.081300
40.985700
33.298700
37.632500
33.632100
30.411200
25.891100
35.734200
47.137700
30.235500
36.632500
37.145600
49.936400
44.094200
36.977700
34.952100
44.075400
32.991400
32.327300
50.100000
64.878200
28.236500
36.475500
38.589800
54.179500
42.105300
46.455700
34.197200
28.189600
31.606100
40.379500
46.862900
44.827300
40.275000
29.118900
46.892400
41.993400
50.142300
26.749100
40.937800
46.626600
27.519700
47.206900
56.239100
39.488000
37.229100
49.034100
42.749600
49.247700
50.265800
33.997600
41.907500
43.112900
48.412500
48.412500
30.594300
48.412500
35.980100
40.500300
47.771000
35.947600
39.566100
30.580600
19.296100
