0.401877
0.622449
1.548500
0.864421
0.846957
0.421279
0.678470
0.293047
0.991818
0.852289
0.538433
0.359607
0.886979
0.227193
0.088620
0.538683
0.240822
0.432949
0.430372
0.240077
0.137736
0.102979
0.182454
0.168291
0.794764
0.353473
0.454108
0.166068
0.115171
0.274919
1.228409
0.207413
0.342194
0.210109
0.186661
0.185615
0.201245
0.297461
0.103169
0.070577
0.279980
0.347311
0.236863
1.158579
0.359348
0.222095
0.819856
0.146926
0.225382
0.094694
0.199903
0.519732
1.037456
1.795145
1.266268
0.336105
0.473259
0.101455
1.329068
0.656038
0.382642
0.000000
0.786341
0.206312
0.139410
0.109230
0.155561
0.550327
0.836254
0.320510
0.196808
0.055982
0.071760
0.482802
0.555882
0.087791
0.082555
0.093176
0.515208
0.356736
0.371271
0.655368
0.482783
0.089641
0.084310
0.623050
0.389319
0.192496
0.259688
0.326999
0.326999
0.745107
0.326999
0.386341
0.193907
0.053291
0.089422
0.230728
0.577625
0.924156
