0.809074
0.886504
0.431631
0.656789
1.061540
0.670463
0.675808
0.430305
0.548279
0.581415
0.655395
0.732641
0.798471
0.747414
0.790757
0.802716
0.677797
0.470485
0.852243
0.750254
0.557785
0.629946
1.038450
0.738179
0.479149
0.801517
0.533834
0.517719
0.697925
0.435142
0.456384
0.749220
0.836427
0.550586
0.566293
0.775702
0.795519
0.790571
0.514788
0.524557
0.795029
0.390733
0.757437
0.155552
0.925473
0.613193
0.821058
0.745598
0.696640
0.697961
0.688839
0.737601
0.594495
0.635799
0.469438
0.915847
0.738230
0.289897
0.945951
0.173453
0.292935
0.754488
0.735958
0.659256
0.681380
0.656220
0.536500
0.994288
0.779131
0.700425
0.673192
0.643475
1.002000
0.795001
0.396148
0.336454
0.513414
0.584407
0.753648
0.518935
1.164330
0.404357
0.818118
0.442529
0.723412
1.164840
0.865339
1.108260
0.533261
0.385039
0.533261
0.948789
0.603754
0.964616
0.841696
0.636181
0.790499
0.753010
0.186576
1.429880
