0.025437
0.058769
0.056570
0.037469
0.035062
0.050950
0.043778
0.048689
0.036129
0.050626
0.045310
0.044424
0.036765
0.038190
0.037773
0.044062
0.039555
0.027191
0.040624
0.040645
0.039231
0.032113
0.048199
0.040877
0.045069
0.037433
0.030976
0.042898
0.024272
0.030832
0.028336
0.040325
0.031761
0.035168
0.051587
0.036539
0.039331
0.029749
0.045626
0.039445
0.022349
0.041416
0.047023
0.063561
0.036500
0.042612
0.045924
0.035816
0.052407
0.043449
0.046144
0.031281
0.032391
0.020523
0.039782
0.047590
0.049368
0.033980
0.046435
0.016026
0.042984
0.042257
0.035456
0.038613
0.029827
0.037975
0.034870
0.015185
0.048774
0.033353
0.034349
0.039086
0.028103
0.022776
0.027222
0.027608
0.032261
0.024945
0.014166
0.036423
0.024393
0.070625
0.034941
0.028340
0.026271
0.023226
0.022832
0.050502
0.017662
0.018360
0.017662
0.036398
0.026203
0.031440
0.035067
0.024759
0.027088
0.028231
0.032667
0.011452
