41.013700
30.985100
52.792200
18.626000
39.785400
36.791700
19.296100
31.172100
32.025600
35.494100
41.136600
44.169200
33.748700
36.036600
27.718600
42.462500
38.579300
47.045400
35.729500
39.226900
44.640500
23.516200
26.419200
43.957000
45.595400
37.313600
36.262000
26.225600
32.444800
62.301400
26.181800
37.727600
37.506600
34.264500
34.336300
37.632500
46.113300
30.235500
51.813300
39.566200
37.294400
45.552600
37.196500
45.800500
40.583700
35.405200
34.081300
38.630500
49.936400
47.997400
26.146900
32.991400
46.455700
38.589800
37.145600
42.105300
28.189600
30.685900
54.179500
32.803300
36.038100
36.109900
30.544100
64.878200
24.229100
31.211800
26.194000
22.664200
46.079200
41.993400
44.827300
41.001500
32.710600
36.315900
50.142300
26.740700
40.937800
49.034100
47.206900
37.229100
27.519700
37.142200
46.626600
48.502100
49.247700
32.295900
40.176300
43.112900
48.412500
54.538300
48.412500
34.792600
31.583900
35.818400
53.413100
47.771000
60.336800
39.566100
44.075400
60.287300
