0.044133
0.123701
0.073117
0.102077
0.076186
0.097175
0.057962
0.092705
0.113120
0.115079
0.096489
0.112891
0.086169
0.097204
0.095379
0.092746
0.103260
0.063839
0.111264
0.097759
0.093529
0.079688
0.103873
0.090098
0.094575
0.125992
0.106976
0.084240
0.092656
0.150570
0.127949
0.080924
0.125706
0.120409
0.129261
0.102979
0.076345
0.097202
0.101552
0.129576
0.115972
0.138017
0.086703
0.088568
0.135558
0.174133
0.111080
0.136756
0.143927
0.199406
0.109628
0.144092
0.169488
0.145005
0.139965
0.144020
0.105796
0.109492
0.145857
0.139148
0.121234
0.159150
0.146692
0.084170
0.123627
0.108543
0.126078
0.107315
0.111137
0.101337
0.107105
0.113645
0.110924
0.107167
0.146239
0.188191
0.130156
0.140549
0.084931
0.120866
0.120139
0.141757
0.116278
0.225372
0.158449
0.101342
0.104895
0.132056
0.161999
0.124080
0.161999
0.146287
0.119885
0.136304
0.184969
0.138024
0.187720
0.138138
0.133348
0.147850
