-61.001400
-57.600400
-57.800800
-57.808400
-59.417700
-58.352200
-56.615000
-55.517900
-60.530300
-57.120600
-56.068600
-60.722600
-57.177500
-56.399000
-57.728500
-57.784000
-55.938500
-58.408500
-59.927000
-55.497100
-58.151700
-56.389800
-57.923400
-58.494700
-56.869300
-59.328000
-58.573000
-56.062500
-55.331300
-58.556100
-59.256800
-57.717900
-56.646300
-57.476400
-56.213400
-58.023000
-55.215500
-57.926600
-58.306100
-58.691500
-56.492500
-54.382700
-57.822700
-56.430600
-57.858000
-55.529600
-55.257600
-56.182700
-58.959300
-55.788400
-57.096600
-57.753000
-58.138400
-58.483100
-55.468800
-56.947900
-57.111500
-57.046300
-58.309400
-59.007400
-56.928300
-56.528000
-54.881000
-60.490200
-56.230100
-57.726300
-55.866500
-59.636300
-58.233800
-55.495700
-57.560900
-57.016300
-55.271600
-56.031700
-56.446500
-54.604500
-58.854700
-56.750400
-58.141400
-59.279100
-57.480700
-57.622400
-56.528600
-55.807800
-58.071800
-57.469100
-58.362500
-58.020700
-54.340500
-54.927400
-57.035200
-56.149900
-57.705800
-58.055000
-59.639000
-55.053200
-55.343200
-56.850000
-56.062500
-58.061700
