0.008546
0.004009
0.003559
0.001314
0.006433
0.001453
0.004226
0.002655
0.001556
0.003929
0.004405
0.003713
0.012083
0.002082
0.002305
0.002667
0.003436
0.001152
0.000823
0.000937
0.003199
0.000851
0.002352
0.002319
0.009120
0.003793
0.002690
0.000902
0.003964
0.001674
0.001247
0.001189
0.002618
0.001863
0.002283
0.003891
0.006022
0.001984
0.004302
0.004195
0.002275
0.002118
0.003747
0.001902
0.001002
0.003514
0.001011
0.001786
0.003323
0.001179
0.002108
0.004000
0.004365
0.002897
0.003233
0.005230
0.009897
0.004993
0.003412
0.003257
0.003056
0.004953
0.000745
0.003300
0.004877
0.004787
0.000982
0.000682
0.007470
0.005906
0.001561
0.005498
0.005498
0.001283
0.002409
0.001079
0.000934
0.001522
0.001055
0.000920
0.003056
0.001215
0.001078
0.004022
0.002197
0.000796
0.005412
0.000966
0.001007
0.001675
0.001608
0.001109
0.007248
0.005979
0.002945
0.005606
0.007741
0.000934
0.001664
0.005904
