41.013700
38.325000
39.413900
39.785400
32.025600
34.612400
38.182900
12.820400
50.448800
38.579300
38.546000
36.042600
44.032000
39.043900
44.169200
32.124900
36.036600
47.045400
25.874000
26.225600
45.035600
36.204300
39.154300
40.127200
62.301400
41.788900
44.411400
36.301700
30.680000
23.516200
39.566200
37.727600
37.632500
47.137700
45.552600
26.181800
33.298700
30.235500
32.931200
46.529400
34.517400
30.580600
35.405200
39.415800
51.813300
35.693200
37.196500
54.179500
47.997400
29.848200
38.037100
62.139600
36.109900
24.229100
28.189600
49.936400
32.803300
36.977700
32.307800
30.685900
64.878200
30.180800
44.094200
38.630500
50.100000
46.079200
43.316300
31.211800
37.815400
26.194000
22.664200
23.429600
33.977600
29.602700
36.315900
40.937800
26.740700
37.229100
42.881900
50.142300
49.034100
48.072200
33.916100
50.265800
49.247700
40.176300
42.749600
54.538300
43.112900
30.594300
41.907500
31.583900
34.792600
48.304300
35.435700
35.947600
60.336800
39.566100
36.301700
49.521300
