0.551054
0.197436
1.548500
0.236075
0.622449
0.864421
0.846957
0.651833
0.090351
0.400110
0.421595
0.375307
1.211377
0.432949
0.240822
0.359607
0.886979
0.538683
0.000000
0.235101
0.206036
0.000000
0.102979
0.200956
0.152131
0.168291
0.353473
0.360717
0.065065
0.794764
0.271155
0.355689
0.070577
0.359348
0.342883
0.643809
0.103169
0.222095
0.324885
0.058558
0.334678
0.577625
1.228409
0.000000
0.189808
0.099615
0.247097
0.382642
0.220953
0.731506
0.203102
0.167934
0.246614
0.354410
0.139410
0.225382
0.570156
0.199903
0.542593
0.091394
0.473259
0.283916
0.094694
0.296897
0.336105
0.132384
0.253046
0.738330
0.227216
0.557281
0.328337
0.320767
0.077251
0.624473
0.105759
0.087791
0.750017
0.655368
0.092080
0.482802
0.482783
0.477559
0.250547
0.623050
0.084310
0.296571
0.089641
0.456195
0.259688
0.745107
0.192496
0.080172
0.322937
0.254415
0.502013
0.089422
0.557480
0.230728
0.360717
0.123404
