0.005426
0.003935
0.000425
0.004370
0.004500
0.000350
0.003167
0.002421
0.000342
0.005490
0.000416
0.000327
0.000469
0.000441
0.005274
0.004347
0.004256
0.004611
0.000450
0.000343
0.002942
0.000463
0.000479
0.000246
0.003737
0.005654
0.003920
0.004552
0.005044
0.004068
0.006703
0.000429
0.000409
0.000580
0.000503
0.000392
0.000443
0.000252
0.000426
0.000329
0.000066
0.004706
0.000440
0.000345
0.002878
0.004034
0.003744
0.000695
0.000304
0.004106
0.000379
0.003736
0.000389
0.000312
0.000259
0.000278
0.002565
0.001956
0.004808
0.005220
0.000380
0.004473
0.000643
0.005140
0.002111
0.000413
0.000287
0.000458
0.000176
0.000249
0.000402
0.000464
0.000379
0.004828
0.002912
0.003916
0.003661
0.003233
0.000354
0.005268
0.000602
0.000544
0.003057
0.000160
0.004509
0.000251
0.000665
0.002774
0.000398
0.000167
0.000381
0.000162
0.003168
0.000149
0.000480
0.003948
0.000591
0.000333
0.000429
0.000580
