29.048100
30.472400
19.296100
9.967190
18.626000
30.985100
36.662000
31.172100
41.013700
26.265900
41.136600
39.043900
43.218600
33.748700
42.462500
38.579300
27.718600
38.546000
36.301700
41.788900
45.595400
34.208600
29.622400
37.250300
53.970300
28.941900
32.444800
39.154300
35.729500
38.220900
45.800500
37.632500
37.727600
39.566200
34.517400
46.529400
48.471100
40.211600
32.381600
25.891100
27.041600
32.931200
33.632100
26.181800
30.580600
33.298700
35.693200
49.936400
36.038100
54.763600
36.977700
36.109900
33.921200
54.179500
47.997400
47.372700
34.197200
30.544100
64.878200
34.952100
27.888800
36.195200
32.991400
59.169300
38.589800
32.710600
23.429600
53.414800
44.827300
29.118900
48.968800
46.729100
46.079200
42.881900
36.315900
46.626600
49.034100
27.519700
56.239100
37.229100
26.749100
37.142200
39.488000
48.502100
47.881500
35.312300
33.997600
30.594300
34.792600
60.287300
54.538300
48.412500
41.907500
53.413100
35.435700
47.771000
35.947600
48.172300
37.632500
39.566200
