0.087284
0.409691
0.394599
0.159330
0.205274
0.167790
0.303152
0.361738
0.052822
0.231814
0.349586
0.478040
0.372536
0.115429
0.190219
0.289673
0.067718
0.145349
0.272056
0.105263
0.220247
0.079357
0.265694
0.178275
0.211422
0.219446
0.251893
0.176292
0.246250
0.272591
0.094734
0.055600
0.210603
0.116690
0.251690
0.093221
0.121292
0.161345
0.191914
0.219859
0.180902
0.248596
0.084134
0.512005
0.274652
0.098204
0.144509
0.229095
0.084359
0.283448
0.133038
0.093268
0.115612
0.097833
0.168523
0.200815
0.257050
0.202107
0.184074
0.172069
0.162939
0.183264
0.495854
0.131857
0.305883
0.147467
0.179017
0.183576
0.177611
0.101425
0.078671
0.191189
0.084707
0.145110
0.070341
0.095268
0.315437
0.065129
0.232567
0.293148
0.204506
0.068554
0.061601
0.083825
0.189429
0.237469
0.180216
0.208626
0.156552
0.223893
0.182462
0.059551
0.246709
0.115009
0.072351
0.068994
0.047835
0.056960
0.055600
0.116690
