0.044076
0.025437
0.056570
0.037469
0.032538
0.047607
0.048737
0.049134
0.036129
0.042193
0.045467
0.041812
0.049081
0.044424
0.039555
0.038190
0.037773
0.027191
0.048852
0.049332
0.040624
0.039231
0.037433
0.048429
0.046060
0.037948
0.029465
0.048105
0.045069
0.036331
0.027924
0.036539
0.039331
0.039445
0.035168
0.029749
0.038769
0.020997
0.028336
0.045924
0.036167
0.045594
0.045626
0.036500
0.016812
0.033867
0.039062
0.029830
0.035456
0.040368
0.047590
0.039815
0.016026
0.038613
0.040485
0.046036
0.043449
0.048495
0.032667
0.046144
0.046435
0.036197
0.031392
0.050899
0.033736
0.031797
0.036186
0.040289
0.049011
0.028103
0.034870
0.015185
0.037975
0.014166
0.027608
0.070625
0.036423
0.024393
0.027222
0.024945
0.031715
0.032261
0.023390
0.028552
0.046030
0.022832
0.026271
0.018751
0.026203
0.050502
0.017662
0.018360
0.036398
0.046807
0.035067
0.024759
0.027088
0.028231
0.037773
0.039782
