582.000000
897.000000
1335.000000
582.000000
269.000000
885.000000
832.000000
141.000000
816.000000
1013.000000
409.000000
778.000000
757.000000
423.000000
1038.000000
712.000000
226.000000
890.000000
942.000000
230.000000
488.000000
29.000000
445.000000
784.000000
489.000000
253.000000
218.000000
124.000000
1130.000000
989.000000
207.000000
17.000000
217.000000
163.000000
423.000000
851.000000
12.000000
97.000000
945.000000
10.000000
722.000000
120.000000
266.000000
1112.000000
601.000000
229.000000
1247.000000
119.000000
576.000000
552.000000
298.000000
1198.000000
1219.000000
942.000000
598.000000
559.000000
665.000000
667.000000
1271.000000
548.000000
211.000000
513.000000
191.000000
1242.000000
37.000000
545.000000
803.000000
312.000000
515.000000
195.000000
769.000000
888.000000
643.000000
604.000000
1290.000000
595.000000
962.000000
92.000000
508.000000
938.000000
284.000000
206.000000
171.000000
597.000000
1320.000000
1247.000000
198.000000
1180.000000
230.000000
934.000000
309.000000
1181.000000
845.000000
1003.000000
531.000000
266.000000
627.000000
278.000000
226.000000
651.000000
