-57.464100
-57.808400
-60.530300
-58.292900
-57.800800
-57.600400
-55.517900
-57.040700
-56.361800
-56.399000
-57.177500
-58.953800
-59.390400
-58.330300
-58.816000
-57.120600
-58.408500
-57.784000
-56.391200
-57.238700
-56.869300
-58.409300
-54.100400
-56.438000
-56.608400
-56.588000
-59.328000
-55.000800
-58.556100
-54.826300
-55.257600
-58.181700
-59.038500
-57.037500
-58.011700
-55.215500
-57.674500
-59.256800
-56.213400
-54.382700
-58.023000
-56.646300
-57.822700
-55.529600
-57.914200
-57.858000
-59.636700
-59.007400
-58.744300
-57.931900
-58.208800
-57.046300
-61.348400
-57.923400
-58.297300
-56.182700
-58.138400
-55.468800
-59.063200
-56.528000
-58.209000
-56.705000
-58.483100
-55.591500
-59.335400
-57.230800
-58.998400
-56.444000
-55.025100
-58.663800
-58.233800
-56.503800
-55.974800
-56.031700
-57.622400
-56.900700
-56.446500
-59.279100
-56.528600
-57.480700
-55.840500
-59.253000
-54.604500
-57.469100
-59.118400
-56.861200
-58.859800
-58.020700
-57.764800
-56.149900
-57.035200
-57.705800
-57.880200
-56.618600
-58.055000
-58.261200
-55.053200
-56.459300
-55.938500
-57.899400
