0.009046
0.008455
0.010724
0.009387
0.009404
0.010386
0.007169
0.013070
0.008050
0.010711
0.008076
0.010004
0.009499
0.010779
0.009053
0.008847
0.009969
0.014350
0.010344
0.008963
0.011471
0.009261
0.009540
0.009713
0.008020
0.006811
0.008294
0.011974
0.007646
0.012606
0.008423
0.007305
0.007785
0.007468
0.011394
0.009482
0.009391
0.007460
0.013887
0.006194
0.011368
0.007708
0.010218
0.009775
0.010013
0.004177
0.004951
0.006271
0.009727
0.007967
0.007895
0.008013
0.005809
0.012370
0.010007
0.008223
0.010832
0.008793
0.006810
0.001273
0.010045
0.006257
0.009337
0.010053
0.010041
0.000834
0.006718
0.007895
0.008467
0.002753
0.005064
0.008560
0.009014
0.002674
0.003520
0.010534
0.010227
0.006024
0.006189
0.006876
0.006761
0.003074
0.008408
0.004763
0.007150
0.004413
0.007660
0.002122
0.006696
0.003391
0.004248
0.005208
0.003936
0.007536
0.001174
0.003806
0.008212
0.001713
0.009838
0.007232
