51.418600
38.841700
55.384700
35.753200
63.062700
64.410100
50.739900
60.470600
54.091600
54.368200
56.800500
53.010800
20.449900
45.149400
51.533800
47.184700
56.426200
38.913200
56.253300
53.434600
45.684700
43.639700
40.647900
48.257800
38.852100
54.313400
67.387500
56.175800
43.933600
61.465800
47.782800
28.071100
64.263300
29.438400
77.278600
39.462100
63.011500
46.855900
54.019300
34.994700
55.954100
65.405300
44.184300
62.794100
49.290700
49.897600
51.867900
57.749800
71.169900
56.101800
42.400900
57.320900
69.618800
42.714600
50.193600
49.928600
42.500600
29.155800
53.508500
27.853400
59.219100
23.949400
38.254000
53.102400
32.176000
25.521000
86.753400
37.980900
50.288100
39.763100
58.891100
83.015900
57.049200
36.049800
29.286500
37.996500
63.030100
66.515100
19.044400
55.706600
14.747700
68.298200
13.070300
75.658100
64.023400
49.950500
32.213200
71.620900
61.953200
47.055100
61.953200
36.623500
47.055100
19.278700
39.298300
32.917200
85.116300
38.980700
39.298300
49.950500
