0.092801
0.160002
0.102077
0.116018
0.074683
0.044133
0.171525
0.094510
0.086856
0.112145
0.122829
0.112891
0.063839
0.092746
0.097204
0.108701
0.128077
0.150961
0.088918
0.103873
0.125749
0.102552
0.071439
0.125992
0.097353
0.120299
0.115121
0.111264
0.124585
0.115264
0.115972
0.162182
0.120055
0.131414
0.117755
0.110632
0.095252
0.093152
0.076345
0.097294
0.092138
0.097202
0.116151
0.107439
0.174133
0.106811
0.121019
0.106529
0.136756
0.121002
0.139148
0.119259
0.169488
0.145005
0.121234
0.109628
0.109560
0.083783
0.139965
0.105796
0.146692
0.159545
0.103418
0.109492
0.118767
0.124307
0.166878
0.135749
0.110924
0.126078
0.111137
0.092146
0.108543
0.146239
0.107167
0.196372
0.120139
0.129073
0.141757
0.111130
0.164806
0.132607
0.065718
0.171190
0.181279
0.163532
0.104015
0.119885
0.124080
0.161999
0.124080
0.140418
0.161999
0.144043
0.163182
0.138024
0.175556
0.153837
0.163182
0.163532
