0.573553
0.794383
0.401877
0.197436
0.090351
0.551054
0.815914
0.651833
0.991818
0.375307
0.872954
0.240822
0.538683
0.265111
0.886979
0.239187
0.359607
0.000000
0.102979
0.226099
0.000000
0.380070
1.583880
0.240077
0.202567
0.353473
0.182454
0.233031
0.858376
0.206036
0.529975
0.352121
0.117489
0.207413
0.276453
0.058558
0.334678
0.342194
0.161585
0.359348
0.279980
0.222095
0.236863
0.297461
1.228409
0.103169
0.185615
0.199903
0.296897
0.331069
0.570156
0.206312
0.786341
0.656038
0.051963
0.337206
0.519732
0.283916
0.146926
0.139410
0.748523
0.462305
0.542593
0.091394
0.092840
0.077251
0.320510
0.791024
0.106308
0.557281
0.132384
0.055982
0.738330
0.482802
0.105759
0.244489
0.093176
0.356736
0.865813
0.203050
0.477559
0.371271
0.250547
0.934455
0.360649
0.285126
0.089641
0.080172
0.456195
0.326999
0.456195
0.745107
0.326999
0.563183
0.193907
0.053291
0.089422
0.415612
0.193907
0.285126
