43.044500
27.187200
54.091600
48.241900
38.841700
51.418600
51.194300
63.591200
50.739900
56.426200
54.368200
48.410200
38.732900
53.010800
47.184700
47.584100
52.103300
38.913200
49.561200
57.658400
48.257800
51.198300
10.536600
64.004300
51.096900
51.403400
32.859600
56.175800
38.852100
67.934500
110.872000
28.071100
72.473700
66.990200
44.184300
47.813700
47.782800
62.794100
55.954100
64.263300
43.912600
39.462100
63.011500
61.627700
50.866000
34.994700
30.943800
38.254000
69.618800
71.169900
50.627100
45.579900
42.500600
53.508500
23.949400
42.400900
59.653400
57.320900
46.088700
57.749800
77.290300
52.057100
59.219100
17.053800
31.895400
39.763100
36.803300
50.116900
53.347100
60.830100
52.156500
48.393000
50.915500
55.706600
36.049800
68.298200
51.670900
37.996500
63.676700
19.044400
45.610600
86.582900
25.425400
66.752300
72.306100
75.658100
74.445300
71.620900
47.055100
36.623500
61.953200
57.909200
56.193700
50.785800
61.287200
32.917200
63.847300
42.738700
77.278600
56.016100
