-0.389962
-0.341436
-1.050781
-1.228839
-0.392254
-0.438779
-1.008793
-0.466012
-0.550042
-0.063289
-0.218623
-0.068871
0.166873
-0.141897
-0.082026
0.085040
-0.016406
-0.197992
0.348469
0.599754
0.554349
0.423549
0.705726
0.163047
1.746456
0.474847
0.718024
0.994160
0.404228
0.405287
0.678516
1.279428
1.317612
1.082841
1.150798
1.320253
0.864734
0.733581
1.124122
1.053551
0.684213
1.404466
1.095636
3.166055
1.156987
0.927305
0.527643
1.539816
1.555895
1.469784
1.480845
1.788975
1.717285
1.047704
1.194183
1.752345
1.077076
1.678570
1.655208
1.510918
1.050393
2.807208
1.859847
1.126520
1.569786
2.418302
2.068630
2.021411
1.229439
2.043737
2.170797
3.457105
2.165909
1.440716
2.430654
1.721669
1.748354
2.289613
2.689370
1.786361
1.765569
2.492903
2.027685
2.516878
2.646078
2.529874
2.871707
2.825028
3.116171
3.381769
3.010667
3.249761
2.289007
2.979332
2.583919
3.186144
3.329139
3.851470
1.085098
0.455582
