-61.443700
-58.921900
-56.558100
-60.551600
-59.346100
-59.417700
-57.839800
-57.800800
-57.600400
-56.684700
-58.330300
-57.262200
-56.087000
-59.390400
-56.068600
-56.399000
-59.245600
-55.938500
-59.927000
-58.409300
-55.535200
-56.869300
-56.389800
-56.062500
-57.384000
-58.494700
-57.524800
-55.497100
-56.090000
-58.556100
-58.023000
-57.006100
-57.674500
-56.430600
-56.239600
-59.636700
-56.301900
-59.038500
-57.476400
-56.492500
-58.240400
-55.529600
-58.691500
-55.717800
-58.205500
-55.215500
-58.011700
-58.981800
-54.770900
-57.046300
-56.919800
-58.959300
-59.063200
-57.931900
-59.007400
-55.591500
-58.297300
-57.478900
-57.778300
-56.890600
-56.528000
-60.490200
-58.483100
-56.705000
-58.138400
-55.974800
-55.271600
-57.899400
-57.537800
-54.702600
-57.016300
-56.444000
-58.984500
-58.914800
-56.900700
-57.480700
-56.031700
-59.091100
-59.279100
-58.141400
-59.253000
-54.245600
-58.616700
-56.861200
-58.041500
-59.118400
-56.966100
-54.927400
-57.035200
-57.880200
-57.705800
-57.764800
-54.340500
-55.149100
-55.311600
-55.053200
-55.343200
-56.459300
-56.423800
-55.938500
