0.886504
0.764274
1.199350
0.785430
0.656789
0.548279
0.430305
0.546054
0.834204
0.515750
0.597808
0.792789
0.802716
0.570899
0.629857
0.391837
0.646351
0.747414
0.698501
0.713701
0.373010
0.435142
0.479737
0.813395
0.801517
0.722432
1.141840
0.517719
0.814171
0.629946
0.456384
0.795519
0.836427
0.640606
0.716300
0.784945
0.488331
0.921642
0.836457
0.213598
0.907811
0.671788
0.659977
0.792463
0.155552
0.687243
0.795029
0.648212
0.925858
0.700664
0.861303
0.697961
0.292935
0.657084
0.289897
0.708161
0.737116
0.915847
0.832509
0.747270
0.909076
0.745598
0.681380
0.714793
0.754488
1.104550
0.515469
0.673192
0.758477
1.002000
0.548970
0.743812
0.089404
1.164330
0.575872
0.584407
0.545540
0.404357
0.396148
0.826401
0.484620
0.759878
1.226460
0.759276
0.414880
1.012010
0.509100
0.647155
1.113130
1.429880
0.948789
0.533261
1.108260
1.426040
0.841696
0.670649
0.790499
0.792337
0.750254
0.747414
