0.001063
0.000439
0.000934
0.001152
0.006973
0.004870
0.003582
0.004953
0.003642
0.001201
0.002655
0.000902
0.005904
0.000966
0.001002
0.000940
0.003412
0.002959
0.001109
0.001312
0.009897
0.002845
0.000851
0.002275
0.001675
0.001404
0.002420
0.000430
0.002618
0.002118
0.002386
0.000920
0.006574
0.012083
0.004993
0.000731
0.003747
0.000687
0.002082
0.005383
0.003760
0.001575
0.004276
0.000823
0.008212
0.004999
0.001558
0.007310
0.003434
0.001011
0.001283
0.000959
0.000816
0.006941
0.000746
0.005368
0.003318
0.001943
0.006863
0.004607
0.000387
0.005498
0.004808
0.003392
0.003233
0.006478
0.003553
0.002208
0.002938
0.003026
0.006799
0.002358
0.003559
0.004925
0.004302
0.004692
0.001902
0.003713
0.001007
0.000972
0.001747
0.000601
0.003548
0.002127
0.003257
0.002942
0.003412
0.000745
0.006740
0.001147
0.007248
0.001247
0.004207
0.007470
0.001055
0.002075
0.003323
0.003929
0.002858
0.000894
