0.058769
0.054807
0.015899
0.077307
0.037469
0.036129
0.048689
0.049139
0.049134
0.049081
0.041812
0.043561
0.044062
0.041789
0.037472
0.041240
0.045467
0.038190
0.048105
0.031538
0.048852
0.030832
0.032737
0.046060
0.037433
0.048472
0.023016
0.042898
0.035675
0.032113
0.028336
0.039331
0.031761
0.043145
0.039062
0.047659
0.035333
0.041992
0.035442
0.033867
0.029565
0.039536
0.034486
0.033469
0.063561
0.038769
0.022349
0.029583
0.031392
0.046757
0.029830
0.043449
0.042984
0.008528
0.033980
0.048404
0.039815
0.047590
0.046036
0.036093
0.022494
0.035816
0.029827
0.050899
0.042257
0.030617
0.036178
0.034349
0.045550
0.028103
0.017532
0.031797
0.033757
0.024393
0.013695
0.024945
0.039026
0.070625
0.027222
0.048194
0.031715
0.023390
0.020249
0.028552
0.030827
0.018111
0.047443
0.018751
0.034328
0.011452
0.036398
0.017662
0.050502
0.046807
0.035067
0.028634
0.027088
0.039060
0.040645
0.038190
