0.003957
0.006567
0.038216
0.001819
0.007058
0.025430
0.078289
0.035331
0.008046
0.008440
0.005458
0.024434
0.038574
0.011269
0.038954
0.000029
0.029675
0.008204
0.002398
0.008147
0.010564
0.039677
0.091855
0.056010
0.203111
0.000292
0.023308
0.091901
0.039987
0.004331
0.067416
0.072459
0.116861
0.069550
0.023484
0.010234
0.491005
0.107476
1.463893
0.018430
0.251045
0.120693
0.030712
0.078218
0.116873
0.183240
0.028144
0.281916
0.120633
0.145120
0.372323
0.399054
0.256094
0.029752
0.138738
0.165029
0.025394
0.764081
0.096798
0.174747
0.017549
0.718967
0.118938
0.303058
0.014006
0.075706
0.387989
0.057091
0.451614
0.050669
0.288369
0.085280
0.066653
0.784898
0.702836
0.722032
0.011939
0.896909
0.079345
0.637064
0.324132
0.007892
0.232503
0.785407
0.252098
2.047195
0.220490
0.030822
0.694417
0.873871
0.239384
3.974983
0.762349
7.621147
1.649927
0.077403
0.752204
5.109369
0.025554
0.008204
