0.015899
0.058242
0.030530
0.056570
0.032538
0.047607
0.046096
0.044076
0.042583
0.038190
0.041240
0.038174
0.037472
0.045467
0.036765
0.027191
0.041812
0.031748
0.030832
0.048199
0.037948
0.031538
0.048852
0.037941
0.048472
0.023016
0.040624
0.040645
0.032113
0.038593
0.037992
0.047659
0.036539
0.020997
0.028336
0.045594
0.016812
0.033867
0.040325
0.033469
0.063561
0.048581
0.041416
0.034571
0.045924
0.027924
0.022349
0.046036
0.043449
0.048495
0.035456
0.008528
0.046144
0.029827
0.050899
0.047590
0.031392
0.048404
0.033736
0.046435
0.031281
0.016026
0.016863
0.032667
0.038613
0.048774
0.036178
0.022363
0.020900
0.030617
0.022761
0.036186
0.040289
0.049588
0.024393
0.045847
0.020249
0.024945
0.013695
0.014166
0.027608
0.070625
0.022776
0.023226
0.022832
0.026271
0.028552
0.026203
0.017662
0.017662
0.017662
0.018751
0.018360
0.008482
0.043287
0.027088
0.024759
0.039060
0.032113
0.019278
