0.010233
0.013070
0.007169
0.009046
0.002688
0.012124
0.009387
0.010724
0.009785
0.009838
0.010711
0.008076
0.010470
0.007763
0.008085
0.009969
0.010779
0.014350
0.011471
0.006811
0.008294
0.009261
0.007901
0.011605
0.009166
0.009319
0.009713
0.008536
0.007646
0.012606
0.010202
0.004951
0.007708
0.008858
0.011368
0.005488
0.010501
0.007403
0.004993
0.007038
0.006196
0.007305
0.013887
0.007958
0.007468
0.007195
0.011394
0.010998
0.004988
0.010045
0.007325
0.007967
0.007535
0.009337
0.006257
0.008535
0.009267
0.010053
0.009304
0.008223
0.006265
0.013074
0.006708
0.012370
0.004049
0.005772
0.008900
0.006718
0.005157
0.009014
0.006984
0.005064
0.007780
0.006761
0.007597
0.003711
0.008393
0.006876
0.010534
0.001688
0.012766
0.004126
0.010227
0.001449
0.004763
0.007702
0.004413
0.003391
0.006696
0.006696
0.006696
0.005920
0.002122
0.005689
0.001174
0.009039
0.003806
0.001713
0.007646
0.006189
