0.100318
0.111747
0.094510
0.073117
0.075992
0.092801
0.160002
0.074683
0.090832
0.097204
0.122740
0.083728
0.099648
0.108701
0.086169
0.063839
0.111489
0.128077
0.150570
0.103873
0.095099
0.107309
0.071439
0.111692
0.127762
0.124585
0.111264
0.097759
0.079688
0.107612
0.092138
0.117755
0.102979
0.116151
0.127949
0.121019
0.105033
0.095252
0.080924
0.082425
0.088568
0.144277
0.138017
0.093152
0.111080
0.104920
0.115972
0.137742
0.199406
0.145575
0.146692
0.159545
0.109628
0.123627
0.119259
0.144020
0.093381
0.143312
0.126259
0.145857
0.144092
0.139148
0.060880
0.133348
0.084170
0.111137
0.124307
0.139778
0.135749
0.166878
0.108836
0.144083
0.099128
0.136636
0.120139
0.129073
0.120098
0.140549
0.196372
0.084931
0.188191
0.141757
0.107167
0.101342
0.104895
0.158449
0.060144
0.119885
0.161999
0.161999
0.161999
0.140418
0.124080
0.138261
0.123360
0.187720
0.138024
0.153837
0.079688
0.065718
