0.009722
0.013070
0.008124
0.010233
0.009171
0.010724
0.008050
0.009785
0.008068
0.007262
0.010409
0.010779
0.009221
0.010470
0.010711
0.011172
0.008847
0.014350
0.008020
0.008975
0.008963
0.011965
0.011572
0.011547
0.008294
0.009788
0.006811
0.014497
0.008536
0.008004
0.006196
0.011368
0.010202
0.004874
0.008537
0.007708
0.008858
0.008710
0.007468
0.005687
0.007038
0.006956
0.009775
0.009581
0.007785
0.007175
0.009284
0.004049
0.006271
0.010007
0.008889
0.009337
0.006097
0.008793
0.007175
0.009167
0.004924
0.009267
0.010041
0.007895
0.006708
0.013074
0.007304
0.007535
0.011052
0.005157
0.007221
0.008560
0.006709
0.002753
0.007895
0.007232
0.000834
0.008408
0.002674
0.006876
0.006761
0.005877
0.010227
0.007597
0.006876
0.006025
0.004126
0.001449
0.007702
0.007660
0.003637
0.005920
0.002122
0.004248
0.003391
0.002122
0.006696
0.007536
0.007536
0.003806
0.008212
0.000247
0.003723
0.011965
