404.000000
654.000000
1242.000000
662.000000
1005.000000
582.000000
1185.000000
1045.000000
490.000000
226.000000
1024.000000
778.000000
749.000000
796.000000
759.000000
426.000000
1038.000000
192.000000
29.000000
676.000000
464.000000
762.000000
218.000000
430.000000
253.000000
1104.000000
794.000000
1229.000000
1032.000000
42.000000
294.000000
945.000000
111.000000
217.000000
113.000000
17.000000
97.000000
671.000000
10.000000
209.000000
1102.000000
497.000000
10.000000
1112.000000
583.000000
442.000000
851.000000
942.000000
224.000000
1198.000000
7.000000
765.000000
1301.000000
174.000000
322.000000
127.000000
214.000000
191.000000
616.000000
598.000000
864.000000
1219.000000
651.000000
548.000000
889.000000
1265.000000
256.000000
15.000000
844.000000
258.000000
545.000000
847.000000
618.000000
206.000000
637.000000
938.000000
1193.000000
88.000000
178.000000
92.000000
938.000000
962.000000
595.000000
936.000000
198.000000
210.000000
885.000000
1180.000000
1181.000000
568.000000
230.000000
1181.000000
309.000000
280.000000
280.000000
266.000000
611.000000
278.000000
983.000000
897.000000
