0.010623
0.010926
0.008849
0.013565
0.001556
0.007673
0.001062
0.000929
0.006052
0.010641
0.009414
0.013724
0.001040
0.011528
0.000817
0.013185
0.010868
0.013730
0.001230
0.010457
0.012219
0.011174
0.009000
0.012124
0.000858
0.009800
0.009826
0.001090
0.009733
0.011380
0.016756
0.000863
0.001099
0.001125
0.000980
0.001074
0.000824
0.000165
0.008710
0.001563
0.013486
0.001237
0.009361
0.009657
0.001228
0.011888
0.000918
0.012019
0.005983
0.011312
0.001148
0.001076
0.001810
0.015421
0.015856
0.000972
0.013050
0.000830
0.005279
0.012850
0.006640
0.001470
0.001325
0.006421
0.001739
0.001381
0.003650
0.001068
0.013934
0.016596
0.001144
0.000440
0.013389
0.007988
0.000789
0.009152
0.001504
0.009790
0.007279
0.008083
0.009152
0.013171
0.001361
0.013211
0.009648
0.010203
0.001662
0.006935
0.000953
0.007919
0.004775
0.000953
0.000405
0.005936
0.005936
0.009869
0.001476
0.006714
0.001545
0.000854
