0.002075
0.004167
0.001078
0.000940
0.001453
0.004405
0.004925
0.003182
0.000937
0.003642
0.002057
0.001953
0.003257
0.002358
0.000972
0.000439
0.005412
0.004363
0.004207
0.007741
0.008546
0.001314
0.001007
0.001575
0.002859
0.005075
0.002301
0.001215
0.000369
0.004692
0.002057
0.007954
0.003514
0.002276
0.000851
0.007674
0.007470
0.004999
0.001522
0.001664
0.006576
0.006583
0.004309
0.006740
0.008212
0.000894
0.001078
0.002592
0.002938
0.002118
0.005230
0.004259
0.002945
0.001240
0.001984
0.004365
0.001189
0.003548
0.003582
0.007248
0.006092
0.005498
0.000687
0.001055
0.002386
0.003199
0.001279
0.003127
0.004960
0.001863
0.004607
0.009897
0.000322
0.001561
0.000913
0.005734
0.006574
0.005873
0.001247
0.006302
0.002305
0.005606
0.002197
0.000865
0.002845
0.002655
0.001312
0.002667
0.001073
0.003056
0.002420
0.000430
0.005783
0.000934
0.000960
0.012801
0.002781
0.003176
0.000887
0.001786
