0.052616
0.048737
0.032538
0.030530
0.056570
0.049139
0.047607
0.043855
0.035062
0.038174
0.041789
0.044424
0.050626
0.039465
0.043561
0.037773
0.041812
0.036765
0.030976
0.048472
0.049332
0.032737
0.039231
0.037941
0.031538
0.048429
0.029465
0.046060
0.037450
0.048852
0.022349
0.042612
0.036167
0.016812
0.027924
0.041992
0.036539
0.035168
0.035333
0.031761
0.049325
0.034571
0.029749
0.037992
0.051587
0.047023
0.039445
0.036093
0.046757
0.052407
0.049368
0.042984
0.047590
0.033980
0.038613
0.035516
0.031281
0.040368
0.034956
0.008528
0.029583
0.036197
0.029827
0.029830
0.072568
0.039964
0.033757
0.039086
0.020900
0.039964
0.045550
0.015185
0.028103
0.024945
0.049588
0.024393
0.032261
0.045847
0.019278
0.039026
0.070625
0.034941
0.027222
0.030827
0.046030
0.056426
0.028552
0.011452
0.017662
0.034328
0.018360
0.018360
0.026203
0.031440
0.035067
0.027088
0.024759
0.028231
0.024272
0.041841
