36.662000
32.653900
49.521300
12.820400
52.792200
39.413900
36.353200
34.612400
39.785400
44.032000
50.019100
44.169200
35.494100
31.783000
42.626000
27.718600
26.265900
33.748700
36.262000
40.127200
28.941900
36.204300
44.640500
37.198900
38.220900
37.819500
30.680000
36.301700
35.909300
53.970300
37.294400
35.405200
32.931200
36.632500
32.381600
36.304600
37.632500
34.264500
42.949800
37.506600
44.496500
66.224900
30.235500
33.632100
34.336300
37.196500
39.566200
33.921200
36.977700
49.936400
28.189600
36.038100
42.105300
30.685900
64.878200
38.037100
32.991400
35.199100
32.327300
36.195200
34.952100
44.094200
24.229100
27.888800
50.100000
46.862900
46.729100
41.001500
40.261100
46.862900
35.876200
22.664200
32.710600
49.034100
26.749100
27.519700
40.937800
56.239100
33.916100
29.602700
37.142200
46.626600
50.142300
46.352300
47.881500
35.312300
42.588000
60.287300
48.412500
41.907500
54.538300
54.538300
31.583900
35.818400
53.413100
60.336800
47.771000
39.566100
32.444800
36.907900
