7.021312
5.486685
8.728976
9.867685
5.350748
5.333051
8.678304
11.389701
11.834490
11.416411
6.353721
5.069445
6.146863
6.658056
9.401812
5.686253
9.955097
10.134484
5.119741
9.626968
9.872544
7.087370
7.128016
5.029554
5.074523
8.373075
7.655398
7.279263
11.893283
7.927761
8.652397
7.672313
10.129066
6.725055
9.776967
9.810303
11.240862
5.255539
11.738666
9.810303
9.009488
12.938004
11.800550
10.336881
5.954946
7.285087
10.482204
8.858915
9.810303
12.250212
11.196456
6.380228
8.153711
5.395180
6.705581
10.580685
5.399514
9.201719
9.481984
7.077575
8.326711
10.455191
6.139843
8.329089
4.863122
12.237415
11.427935
7.895492
9.214133
5.255395
7.957275
6.936091
8.369188
4.728707
6.359674
4.621813
10.407604
6.918621
7.789998
7.427960
10.271554
7.858889
6.081395
5.075127
5.874781
6.961594
12.238956
4.851998
4.556535
5.636450
10.730723
6.028593
10.091621
12.845791
10.325067
11.988731
7.957275
10.737612
7.377004
12.589333
