0.101678
0.038216
0.015265
0.001819
0.197037
0.003117
0.002938
0.024074
0.057058
0.010628
0.008368
0.005458
0.003651
0.038574
0.017709
0.011269
0.038954
0.000029
0.025554
0.091901
0.020708
0.008147
0.045662
0.201557
0.096732
0.080742
0.019493
0.089942
0.036533
0.039677
0.009653
0.563140
0.251045
0.022316
0.571240
1.463893
0.434733
0.030712
0.114450
0.183240
0.078218
0.099513
0.004507
0.010234
0.083763
0.120693
0.001611
0.165029
0.081813
0.025394
0.372323
0.306832
0.718967
0.087390
0.010546
0.205215
0.145120
0.281916
0.055903
0.591668
0.020219
0.096798
0.118938
0.064514
0.079956
0.451614
0.348793
0.949667
0.057091
0.699714
0.360944
0.115127
0.795341
0.079345
0.232503
0.290639
0.722032
0.535591
0.034057
0.421334
0.011939
0.513671
0.637064
0.534361
0.252098
0.500157
0.099871
0.873871
1.593705
0.239384
3.974983
1.854881
0.932173
2.091044
7.621147
0.752204
10.302220
16.053053
0.473806
0.001819
