0.613854
0.546054
0.810504
0.834204
0.785430
0.770625
0.499531
0.636782
0.675808
0.597808
0.707563
0.732641
0.629857
0.646351
0.581415
0.846194
0.790757
0.391837
0.632023
0.750254
0.940776
0.281659
0.709370
1.141840
0.373010
0.852243
0.722432
0.497440
0.813395
0.785676
0.659977
0.613193
0.821058
0.524557
0.790571
0.671788
0.792463
0.695115
0.921642
0.634003
0.550586
0.836427
0.907811
0.838432
0.966678
0.514788
0.155552
0.657084
0.747270
0.737116
0.681380
0.660265
0.469438
0.745598
0.714793
0.289897
0.292935
0.909076
0.915847
0.832509
0.688839
0.735958
0.474072
0.186576
0.696640
0.758477
1.104550
0.779131
0.456520
0.456520
0.643475
0.725501
0.662309
0.812620
0.818118
0.575872
0.484620
1.164330
1.226460
0.336454
0.518935
0.795001
0.545540
0.492293
0.723412
0.543443
0.442529
0.603754
0.533261
0.533261
0.647155
0.385039
0.533261
0.640246
0.860698
0.790499
0.636181
0.753010
0.656789
0.396148
