0.004226
0.003257
0.003891
0.002057
0.001078
0.001314
0.002380
0.006583
0.007248
0.007954
0.003449
0.005734
0.002897
0.004405
0.001902
0.001063
0.005075
0.006574
0.004302
0.000878
0.001247
0.003026
0.000745
0.002239
0.000439
0.004365
0.003436
0.000484
0.001152
0.004207
0.002781
0.004207
0.001073
0.000858
0.004925
0.002655
0.006941
0.002283
0.004870
0.004877
0.002690
0.000940
0.005368
0.004640
0.004607
0.009120
0.003713
0.001556
0.000982
0.007674
0.008863
0.000322
0.004009
0.001312
0.005383
0.002075
0.008212
0.001863
0.005498
0.002966
0.003182
0.000966
0.000865
0.004292
0.001007
0.002942
0.002305
0.001215
0.004195
0.000387
0.000934
0.006069
0.003433
0.003275
0.001522
0.000851
0.004207
0.001179
0.002057
0.002618
0.002208
0.004960
0.001404
0.001147
0.001558
0.005606
0.003434
0.000894
0.003559
0.000866
0.002108
0.002358
0.006863
0.001055
0.001943
0.001786
0.003793
0.008546
0.003120
0.002667
