-1.228839
-0.520778
-1.264390
-0.537870
-0.550042
-0.552204
-0.392254
-0.732946
-0.590745
0.143108
-0.218623
-0.141897
0.085040
-0.082026
-0.105509
-0.063289
0.140084
-0.068871
0.099535
0.644868
0.413820
0.695316
0.579993
0.474713
0.312001
0.994160
0.348469
0.423549
1.746456
0.337602
1.404466
0.929254
1.810528
1.368782
1.290429
1.431360
1.073567
1.317612
1.177930
1.320253
0.897868
1.278496
0.625505
1.664462
0.527643
0.400856
0.854704
1.194183
2.055845
1.276581
1.405459
2.632879
1.047704
1.469784
1.678570
1.218818
1.444827
1.291533
1.077076
1.548759
1.232227
1.859847
1.480845
1.050393
1.299574
2.068630
2.156668
1.622664
1.428813
1.428813
3.457105
1.287413
2.946645
1.788006
2.270257
2.289613
1.721669
2.239467
2.609907
2.179478
1.765569
2.407766
2.492903
3.503873
3.644332
2.900802
1.835416
2.825028
3.116171
3.116171
3.381769
3.010667
3.116171
2.791803
3.119335
3.329139
3.186144
3.851470
-0.665826
2.430654
