0.035069
0.035331
0.057058
0.008046
0.001819
0.101678
0.001821
0.024074
0.042458
0.005458
0.003924
0.008386
0.038954
0.029675
0.002357
0.014305
0.135486
0.000029
0.089988
0.025554
0.134988
0.019493
0.020708
0.023308
0.010564
0.134909
0.000292
0.038382
0.056010
0.201557
0.030712
0.028873
0.322152
0.346678
0.114450
0.120693
0.078218
0.022316
0.107476
0.059633
0.010126
0.116861
0.251045
0.148512
0.083763
0.088421
0.116873
0.029752
0.174747
0.025394
0.118938
0.306832
0.087390
0.718967
0.303058
0.138738
0.256094
0.017549
0.764081
0.096798
0.037454
0.055903
0.765406
0.249126
0.159385
0.451614
0.075706
0.795341
0.115127
0.084470
0.006396
0.271127
0.138620
0.479386
0.535591
0.702836
0.324132
0.784898
0.232503
0.034057
0.421334
0.126786
0.011939
0.930036
0.534361
0.763855
0.109992
0.932173
1.593705
1.854881
0.030822
1.279449
3.974983
14.465038
0.845302
0.752204
10.302220
16.053053
0.007058
0.079345
