-56.768000
-57.808400
-57.839800
-58.584300
-58.292900
-61.443700
-57.464100
-55.517900
-56.558100
-57.120600
-57.262200
-58.330300
-56.399000
-58.953800
-57.177500
-57.784000
-58.408500
-59.390400
-56.920600
-59.499600
-58.409300
-55.000800
-58.494700
-56.869300
-56.588000
-56.112600
-59.927000
-56.608400
-57.757000
-58.151700
-59.636700
-59.893000
-56.285200
-57.476400
-56.821800
-57.674500
-55.215500
-58.306100
-58.205500
-58.181700
-55.257600
-56.430600
-57.717900
-57.675600
-57.858000
-57.914200
-57.822700
-56.182700
-57.778300
-54.881000
-59.063200
-58.138400
-55.788400
-58.380400
-57.478900
-56.928300
-58.104700
-57.931900
-58.209000
-58.744300
-56.705000
-56.436300
-56.528000
-61.348400
-58.297300
-55.974800
-57.537800
-57.284500
-58.501800
-57.542800
-57.899400
-57.016300
-58.998400
-57.681100
-54.245600
-58.616700
-57.480700
-58.854700
-56.528600
-54.735600
-54.604500
-55.840500
-56.446500
-58.041500
-58.859800
-58.071800
-57.494900
-56.149900
-58.020700
-54.340500
-57.035200
-54.927400
-57.764800
-58.816200
-57.220700
-55.343200
-58.261200
-56.459300
-57.816000
-57.926600
