0.161861
0.128097
0.169934
0.164694
0.165796
0.223165
0.201649
0.115043
0.210238
0.149091
0.193692
0.233088
0.129274
0.181358
0.201810
0.236351
0.186572
0.079895
0.206192
0.232870
0.168477
0.147321
0.185284
0.111869
0.224980
0.174312
0.238944
0.156346
0.183750
0.193550
0.221608
0.191377
0.163289
0.234311
0.221182
0.187284
0.169872
0.195821
0.307796
0.192516
0.238566
0.179124
0.209732
0.235237
0.129921
0.195592
0.180054
0.176519
0.233996
0.249020
0.248675
0.207565
0.228678
0.213293
0.174410
0.173831
0.195859
0.064433
0.266967
0.153913
0.193320
0.158764
0.148739
0.231387
0.223610
0.145350
0.252261
0.202113
0.221316
0.228958
0.236506
0.180453
0.175432
0.220170
0.199295
0.208448
0.206136
0.275473
0.244279
0.183075
0.211527
0.275949
0.268047
0.214774
0.236267
0.233534
0.169268
0.245675
0.261265
0.249866
0.261319
0.249149
0.267969
0.179669
0.236606
0.237393
0.300513
0.261304
0.293452
0.232551
