0.303152
0.103507
0.361738
0.125524
0.409691
0.167790
0.272104
0.356057
0.087284
0.289673
0.327394
0.231814
0.478040
0.182517
0.349344
0.354240
0.465809
0.511274
0.328158
0.178275
0.272591
0.220247
0.208686
0.095383
0.419027
0.168281
0.054547
0.185379
0.251893
0.159673
0.186833
0.219859
0.066775
0.071394
0.139075
0.182010
0.098204
0.248596
0.094734
0.208164
0.255193
0.034862
0.210603
0.121292
0.138373
0.228526
0.192726
0.097833
0.092293
0.086029
0.084359
0.093268
0.206227
0.106653
0.068309
0.184074
0.202107
0.183264
0.200815
0.309438
0.257050
0.272227
0.100989
0.170630
0.294214
0.083128
0.093182
0.078671
0.253760
0.088040
0.177611
0.179017
0.239164
0.273570
0.107238
0.221326
0.315437
0.180797
0.073381
0.232567
0.136801
0.204506
0.070341
0.142475
0.154729
0.076672
0.082194
0.135254
0.182462
0.124419
0.246709
0.208626
0.059551
0.200342
0.064768
0.096234
0.068994
0.056960
0.102881
0.120858
