9.380418
7.927761
9.650485
6.936091
11.073689
5.874781
6.155465
6.059407
6.656102
10.336881
8.990820
10.580685
6.972896
6.705581
5.954946
5.775764
6.363538
7.198592
5.686253
7.427960
5.652655
9.867685
7.672313
11.240862
6.959389
10.325067
11.977048
5.636450
6.359674
9.947666
8.326711
10.728152
5.477625
5.395180
9.875588
7.624160
13.420757
6.226895
11.041574
9.781793
7.469688
7.891559
9.810303
5.386679
5.350748
5.177332
8.858915
7.306707
7.377004
4.682472
7.261119
7.128016
11.539215
7.539873
11.800550
10.728152
7.821324
7.793612
10.405931
7.006009
6.982587
12.644636
11.450475
11.416411
6.373147
9.481984
9.737029
9.430102
11.478767
8.981745
5.119741
8.182256
6.380228
9.955097
7.302547
6.937847
12.380869
7.895492
6.918621
7.397742
9.727181
10.271554
5.110193
4.892558
9.443026
4.863122
12.589333
10.407604
8.168036
11.893283
8.329089
8.424412
4.723042
10.118458
9.058059
8.369188
7.894816
10.129066
8.678304
5.856182
