0.042583
0.049139
0.044076
0.043778
0.046096
0.052616
0.048737
0.036129
0.048689
0.038190
0.039555
0.038174
0.044424
0.037472
0.043561
0.041812
0.030490
0.042193
0.037433
0.040877
0.029465
0.040624
0.037450
0.037948
0.048472
0.032113
0.046060
0.048429
0.038593
0.048105
0.035168
0.039536
0.049325
0.035333
0.043145
0.041992
0.051587
0.042612
0.039062
0.039445
0.037992
0.029749
0.016812
0.040325
0.029565
0.039331
0.045594
0.048404
0.043449
0.072568
0.035456
0.022494
0.052407
0.050899
0.033980
0.035516
0.029583
0.038613
0.046144
0.048495
0.020523
0.016863
0.046757
0.036093
0.039782
0.015185
0.033353
0.022761
0.037975
0.034349
0.040289
0.036186
0.048774
0.070625
0.027608
0.045847
0.024945
0.048194
0.039026
0.027222
0.032261
0.013695
0.034941
0.030827
0.028552
0.028340
0.046030
0.017662
0.018360
0.018360
0.036398
0.050502
0.011452
0.046807
0.020646
0.024759
0.028634
0.039060
0.024393
0.042257
