38.182900
39.413900
50.448800
19.296100
30.472400
36.662000
32.653900
32.025600
31.172100
36.036600
38.579300
44.032000
44.169200
38.546000
42.626000
26.265900
36.042600
31.423500
37.313600
43.957000
30.680000
35.729500
35.909300
41.788900
40.127200
23.516200
36.301700
37.819500
34.208600
25.874000
34.264500
35.693200
44.496500
42.949800
39.415800
36.304600
34.336300
35.405200
40.985700
39.566200
33.632100
30.235500
36.632500
37.727600
40.211600
46.113300
38.249900
54.763600
47.997400
50.100000
30.544100
30.180800
49.936400
34.197200
30.685900
38.037100
34.952100
64.878200
26.146900
47.372700
38.589800
29.848200
36.977700
33.921200
37.145600
22.664200
41.993400
29.118900
31.211800
44.827300
43.316300
37.815400
46.079200
37.142200
26.740700
56.239100
49.034100
42.881900
29.602700
50.142300
40.937800
38.469800
46.626600
46.352300
42.588000
48.502100
47.881500
48.412500
54.538300
54.538300
34.792600
43.112900
60.287300
48.437200
40.500300
47.771000
35.947600
48.172300
27.519700
36.109900
