4.000000
4.000000
3.000000
4.500000
4.500000
2.000000
1.500000
4.000000
4.000000
9.500000
8.500000
8.500000
8.500000
9.500000
9.500000
10.000000
8.000000
6.500000
15.000000
11.500000
12.500000
13.500000
15.000000
12.500000
13.000000
12.500000
15.000000
12.500000
11.500000
13.500000
17.000000
17.000000
15.500000
20.000000
16.500000
19.500000
18.000000
17.500000
15.500000
18.500000
19.500000
19.500000
16.000000
15.500000
17.000000
15.500000
18.000000
24.000000
24.000000
23.000000
23.000000
20.500000
20.500000
22.500000
21.500000
20.500000
24.000000
22.500000
20.500000
24.000000
21.000000
20.500000
21.000000
21.000000
21.500000
27.500000
27.000000
25.500000
29.500000
25.500000
26.500000
28.000000
25.500000
32.500000
33.500000
32.000000
32.000000
32.000000
31.000000
30.500000
32.500000
34.000000
31.000000
36.500000
36.500000
38.500000
40.000000
43.500000
41.500000
41.500000
41.000000
42.000000
40.500000
46.000000
49.000000
53.500000
51.000000
56.000000
31.500000
22.000000
