-0.829913
1.399941
0.006103
1.016948
1.458619
0.590085
1.102857
0.673782
1.175920
0.369058
1.138805
1.123858
1.316243
-0.194084
1.105449
0.067629
0.549579
-0.360169
-0.083040
0.015351
0.139380
0.746560
-0.625879
0.193219
0.306678
-0.409666
0.806873
-0.955441
-0.048682
-0.542966
0.141989
-0.525729
0.298023
0.304811
-1.129666
0.646303
-0.454473
0.376336
0.718144
-0.126043
-0.413929
-0.105641
0.602426
0.652516
0.305419
-0.027709
-0.031557
0.610869
0.250469
-0.243234
0.302335
0.463532
0.300986
0.529227
-0.143231
-0.370728
0.043059
0.274888
0.361294
0.306064
0.673372
0.324373
-0.325151
-0.336706
0.807236
0.581362
-0.121593
-0.316823
0.085611
0.283785
0.545775
-0.269494
0.104804
-0.242807
0.167502
2.232083
0.884514
0.166625
0.168257
-0.218070
-0.087644
0.442581
-0.359993
0.193237
0.130047
0.269347
0.242540
-0.250009
0.376854
0.376854
-0.112487
0.093974
0.656081
2.074612
-0.207791
-0.113292
-0.191686
-0.103141
-0.335912
-0.281508
