0.205274
0.361738
0.394599
0.198940
0.070599
0.052822
0.167790
0.251016
0.125524
0.494508
0.478040
0.202583
0.354240
0.190219
0.380063
0.372536
0.289673
0.511274
0.251893
0.147317
0.105263
0.246250
0.237407
0.220247
0.079357
0.159673
0.054547
0.419027
0.328158
0.177947
0.120858
0.055600
0.293370
0.186833
0.161345
0.191914
0.144509
0.141947
0.138373
0.105026
0.114485
0.285462
0.251690
0.139075
0.181654
0.071394
0.210603
0.200815
0.084359
0.111167
0.229095
0.086029
0.133038
0.202107
0.172069
0.283448
0.068309
0.172752
0.093268
0.147225
0.162939
0.272227
0.072849
0.279675
0.305883
0.088040
0.291010
0.156793
0.191189
0.130674
0.083128
0.101425
0.179017
0.180883
0.070341
0.068554
0.075126
0.293148
0.221326
0.107238
0.204506
0.073381
0.273570
0.076672
0.047410
0.115553
0.250090
0.156552
0.059551
0.223893
0.182462
0.208626
0.246709
0.457842
0.076089
0.096234
0.047835
0.153879
0.202107
0.100989
