-58.061700
-59.533700
-58.292900
-59.346100
-60.551600
-56.339100
-55.517900
-61.443700
-58.584300
-57.120600
-55.891100
-57.784000
-58.408500
-57.262200
-56.684700
-57.728500
-59.390400
-57.287000
-56.389800
-56.423800
-59.927000
-55.535200
-57.384000
-59.892500
-59.328000
-56.869300
-57.772900
-58.494700
-56.043600
-56.588000
-57.822700
-57.037500
-59.038500
-56.082200
-56.646300
-57.717900
-58.181700
-56.213400
-58.798600
-55.717800
-56.821800
-56.492500
-57.878100
-58.240400
-59.893000
-59.256800
-58.306100
-57.096600
-59.063200
-58.959300
-58.138400
-56.230100
-57.478900
-55.788400
-58.309400
-57.046300
-55.591500
-56.890600
-58.104700
-58.981800
-58.380400
-56.928300
-59.335400
-58.209000
-56.705000
-57.726300
-59.277500
-57.230800
-57.560900
-58.998400
-58.233800
-55.025100
-58.663800
-58.914800
-58.144700
-57.622400
-57.480700
-54.735600
-58.854700
-55.840500
-59.253000
-56.900700
-56.031700
-58.859800
-59.118400
-57.494900
-55.213900
-57.764800
-57.705800
-56.149900
-54.340500
-58.020700
-54.927400
-57.220700
-55.149100
-58.261200
-55.053200
-56.459300
-60.722600
-57.076500
