0.003120
0.004365
0.005810
0.001608
0.001215
0.002016
0.009897
0.006478
0.001953
0.002305
0.001078
0.002183
0.003793
0.000894
0.008212
0.002690
0.004960
0.001556
0.005412
0.002239
0.004207
0.002057
0.004877
0.001063
0.003433
0.002118
0.001461
0.001786
0.001988
0.001109
0.007954
0.003434
0.002420
0.003176
0.006814
0.006433
0.008546
0.003747
0.000731
0.002108
0.004309
0.003392
0.001126
0.004574
0.002276
0.004022
0.004292
0.001433
0.001943
0.005230
0.004925
0.006302
0.004999
0.002592
0.000934
0.001453
0.005734
0.000866
0.000439
0.006236
0.002938
0.002858
0.000387
0.002945
0.000796
0.001135
0.000902
0.003233
0.007687
0.001002
0.000851
0.000745
0.002655
0.000816
0.002897
0.001079
0.001984
0.004000
0.003199
0.012083
0.004858
0.002082
0.003056
0.002208
0.004607
0.004405
0.000937
0.002959
0.005368
0.004276
0.006574
0.003275
0.002781
0.003026
0.003929
0.006941
0.001723
0.006249
0.001073
0.007674
