49.521300
32.653900
30.472400
18.626000
15.164900
36.353200
12.820400
30.985100
36.791700
38.579300
41.136600
32.124900
47.045400
42.626000
43.218600
44.169200
50.019100
33.748700
36.204300
39.226900
25.874000
53.970300
37.313600
28.941900
41.788900
62.301400
32.490000
40.127200
37.198900
26.419200
35.405200
34.081300
36.304600
44.496500
37.632500
37.727600
35.734200
45.552600
27.041600
30.411200
34.336300
34.517400
40.583700
40.211600
25.891100
39.566200
32.931200
38.037100
36.038100
47.997400
36.109900
50.100000
42.105300
29.848200
32.307800
36.977700
54.763600
33.921200
30.544100
34.952100
28.236500
64.878200
38.589800
47.372700
34.197200
46.079200
40.379500
46.862900
22.664200
37.557800
37.815400
41.001500
41.993400
27.519700
46.626600
48.072200
49.034100
56.239100
26.740700
26.749100
39.488000
38.469800
29.602700
39.481200
23.090000
32.295900
33.997600
48.412500
34.792600
31.583900
43.112900
54.538300
30.594300
35.980100
48.437200
47.771000
35.947600
48.172300
36.042600
47.881500
