0.123404
1.429099
0.794383
0.401877
0.815914
0.573553
0.651833
0.421279
0.678953
0.400110
0.952438
0.359607
0.538683
0.538433
0.872954
0.240822
0.000000
0.227193
0.000000
0.430372
0.000000
1.583880
0.240077
0.274919
0.168291
0.152131
0.109984
0.200956
0.059864
0.226099
1.228409
0.201245
0.398584
0.186661
0.070577
0.355689
1.158579
0.342883
0.352121
0.347311
0.210109
0.334678
1.170670
0.207413
0.236863
0.271155
0.324885
0.203102
0.051963
0.220953
0.246614
0.336105
0.000000
0.731506
0.542593
0.199903
0.684350
0.092840
0.748523
0.519732
0.101455
0.473259
0.656038
0.124981
0.206312
0.132384
0.155561
0.550327
0.328337
0.686975
0.227216
0.102837
0.071760
0.093176
0.082555
0.477559
0.482783
0.356736
0.750017
0.555882
0.371271
0.244489
0.624473
0.285126
0.103284
0.334481
0.389319
0.326999
0.322937
0.080172
0.259688
0.456195
0.745107
0.386341
0.563183
0.053291
0.089422
0.415612
0.375307
0.360649
