0.000372
0.005236
0.000350
0.000342
0.004500
0.000257
0.000579
0.004090
0.000389
0.003813
0.003098
0.004485
0.005490
0.000316
0.004003
0.005274
0.000387
0.003766
0.003600
0.005044
0.003737
0.002855
0.000284
0.000479
0.003930
0.002942
0.000400
0.004208
0.003920
0.000450
0.001554
0.003721
0.003744
0.000365
0.000440
0.000580
0.005177
0.004706
0.005395
0.004354
0.000450
0.000066
0.000393
0.000495
0.000542
0.001561
0.000443
0.004250
0.000695
0.006168
0.000332
0.004525
0.000278
0.000389
0.004473
0.002565
0.006342
0.000724
0.000530
0.000147
0.009218
0.004125
0.000434
0.000380
0.000270
0.000383
0.000243
0.000287
0.003370
0.004236
0.000552
0.003464
0.005356
0.000544
0.003661
0.003364
0.005268
0.000205
0.004828
0.003916
0.000602
0.002912
0.003057
0.000160
0.000253
0.003859
0.000310
0.002774
0.000162
0.003168
0.000398
0.000162
0.000162
0.002375
0.002375
0.000684
0.000591
0.000333
0.000162
0.003515
