-56.615000
-59.533700
-61.443700
-61.001400
-59.346100
-58.061700
-57.800800
-59.417700
-58.352200
-58.408500
-59.390400
-58.953800
-58.330300
-57.987200
-55.938500
-56.087000
-57.177500
-60.722600
-56.391200
-56.438000
-55.535200
-56.043600
-56.112600
-57.524800
-56.588000
-55.000800
-57.384000
-58.159400
-57.757000
-56.062500
-55.257600
-56.213400
-55.529600
-57.914200
-54.420600
-59.256800
-58.181700
-58.306100
-55.717800
-56.430600
-57.006100
-58.798600
-58.011700
-56.082200
-57.822700
-57.858000
-57.675600
-58.309400
-56.947900
-55.468800
-54.770900
-58.297300
-58.209000
-56.890600
-57.931900
-56.705000
-57.753000
-56.230100
-56.436300
-57.923400
-57.478900
-61.348400
-54.881000
-56.919800
-57.778300
-59.636300
-55.974800
-57.016300
-58.998400
-59.277500
-58.501800
-55.271600
-57.230800
-59.091100
-57.480700
-56.528600
-56.750400
-58.616700
-58.141400
-58.144700
-55.840500
-56.446500
-59.253000
-55.476400
-57.469100
-58.071800
-58.041500
-54.927400
-57.764800
-57.035200
-57.705800
-57.764800
-57.764800
-56.618600
-56.618600
-55.343200
-55.053200
-56.459300
-57.764800
-57.560900
