38.182900
32.653900
30.985100
41.013700
18.626000
49.521300
39.413900
32.025600
34.612400
47.045400
50.019100
35.494100
26.265900
31.783000
36.036600
42.462500
44.032000
36.042600
35.726600
35.729500
53.970300
37.198900
43.957000
29.622400
26.419200
45.595400
37.313600
37.819500
32.444800
36.301700
37.196500
45.552600
35.693200
34.264500
33.632100
39.566200
35.734200
32.931200
30.411200
39.415800
46.113300
27.041600
37.294400
44.496500
35.405200
51.813300
48.471100
32.307800
49.936400
28.189600
43.637400
36.475500
47.372700
33.921200
36.195200
34.197200
62.139600
50.100000
37.145600
44.075400
42.105300
35.199100
44.094200
27.888800
50.748700
31.211800
40.275000
23.429600
37.557800
40.379500
40.261100
33.977600
46.862900
37.142200
49.034100
33.916100
37.229100
45.699000
42.881900
46.626600
26.749100
36.315900
39.488000
48.502100
40.176300
49.247700
46.352300
30.594300
48.412500
41.907500
34.792600
48.412500
48.412500
40.500300
40.500300
60.336800
35.947600
48.172300
48.412500
22.664200
