0.070599
0.339696
0.167790
0.052822
0.205274
0.049070
0.391251
0.250225
0.246202
0.465809
0.511274
0.182517
0.231814
0.380063
0.282441
0.190219
0.349344
0.253167
0.278372
0.246250
0.211422
0.108686
0.168281
0.265694
0.419027
0.220247
0.128636
0.058441
0.251893
0.272056
0.255193
0.141947
0.144509
0.228526
0.084134
0.116690
0.208164
0.248596
0.161507
0.034862
0.143147
0.180902
0.099051
0.219377
0.192726
0.138373
0.121292
0.147225
0.229095
0.103579
0.072849
0.294214
0.200815
0.115612
0.183264
0.257050
0.119972
0.084076
0.272227
0.132860
0.068309
0.170630
0.086029
0.162939
0.092293
0.098899
0.083128
0.179017
0.239164
0.099786
0.253760
0.122501
0.246789
0.068554
0.315437
0.073381
0.293148
0.221326
0.145110
0.095268
0.204506
0.070341
0.061601
0.083825
0.250090
0.076672
0.142475
0.208626
0.059551
0.246709
0.156552
0.059551
0.059551
0.076089
0.076089
0.096234
0.047835
0.056960
0.059551
0.291010
