0.006103
0.035069
0.003957
0.197037
0.007058
0.101678
0.035331
0.025430
0.057058
0.001253
0.011269
0.002357
0.005458
0.010628
0.008204
0.038574
0.007097
0.003924
0.036533
0.134909
0.010564
0.201557
0.080742
0.023308
0.003164
0.004955
0.203111
0.134988
0.018507
0.056010
0.009653
0.178936
0.120693
0.010126
0.434733
0.346678
0.004507
0.001611
0.078218
0.069550
0.072459
0.103163
0.028144
0.022316
0.028873
0.088421
0.076284
0.272752
0.159385
0.083835
0.120633
0.025394
0.205215
0.174747
0.029752
0.303058
0.064514
1.085921
0.087390
0.249126
0.764081
0.013242
0.765406
0.372323
0.096798
1.548992
0.075706
0.288369
0.699714
0.038018
0.360944
0.387989
0.084470
0.896909
0.722032
0.916361
0.421334
0.232503
0.637064
0.535591
0.252829
0.126786
0.324132
0.109992
1.342911
0.534361
0.252098
0.030822
1.593705
0.694417
0.239384
1.854881
3.974983
4.426157
14.465038
0.752204
0.077403
5.109369
1.593705
0.949667
