0.846957
1.429099
0.421279
0.551054
0.401877
0.123404
1.548500
0.622449
0.864421
0.538683
0.000000
0.079759
0.235216
0.852289
0.886979
0.265111
1.211377
0.375307
0.403306
0.233031
1.583880
0.059864
0.115171
0.858376
0.226099
0.454108
0.240077
0.000000
0.449987
0.360717
0.247097
0.342883
0.099615
0.485426
0.279980
0.271155
1.158579
0.324885
0.347311
0.000000
0.161585
0.352121
0.529975
0.186661
1.228409
0.189808
0.562552
0.542593
0.225382
0.139410
0.195196
1.329068
0.124981
0.092840
0.462305
0.206312
0.167934
0.336105
0.146926
1.037456
0.000000
0.231447
0.094694
0.331069
0.051684
0.738330
0.320510
0.320767
0.686975
0.155561
0.791024
0.077251
0.550327
0.865813
0.482783
0.250547
0.655368
1.128434
0.092080
0.082555
0.555882
0.105759
0.371271
0.094269
0.296571
0.084310
0.153801
0.745107
0.326999
0.192496
0.322937
0.326999
0.326999
0.193907
0.193907
0.557480
0.089422
0.415612
0.326999
0.328337
