0.042583
0.077307
0.047607
0.052616
0.058769
0.043778
0.050950
0.044076
0.056570
0.031748
0.050626
0.038190
0.041789
0.030490
0.037773
0.045310
0.041812
0.037472
0.030976
0.037433
0.040645
0.035675
0.040877
0.023016
0.049332
0.038593
0.039405
0.037866
0.032737
0.048472
0.045924
0.033867
0.038769
0.045626
0.035168
0.041416
0.027924
0.036167
0.036500
0.015612
0.035442
0.041992
0.039062
0.036539
0.028336
0.047023
0.040325
0.046757
0.072568
0.031392
0.039815
0.032667
0.039782
0.036197
0.040485
0.032391
0.048404
0.042984
0.031281
0.022494
0.035516
0.020523
0.040368
0.029583
0.042257
0.017532
0.022363
0.033353
0.039964
0.034870
0.039964
0.036186
0.038253
0.020249
0.031715
0.027222
0.031257
0.034941
0.032261
0.027608
0.048194
0.070625
0.045847
0.021925
0.056426
0.030827
0.018111
0.017662
0.034328
0.017662
0.050502
0.018360
0.011452
0.031440
0.035067
0.027088
0.028634
0.028231
0.036093
0.039465
