0.090832
0.171525
0.092801
0.086856
0.123701
0.057962
0.097175
0.074683
0.073117
0.128077
0.115079
0.097204
0.150961
0.112145
0.095379
0.096489
0.111489
0.099648
0.106976
0.125992
0.097759
0.102552
0.090098
0.124585
0.160091
0.107612
0.118599
0.088918
0.099271
0.127762
0.111080
0.095252
0.106811
0.101552
0.120409
0.138017
0.104920
0.099860
0.135558
0.162182
0.097294
0.123620
0.107439
0.102979
0.127949
0.086703
0.080924
0.106529
0.185947
0.093381
0.145187
0.133348
0.139965
0.131418
0.134088
0.169488
0.143312
0.121234
0.144092
0.083783
0.114051
0.145005
0.171120
0.109560
0.159150
0.106795
0.139778
0.101337
0.074846
0.126078
0.074846
0.144083
0.113999
0.120098
0.132607
0.146239
0.164806
0.116278
0.130156
0.188191
0.150022
0.141757
0.129073
0.163532
0.171190
0.153907
0.116243
0.161999
0.121587
0.161999
0.132056
0.124080
0.147850
0.136304
0.184969
0.187720
0.175556
0.138138
0.118767
0.104543
