-58.061700
-61.001400
-55.517900
-59.417700
-57.600400
-56.558100
-56.361800
-59.533700
-57.040700
-57.177500
-56.399000
-58.953800
-58.418600
-58.330300
-55.938500
-57.287000
-58.408500
-55.891100
-54.100400
-58.151700
-58.409300
-56.043600
-56.423800
-55.497100
-57.772900
-58.556100
-56.438000
-56.588000
-55.331300
-59.892500
-57.037500
-54.382700
-58.011700
-56.082200
-56.285200
-59.636700
-58.205500
-57.878100
-57.476400
-58.240400
-57.914200
-59.886600
-55.717800
-57.822700
-54.420600
-56.213400
-56.239600
-58.209000
-54.770900
-58.483100
-57.046300
-57.923400
-58.309400
-56.928300
-57.588100
-58.744300
-55.788400
-56.919800
-57.753000
-57.096600
-60.490200
-56.436300
-57.656500
-61.348400
-56.230100
-57.560900
-55.025100
-59.636300
-56.444000
-57.230800
-57.899400
-58.501800
-59.277500
-56.528600
-59.279100
-57.480700
-58.616700
-54.735600
-58.914800
-59.253000
-58.144700
-54.604500
-58.141400
-57.469100
-55.476400
-55.807800
-58.859800
-54.927400
-57.764800
-57.705800
-57.880200
-57.035200
-58.020700
-58.816200
-56.618600
-55.053200
-58.261200
-56.459300
-58.138400
-57.040700
