13.268091
4.723042
7.712887
7.637112
4.897411
10.274410
8.478357
5.636450
5.954946
5.172858
7.858889
10.407604
11.834490
8.888836
7.672313
8.728976
4.630988
7.655398
6.359674
6.216455
11.416411
9.469039
10.737612
5.110193
6.932410
9.401812
9.737029
7.559746
7.427960
11.191626
6.363538
8.678304
6.353721
12.380869
7.589254
7.690555
9.947666
10.405931
13.420757
6.918621
5.486685
11.478767
5.255539
6.196937
10.118458
7.496819
7.539873
4.728707
11.977048
10.134484
6.936091
12.197312
7.427960
11.800550
10.328406
10.140659
9.054379
4.863122
9.955097
13.112511
8.981745
8.329089
5.652655
5.055773
9.781793
7.894816
8.373075
8.153711
6.679742
7.261119
5.350748
12.644636
8.326711
5.069445
8.177497
8.652397
10.271554
5.477625
5.177332
5.395180
10.728152
5.614474
9.456664
6.715289
12.237415
8.858915
5.075127
9.810303
7.821324
9.727181
5.490753
6.972896
5.255395
6.146863
7.789998
10.491412
6.277914
6.394613
7.469688
9.867685
