0.000484
0.005606
0.002239
0.004787
0.004574
0.000369
0.004363
0.006249
0.003559
0.003233
0.001575
0.001055
0.001007
0.004000
0.006302
0.003760
0.007310
0.005979
0.002118
0.004692
0.000937
0.002845
0.001201
0.003182
0.005906
0.001152
0.002276
0.003127
0.001283
0.001675
0.007248
0.001461
0.001863
0.000972
0.006236
0.004302
0.002305
0.001561
0.000430
0.003785
0.002667
0.001109
0.009740
0.002183
0.000865
0.001997
0.004993
0.006576
0.001287
0.001240
0.004276
0.001279
0.001283
0.000966
0.002358
0.000745
0.001885
0.002197
0.003120
0.000687
0.000851
0.003199
0.012083
0.004475
0.002618
0.004640
0.001984
0.006022
0.005873
0.002108
0.009120
0.000858
0.003392
0.002420
0.000816
0.001786
0.001002
0.003026
0.003964
0.002781
0.001078
0.005904
0.000821
0.004136
0.001011
0.001073
0.012801
0.004207
0.004999
0.002966
0.006799
0.003548
0.004405
0.005810
0.001247
0.001664
0.004581
0.003582
0.002208
0.003642
