-0.469522
-0.552204
-1.008793
-1.264390
-0.732946
-0.537870
-0.466012
-0.776736
-0.590745
-0.146377
-0.147794
-0.633212
-0.068871
0.085040
-0.218623
-0.197992
0.166873
0.001278
0.455582
0.444123
0.142893
0.198591
0.423549
0.718024
0.348469
0.405287
0.474847
0.346107
0.545581
0.413820
0.555243
1.431360
0.852356
1.150798
1.383987
1.294416
1.760448
1.279428
1.053551
0.864734
1.095636
1.085098
0.929254
1.278496
3.166055
0.897868
0.678516
1.218818
1.232227
1.291533
1.299574
1.405459
1.258911
1.606014
1.126520
1.432767
1.859847
1.050393
1.216302
2.807208
1.788975
1.678570
1.752345
2.212256
0.886782
2.165909
2.209422
1.738861
2.165704
2.021411
2.043737
2.635790
3.000248
1.988700
2.395575
2.430654
2.453073
1.748354
1.786361
2.289613
1.923994
2.027685
2.270257
2.803232
2.900802
2.871707
2.399668
3.381769
3.116171
3.292204
3.010667
3.249761
2.289007
3.595305
4.344182
3.329139
3.186144
3.851470
2.027685
3.779844
