0.077307
0.030530
0.048689
0.048737
0.044076
0.025437
0.037469
0.015899
0.052616
0.042193
0.030490
0.050626
0.038190
0.031748
0.041812
0.041789
0.045467
0.037472
0.028491
0.030976
0.037433
0.041841
0.045069
0.037450
0.024272
0.023016
0.024360
0.048199
0.039405
0.048105
0.035168
0.033867
0.033469
0.027924
0.043145
0.063561
0.037992
0.028336
0.042612
0.022349
0.035929
0.016812
0.048581
0.035333
0.034486
0.035442
0.041992
0.033736
0.037641
0.036093
0.034956
0.046435
0.031392
0.035516
0.042984
0.046144
0.016863
0.020523
0.049368
0.008528
0.038613
0.046757
0.036197
0.029827
0.032391
0.022363
0.045550
0.030957
0.036186
0.039964
0.036178
0.044425
0.032487
0.024393
0.027608
0.032261
0.024945
0.045847
0.027222
0.049588
0.023390
0.022776
0.013695
0.022832
0.040629
0.063415
0.028340
0.018360
0.017662
0.018751
0.026203
0.017662
0.036398
0.020646
0.031440
0.028634
0.027088
0.028231
0.031761
0.047443
