15.164900
12.820400
31.172100
32.653900
50.448800
41.013700
18.626000
29.048100
36.662000
31.423500
36.042600
35.494100
36.036600
32.124900
26.265900
50.019100
33.045100
38.546000
44.411400
36.262000
37.313600
36.907900
45.595400
35.909300
32.444800
29.622400
39.293100
26.419200
35.726600
25.874000
34.264500
34.517400
30.411200
32.381600
39.415800
45.800500
33.632100
26.181800
35.405200
37.294400
48.471100
36.632500
35.734200
42.949800
46.529400
47.137700
36.304600
28.236500
32.307800
33.921200
32.327300
54.179500
43.637400
38.037100
36.038100
26.146900
29.848200
38.589800
28.189600
36.195200
64.878200
36.977700
44.094200
24.229100
46.455700
37.557800
35.876200
46.892400
37.815400
46.862900
33.977600
45.727300
40.379500
27.519700
26.740700
40.937800
49.034100
56.239100
50.142300
26.749100
49.089900
36.315900
38.469800
40.176300
42.749600
33.997600
48.502100
54.538300
48.412500
30.594300
31.583900
48.412500
34.792600
40.500300
35.818400
35.947600
60.336800
39.566100
37.506600
44.958000
