0.004881
0.002564
0.006472
0.005525
0.005233
0.003992
0.002295
0.002419
0.008563
0.003912
0.005515
0.009834
0.003477
0.001964
0.001271
0.001147
0.002926
0.005639
0.001735
0.002872
0.004243
0.002563
0.007405
0.003203
0.006914
0.004979
0.003797
0.006597
0.003274
0.003782
0.003212
0.000811
0.001757
0.002213
0.003167
0.004414
0.001024
0.000977
0.003047
0.002009
0.000434
0.002520
0.006375
0.003035
0.006273
0.004697
0.000943
0.003788
0.003777
0.001013
0.002238
0.001029
0.007909
0.005203
0.000895
0.009834
0.001103
0.006257
0.005359
0.002691
0.004334
0.004392
0.006279
0.002908
0.001828
0.001934
0.002688
0.000985
0.002140
0.002249
0.001134
0.002954
0.004208
0.001965
0.008481
0.001431
0.002610
0.003047
0.000987
0.000947
0.000805
0.002313
0.002338
0.005652
0.002665
0.005649
0.001952
0.001700
0.001308
0.000605
0.001178
0.001386
0.004291
0.003903
0.003592
0.004119
0.002748
0.004785
0.005539
0.006413
