0.000592
0.009837
0.007916
0.010224
0.001096
0.008849
0.001556
0.004823
0.013565
0.001070
0.013185
0.009414
0.010868
0.013724
0.011211
0.011528
0.001040
0.000967
0.010169
0.001001
0.010519
0.001198
0.012262
0.008025
0.009733
0.010825
0.009000
0.009826
0.008999
0.000615
0.001258
0.001024
0.008710
0.013486
0.000863
0.000892
0.001450
0.001125
0.009361
0.000913
0.010084
0.000165
0.001074
0.001228
0.001066
0.001356
0.001563
0.001325
0.012019
0.001085
0.010626
0.006421
0.005279
0.001076
0.009339
0.000780
0.000649
0.005983
0.000761
0.001606
0.010265
0.001148
0.004889
0.001810
0.006640
0.008426
0.013389
0.003650
0.000958
0.001005
0.008786
0.006553
0.001033
0.001504
0.009513
0.007279
0.009152
0.000789
0.007642
0.008409
0.007988
0.000885
0.001361
0.010203
0.013372
0.001545
0.000775
0.007919
0.000405
0.006935
0.000405
0.004775
0.000417
0.001631
0.000372
0.001476
0.001711
0.000832
0.001631
0.001040
