0.058769
0.052616
0.054807
0.044076
0.030530
0.047607
0.037469
0.046096
0.015899
0.041812
0.050626
0.044424
0.042193
0.045310
0.038174
0.037472
0.039465
0.036765
0.039405
0.032737
0.037433
0.045069
0.030832
0.039258
0.042120
0.048105
0.029465
0.030976
0.036331
0.037450
0.051587
0.034571
0.042612
0.039536
0.063561
0.039445
0.029749
0.039331
0.022349
0.037992
0.016812
0.049325
0.015612
0.031761
0.034486
0.045594
0.035929
0.049368
0.035816
0.029583
0.048495
0.042257
0.031392
0.016026
0.043449
0.035516
0.038613
0.016863
0.052309
0.052407
0.040485
0.046757
0.039782
0.048404
0.029827
0.033757
0.030617
0.034870
0.022363
0.032487
0.020900
0.034349
0.031797
0.070625
0.023390
0.027222
0.032261
0.031257
0.031715
0.034941
0.014166
0.045847
0.024945
0.028340
0.028552
0.063415
0.030827
0.026203
0.011452
0.018360
0.036398
0.017662
0.034328
0.035067
0.031440
0.027088
0.028634
0.039060
0.038593
0.049081
