0.223165
0.161861
0.159500
0.155290
0.115043
0.143029
0.235087
0.165796
0.210238
0.233088
0.181358
0.146116
0.158258
0.161680
0.201810
0.148956
0.162913
0.171093
0.148101
0.206835
0.164652
0.147321
0.111869
0.160524
0.193550
0.238944
0.167639
0.134872
0.232870
0.176048
0.221182
0.163289
0.180054
0.159926
0.307796
0.180893
0.232551
0.169365
0.178097
0.221315
0.175653
0.192648
0.133947
0.187284
0.215517
0.161376
0.235237
0.249851
0.215105
0.195508
0.266967
0.207565
0.211671
0.215310
0.116859
0.176934
0.173831
0.228678
0.148156
0.198369
0.168070
0.234018
0.158764
0.232016
0.208128
0.170406
0.145350
0.217772
0.175432
0.214025
0.221316
0.236506
0.229657
0.331394
0.199295
0.213916
0.211527
0.146283
0.170631
0.214867
0.220170
0.183075
0.206136
0.091962
0.338173
0.233065
0.214774
0.245675
0.176148
0.261265
0.241011
0.267969
0.261319
0.202685
0.269923
0.237393
0.289875
0.261304
0.205416
0.211983
