0.008748
0.006945
0.008124
0.010724
0.007169
0.012124
0.005557
0.009387
0.010233
0.010779
0.010004
0.008030
0.009053
0.009221
0.008076
0.010470
0.008574
0.008085
0.010344
0.010145
0.011333
0.011974
0.011471
0.009076
0.011547
0.008109
0.011572
0.008963
0.014238
0.011965
0.007175
0.007958
0.010218
0.009775
0.006196
0.007460
0.009284
0.004874
0.011394
0.010202
0.010501
0.006956
0.008710
0.009391
0.008537
0.005488
0.012077
0.008793
0.009356
0.004924
0.010045
0.010832
0.009267
0.013074
0.004988
0.008889
0.004049
0.006708
0.007175
0.011052
0.007895
0.008013
0.007304
0.010053
0.009337
0.011329
0.009014
0.009586
0.006718
0.006625
0.005157
0.007232
0.007895
0.004126
0.009194
0.006024
0.008408
0.003520
0.003074
0.005877
0.001688
0.003711
0.006876
0.006330
0.004413
0.003637
0.005368
0.003391
0.003936
0.002122
0.005208
0.006696
0.004248
0.002342
0.004968
0.009039
0.008212
0.001713
0.012606
0.008338
