18.626000
32.653900
31.172100
36.662000
43.408400
9.967190
19.296100
41.013700
30.472400
44.169200
33.748700
26.265900
27.718600
41.136600
31.783000
38.579300
42.462500
35.494100
38.220900
53.970300
37.313600
36.301700
29.622400
44.640500
62.301400
37.819500
37.250300
40.127200
34.208600
30.680000
47.137700
66.224900
34.336300
39.566200
32.931200
45.800500
33.632100
25.891100
27.041600
45.552600
34.517400
35.734200
35.405200
42.316800
51.813300
34.081300
37.632500
47.997400
46.455700
36.038100
27.888800
36.977700
54.763600
44.094200
42.105300
33.921200
32.307800
64.878200
49.936400
59.169300
50.100000
30.685900
36.195200
38.589800
35.199100
46.079200
23.429600
46.892400
33.977600
40.275000
37.557800
46.862900
41.001500
29.602700
27.519700
38.469800
50.142300
49.034100
40.937800
49.089900
26.740700
36.315900
37.229100
46.352300
35.312300
33.997600
50.265800
30.594300
60.287300
48.412500
34.792600
48.412500
54.538300
40.500300
40.500300
47.771000
35.947600
48.172300
43.957000
27.888800
