0.388063
1.102857
1.175920
0.590085
0.210870
0.239021
1.016948
-0.598076
1.458619
1.316243
-0.310962
0.067629
-0.225930
1.627848
1.136037
1.138805
0.055905
0.192669
0.584655
0.414901
-0.083040
0.806873
0.671445
0.038304
0.285711
-0.955441
0.218643
0.306678
-0.048682
0.139380
-0.215087
-0.403464
-0.454473
-0.126043
0.446005
0.035467
-0.413929
0.124505
0.440164
0.234651
0.693557
0.357134
0.376336
0.347056
0.428249
-0.596847
-0.621712
0.250469
0.615556
-0.159457
-0.112438
-0.325151
0.610869
-0.182551
0.005950
-0.336706
-0.093438
0.274888
0.300986
0.270990
-0.243234
-0.143231
0.124031
0.673372
0.422252
0.104804
0.216937
0.127773
-0.259168
0.078459
0.481959
0.838745
-0.193315
0.168257
-0.335912
0.442581
-0.218070
0.884514
-0.087644
0.021569
0.167502
-0.043227
1.016369
0.193237
0.693477
0.496309
-0.295875
0.628067
0.656081
-0.250009
-0.112487
-0.250009
0.376854
-0.207791
-0.207791
-0.113292
-0.191686
-0.103141
0.015351
-0.112438
