11.041574
10.728152
10.728152
12.307273
7.789998
8.693888
12.380869
11.893283
7.624160
9.650485
10.271554
7.087370
11.196456
8.599691
8.168036
8.652397
4.556535
11.073689
8.373075
6.353721
6.751779
10.140659
10.491412
4.621813
7.589254
8.728976
7.496819
6.363538
6.028593
11.834490
8.572948
7.895492
11.539215
10.924003
9.380418
7.128016
4.911334
6.961594
7.469688
5.486685
9.214133
9.955097
6.959389
4.728707
6.139843
7.624160
5.119741
10.455191
6.277914
7.957275
9.776967
8.182256
6.932410
9.520911
11.800550
5.395180
5.333051
7.655398
5.055773
6.380228
4.892558
4.630988
6.155465
4.897411
5.652655
9.054379
7.291691
7.927761
5.490753
6.937847
11.988731
6.370892
6.088397
9.737029
10.336881
8.177497
5.074523
9.626968
10.580685
5.350748
5.399514
7.397742
10.129066
7.302547
7.559746
8.572948
7.637112
7.690555
8.981745
13.420757
9.867685
9.401812
5.658486
5.153909
7.077575
5.172858
8.990820
5.636450
12.048164
9.781793
