0.636782
0.548279
0.834204
0.770625
0.810504
0.764274
1.199350
0.756412
0.785430
0.581415
0.710446
0.677797
0.732641
0.391837
0.755549
0.790757
0.515750
0.655395
0.785676
0.557785
0.845157
0.657397
1.038450
0.435142
0.281659
0.517719
0.479149
0.722432
0.667799
0.373010
0.659977
0.795519
0.566293
0.670741
0.719629
0.155552
0.775702
0.671788
0.737567
0.634003
0.966678
0.790571
0.716300
0.488120
0.784945
0.213598
0.757437
0.723179
0.659256
0.469438
0.681380
0.754488
0.735958
0.871615
0.747270
0.915847
0.934044
0.697961
0.648212
0.737116
0.909076
0.945951
0.738230
0.289897
0.173453
0.643475
1.104550
0.770967
0.662309
0.828475
0.725501
0.656220
0.758477
0.812620
1.226460
0.404357
0.518935
0.753648
1.164330
0.575872
0.336454
0.545540
0.502742
0.252425
0.865339
0.509100
0.759276
1.429880
0.948789
0.385039
0.647155
0.603754
0.385039
0.640246
0.640246
0.790499
0.636181
0.753010
0.840123
0.812620
