63.062700
51.232700
35.753200
18.145300
54.824400
63.591200
18.641000
61.392300
50.739900
44.852700
53.495100
40.426600
53.010800
48.410200
49.220500
48.267100
56.800500
52.103300
36.044600
56.016100
37.864500
64.004300
53.434600
68.881400
54.313400
54.746100
50.501000
49.561200
51.038900
40.647900
39.462100
54.019300
58.228500
40.966600
56.201300
30.161800
51.638500
45.252800
28.071100
47.813700
30.943800
65.405300
62.794100
55.954100
77.278600
63.011500
43.912600
47.183600
53.301800
53.508500
32.975000
31.895400
59.219100
51.783300
32.176000
59.653400
45.579900
33.180200
42.500600
60.816100
29.155800
46.088700
27.853400
53.102400
42.400900
48.393000
86.753400
40.525500
40.337400
47.619800
45.468200
57.049200
36.803300
14.747700
57.097100
19.044400
45.610600
51.670900
63.030100
37.996500
65.802800
86.582900
63.676700
64.023400
74.445300
40.696400
34.516600
48.669900
57.909200
61.953200
36.623500
71.620900
61.953200
39.298300
39.298300
63.847300
32.917200
42.738700
13.070300
14.747700
