50.448800
32.025600
38.325000
49.521300
34.612400
43.408400
29.048100
9.967190
15.164900
35.494100
31.423500
38.579300
44.169200
39.043900
31.783000
27.718600
43.218600
41.136600
37.198900
44.640500
32.490000
41.788900
26.419200
62.301400
44.411400
26.225600
45.595400
40.127200
35.726600
53.970300
46.529400
46.113300
34.336300
35.734200
32.381600
45.800500
37.632500
35.693200
27.041600
30.580600
36.632500
30.235500
40.985700
33.632100
42.316800
34.517400
37.196500
62.139600
64.878200
37.145600
24.229100
36.109900
30.544100
50.100000
33.921200
42.105300
47.372700
47.997400
34.952100
36.475500
30.180800
54.179500
28.189600
30.685900
32.803300
41.001500
40.275000
31.606100
37.815400
40.379500
43.316300
31.211800
35.876200
48.072200
45.699000
37.142200
37.229100
47.206900
27.519700
38.469800
26.740700
29.602700
26.749100
47.881500
40.176300
44.958000
42.588000
60.287300
34.792600
54.538300
30.594300
31.583900
54.538300
40.500300
40.500300
60.336800
47.771000
39.566100
33.916100
48.072200
