0.155290
0.134614
0.169710
0.036901
0.192658
0.159500
0.210238
0.270877
0.258877
0.181358
0.158258
0.149091
0.146116
0.129274
0.162913
0.178878
0.211983
0.161680
0.242746
0.156346
0.160524
0.201690
0.224980
0.111869
0.186541
0.205315
0.147321
0.185284
0.148101
0.222205
0.215517
0.169365
0.221182
0.192516
0.230775
0.307796
0.190411
0.159926
0.133947
0.236617
0.175653
0.232551
0.181688
0.221315
0.221608
0.214067
0.238566
0.148156
0.173831
0.158764
0.208128
0.207565
0.195859
0.144292
0.203949
0.174410
0.266967
0.116859
0.195508
0.223610
0.148739
0.176519
0.249851
0.231589
0.215310
0.193632
0.145350
0.223761
0.174550
0.214025
0.288858
0.308398
0.252261
0.146283
0.208448
0.331394
0.217230
0.220170
0.213285
0.160107
0.275473
0.203173
0.275949
0.269588
0.267014
0.254793
0.338173
0.176148
0.241011
0.261265
0.249149
0.245675
0.261265
0.271824
0.271824
0.237393
0.300513
0.326825
0.244279
0.146283
