0.007673
0.010224
0.001353
0.000642
0.000971
0.008849
0.013565
0.010926
0.001556
0.011211
0.001070
0.010868
0.000993
0.000817
0.000790
0.010641
0.001171
0.001040
0.007138
0.001230
0.012262
0.000858
0.009826
0.004637
0.001090
0.000923
0.007354
0.008025
0.008999
0.009342
0.000980
0.001125
0.011888
0.012943
0.001066
0.016756
0.001074
0.009361
0.000165
0.007194
0.000883
0.000918
0.000892
0.001099
0.012066
0.001258
0.003886
0.015856
0.012019
0.001325
0.001076
0.009339
0.004889
0.001810
0.000972
0.023045
0.000696
0.000649
0.013050
0.011312
0.001019
0.000780
0.015421
0.005983
0.001470
0.001046
0.000607
0.001068
0.001031
0.010591
0.006553
0.000958
0.001297
0.010153
0.000512
0.001361
0.013171
0.014218
0.008083
0.009513
0.013994
0.000789
0.001504
0.011274
0.000634
0.013372
0.000989
0.000417
0.000996
0.000953
0.006935
0.004775
0.000953
0.005936
0.005936
0.001711
0.009869
0.006714
0.008409
0.010153
