0.001189
0.006433
0.003449
0.003392
0.000796
0.001608
0.001461
0.007470
0.002859
0.002592
0.012083
0.004858
0.008863
0.001109
0.001078
0.003713
0.003182
0.006022
0.002118
0.000937
0.004302
0.004999
0.003785
0.002380
0.000865
0.001147
0.001549
0.002420
0.000866
0.001055
0.002108
0.005810
0.001078
0.004475
0.000959
0.001674
0.005906
0.001664
0.002075
0.002305
0.000430
0.000731
0.005979
0.002358
0.004607
0.001079
0.001675
0.004574
0.005873
0.007687
0.006583
0.006802
0.005412
0.001558
0.002082
0.003026
0.003553
0.006973
0.003412
0.001312
0.002380
0.002966
0.000966
0.002781
0.000934
0.006576
0.001885
0.004363
0.001997
0.003747
0.001902
0.009120
0.000887
0.003300
0.004640
0.007741
0.004581
0.002057
0.000830
0.003582
0.003436
0.004405
0.005383
0.008546
0.001073
0.004207
0.006302
0.002945
0.005734
0.006478
0.006092
0.000816
0.001011
0.003056
0.000823
0.002897
0.001943
0.002618
0.004993
0.000972
