0.035062
0.044076
0.030530
0.049139
0.077307
0.037469
0.047607
0.048737
0.052616
0.031748
0.036765
0.039465
0.038174
0.041240
0.049081
0.030490
0.045310
0.041812
0.040645
0.039258
0.024272
0.048105
0.036331
0.032737
0.029465
0.038593
0.037450
0.037948
0.040877
0.041841
0.034571
0.020997
0.028336
0.034486
0.033469
0.047023
0.048581
0.038769
0.049325
0.041992
0.047309
0.029565
0.039445
0.037992
0.041416
0.039536
0.031761
0.036197
0.033736
0.047590
0.046036
0.016863
0.036093
0.040485
0.048404
0.049368
0.050899
0.046144
0.052309
0.048495
0.035516
0.046757
0.035816
0.072568
0.008528
0.030617
0.032487
0.015185
0.045550
0.028103
0.039964
0.039964
0.022363
0.027608
0.023390
0.031715
0.070625
0.045847
0.036423
0.027222
0.024393
0.013695
0.048194
0.022832
0.023226
0.021925
0.047443
0.034328
0.036398
0.026203
0.018360
0.017662
0.050502
0.020646
0.043287
0.028634
0.024759
0.028231
0.037992
0.042193
