0.021573
0.006103
1.100392
1.399941
0.846091
0.388063
0.622450
1.102857
0.590085
0.933456
-0.310962
1.136037
1.123858
1.775647
0.994393
0.549579
1.627848
0.067629
0.682779
-0.004321
0.272776
-0.542966
0.218643
-0.368164
0.139380
-0.048682
-0.625879
0.193219
0.015351
0.880827
-0.403464
0.124505
2.115767
-0.227499
-0.432909
0.384523
0.357134
-0.587773
0.298023
0.646303
0.891062
0.305419
-0.126043
-0.413929
0.234651
-0.525729
-0.007075
-0.182551
-0.474811
0.005950
-0.380388
0.324373
-0.336706
0.270990
0.610869
-0.013572
0.529227
0.361294
0.204357
0.306064
-0.370728
-0.325151
-0.194854
-0.243234
0.124031
0.078459
-0.389826
0.581362
-0.192403
0.232138
0.838745
0.838745
0.481959
0.167502
0.021569
0.031128
-0.242807
2.232083
1.016369
-0.218070
-0.335912
0.442581
0.166625
1.131318
-0.291892
0.217415
-0.085961
0.323381
-0.112487
-0.289241
0.376854
-0.250009
0.093974
-0.207791
-0.238936
-0.191686
-0.113292
0.636413
-0.413929
-0.360169
