0.103507
0.147159
0.356057
0.391251
0.251016
0.205274
0.198051
0.339696
0.303152
0.354240
0.115429
0.380063
0.349344
0.478040
0.372536
0.253167
0.349586
0.231814
0.297230
0.177947
0.251893
0.054547
0.178275
0.093511
0.147317
0.079357
0.115167
0.105263
0.168281
0.328158
0.066775
0.219859
0.512005
0.093221
0.161507
0.255193
0.208164
0.098204
0.219377
0.202537
0.274652
0.161345
0.116690
0.084134
0.141947
0.144509
0.182010
0.086029
0.106653
0.068309
0.092293
0.206227
0.115612
0.131857
0.283448
0.103579
0.257050
0.172752
0.119972
0.200815
0.112387
0.133038
0.105995
0.084076
0.183264
0.083128
0.099786
0.291010
0.093182
0.147467
0.246789
0.246789
0.239164
0.180797
0.107238
0.061601
0.068554
0.232567
0.293148
0.075126
0.065129
0.219317
0.145110
0.250090
0.082194
0.154729
0.127511
0.246709
0.156552
0.135254
0.182462
0.059551
0.124419
0.076089
0.049245
0.047835
0.068994
0.153879
0.084134
0.117934
