924.000000
582.000000
789.000000
1241.000000
1005.000000
582.000000
885.000000
832.000000
472.000000
192.000000
19.000000
1081.000000
1029.000000
759.000000
757.000000
1024.000000
749.000000
778.000000
1032.000000
160.000000
1104.000000
124.000000
989.000000
910.000000
218.000000
611.000000
762.000000
253.000000
125.000000
676.000000
1000.000000
97.000000
945.000000
113.000000
1102.000000
542.000000
1208.000000
12.000000
497.000000
583.000000
804.000000
293.000000
163.000000
111.000000
958.000000
10.000000
443.000000
513.000000
37.000000
298.000000
559.000000
864.000000
127.000000
598.000000
800.000000
174.000000
1242.000000
548.000000
322.000000
667.000000
7.000000
425.000000
876.000000
1301.000000
1270.000000
191.000000
104.000000
888.000000
169.000000
195.000000
618.000000
618.000000
976.000000
1290.000000
171.000000
284.000000
595.000000
995.000000
962.000000
508.000000
92.000000
520.000000
170.000000
1247.000000
936.000000
210.000000
242.000000
568.000000
845.000000
230.000000
1181.000000
309.000000
934.000000
280.000000
180.000000
611.000000
266.000000
278.000000
111.000000
1013.000000
