0.004823
0.007673
0.001096
0.001448
0.001556
0.011251
0.000541
0.013091
0.007916
0.013730
0.001102
0.000790
0.000967
0.000817
0.001171
0.009414
0.001040
0.013724
0.009733
0.012262
0.009800
0.010825
0.000615
0.012624
0.009000
0.001157
0.011174
0.000858
0.000709
0.010457
0.012559
0.000824
0.000863
0.000980
0.013486
0.003886
0.012943
0.010084
0.001237
0.001228
0.007194
0.000631
0.001450
0.001099
0.009303
0.009361
0.000861
0.001085
0.000918
0.023045
0.000675
0.006640
0.000972
0.012850
0.010265
0.015421
0.006414
0.006421
0.015856
0.000696
0.001148
0.000948
0.010774
0.001810
0.011183
0.000607
0.010591
0.008786
0.001297
0.001033
0.013389
0.013389
0.008426
0.013994
0.001157
0.007642
0.001361
0.000885
0.013171
0.011186
0.008083
0.009513
0.012071
0.000634
0.013211
0.010203
0.013372
0.007919
0.000996
0.004775
0.000953
0.000405
0.007919
0.005936
0.010066
0.001476
0.009869
0.006714
0.001099
0.001070
