0.236075
0.090351
0.651833
1.548500
0.815914
0.401877
0.573553
1.429099
0.991818
0.359607
0.227193
0.852289
1.211377
0.432949
0.872954
0.375307
0.952438
0.235216
0.430372
0.109984
0.449987
0.000000
0.182454
0.000000
0.065065
0.137736
0.236578
0.168291
0.115171
0.623430
0.342194
0.236863
0.643809
0.058558
0.347311
0.247097
1.158579
0.103169
0.186661
0.398584
0.577625
0.207413
0.271155
0.279980
0.342883
0.099615
0.237329
0.094694
0.101455
0.000000
0.051684
0.731506
0.092840
0.506871
0.684350
0.139410
0.206312
0.337206
0.167934
0.124981
0.203102
0.199903
0.296897
0.336105
0.462305
0.320510
0.155561
0.328337
0.054941
0.106308
0.550327
0.550327
0.686975
0.750017
0.203050
0.371271
0.865813
0.356736
0.655368
0.482802
0.093176
0.244489
0.092080
0.296571
0.334481
0.285126
0.125343
0.192496
0.322937
0.080172
0.456195
0.326999
0.259688
0.193907
0.254415
0.089422
0.053291
0.230728
0.279980
0.354322
