52.792200
29.048100
19.296100
36.662000
39.785400
18.626000
32.653900
43.408400
49.521300
42.626000
38.546000
36.036600
44.169200
33.748700
43.218600
27.718600
50.019100
42.462500
26.225600
30.680000
25.874000
37.198900
39.293100
32.444800
36.301700
44.640500
36.204300
35.729500
45.035600
43.957000
34.264500
37.506600
66.224900
37.632500
30.580600
37.196500
51.813300
40.985700
45.552600
35.693200
32.381600
32.931200
34.336300
36.632500
44.496500
26.181800
34.517400
26.146900
30.544100
32.327300
32.991400
46.455700
36.475500
62.139600
29.848200
32.307800
30.180800
28.189600
64.878200
30.685900
43.637400
54.763600
50.748700
36.195200
32.803300
41.001500
48.968800
31.606100
23.429600
45.727300
53.414800
22.664200
46.729100
47.206900
46.626600
49.034100
39.488000
37.142200
49.089900
29.602700
48.072200
27.519700
56.239100
42.749600
47.881500
35.312300
39.481200
34.792600
60.287300
31.583900
48.412500
48.412500
48.412500
48.304300
48.437200
47.771000
35.947600
48.172300
38.546000
36.301700
