0.201649
0.210238
0.169077
0.161861
0.128097
0.235087
0.126082
0.159500
0.036901
0.193692
0.148956
0.194663
0.146116
0.171093
0.211983
0.178878
0.079895
0.182944
0.205315
0.167639
0.238944
0.242746
0.110521
0.183750
0.239144
0.156346
0.206835
0.200049
0.193550
0.174312
0.195592
0.187284
0.163289
0.190411
0.236617
0.238566
0.129921
0.181688
0.204617
0.159926
0.230775
0.195821
0.221182
0.175653
0.192648
0.236229
0.214067
0.267334
0.195859
0.181640
0.187922
0.153913
0.223610
0.148156
0.228678
0.193985
0.148739
0.249851
0.173831
0.231589
0.211671
0.232016
0.233996
0.064433
0.215310
0.193632
0.202113
0.223761
0.180453
0.186506
0.229657
0.220994
0.170406
0.220170
0.214867
0.206136
0.170631
0.331394
0.199295
0.203173
0.146283
0.213285
0.183075
0.261319
0.269588
0.288516
0.236267
0.241011
0.176148
0.245675
0.267969
0.267969
0.267969
0.287910
0.360487
0.300513
0.289875
0.261304
0.148956
0.239144
