0.826815
-0.280432
1.016948
0.590085
0.021573
0.388063
1.102857
0.210870
-0.120897
1.105449
-0.194084
0.369058
1.316243
-0.310962
0.994393
-0.225930
1.986303
0.055905
0.052504
0.139380
-0.542966
-0.169893
0.348249
0.272776
0.806873
0.038304
-0.368164
0.746560
-0.270883
0.015351
0.141989
-0.007075
-0.403464
-0.621712
0.891062
0.384523
0.428249
0.718144
0.234651
-0.525729
0.191053
0.446005
-0.454473
0.602426
0.298023
2.115767
0.693557
0.361294
0.302335
1.009143
1.877733
0.615556
1.008929
0.204357
0.324373
-0.093438
0.463532
-0.013572
0.274888
-0.143231
0.025141
0.610869
-0.380388
0.124031
0.915701
-0.193315
-0.168117
-0.399665
0.216937
0.080195
0.514740
0.581362
0.063889
0.665019
-0.359993
0.884514
0.031128
-0.242807
0.021569
0.168257
0.570374
-0.335912
2.232083
0.023222
0.242540
0.693477
0.217415
-0.112487
0.656081
-0.289241
-0.250009
-0.250009
-0.250009
-0.238936
2.074612
-0.113292
-0.191686
-0.103141
-0.194084
0.806873
