0.005606
0.001073
0.001135
0.003026
0.004167
0.001078
0.003436
0.001863
0.004993
0.002959
0.006478
0.005734
0.004405
0.004207
0.000982
0.006740
0.005075
0.007051
0.003120
0.001109
0.001461
0.001189
0.001558
0.004870
0.001079
0.006802
0.006249
0.000484
0.003449
0.000387
0.003182
0.002358
0.003233
0.003412
0.000601
0.004999
0.002283
0.000858
0.001078
0.003434
0.002275
0.002655
0.004292
0.002420
0.001902
0.004009
0.001522
0.012801
0.004581
0.001055
0.007687
0.002858
0.009897
0.004259
0.002118
0.005783
0.000865
0.003964
0.003642
0.006973
0.004195
0.000887
0.006799
0.001674
0.009740
0.001287
0.001608
0.001549
0.000761
0.005368
0.003127
0.004207
0.001283
0.004640
0.000682
0.005979
0.002781
0.004363
0.004574
0.003318
0.000322
0.002938
0.001988
0.001723
0.000966
0.001240
0.006576
0.001201
0.002197
0.000920
0.002942
0.001556
0.006092
0.001247
0.006302
0.006022
0.006236
0.002108
0.005383
0.001953
