6.982587
7.789998
7.821324
6.359674
11.046131
5.856182
5.110193
9.469039
10.491412
4.999162
11.893283
7.690555
6.101535
11.738666
8.177497
8.728976
10.580685
11.416411
8.326711
9.810303
4.682472
6.961594
7.655398
4.723042
10.455191
9.009488
8.990820
5.255395
6.715289
9.810303
6.918621
7.891559
11.191626
10.730723
8.599691
6.028593
6.272110
7.077575
8.369188
5.395180
9.054379
10.328406
7.676143
9.201719
6.101535
10.118458
11.298675
5.333051
6.972896
7.006009
6.932410
5.153909
7.128016
7.302547
7.927761
7.858889
8.675854
4.851998
10.274410
6.226895
10.129066
5.658486
9.430102
6.353721
11.834490
7.693370
10.924003
9.201719
7.895492
11.800550
9.810303
5.636450
5.614474
7.793612
9.781793
11.073689
7.377004
7.559746
8.478357
5.075127
6.353721
6.196937
4.863122
7.285087
4.892558
5.105274
5.477625
8.182256
11.478767
13.585299
12.197312
10.728152
13.420757
5.954946
5.350748
7.469688
12.845791
6.705581
7.261119
4.621813
