0.090351
0.401877
0.710330
0.991818
0.794383
0.678470
1.429099
0.197436
0.573553
0.886979
0.538683
0.872954
0.079759
0.375307
0.421595
0.400110
0.538433
0.952438
0.274919
0.794764
0.115171
0.065065
0.484799
0.168291
0.109984
0.000000
0.166068
0.449987
0.202567
0.403306
0.222095
0.819856
0.236863
0.058558
0.185615
0.117489
0.271155
0.207413
0.276453
0.237329
0.485426
0.324885
0.342194
0.279980
0.643809
0.099615
0.161585
0.203102
0.283916
0.354410
0.506871
0.206312
0.051963
0.331069
0.231447
0.519732
0.167934
0.296897
0.473259
0.139410
0.124981
1.266268
0.462305
0.684350
0.225382
0.550327
0.441096
0.132384
0.550327
0.054941
0.227216
0.592737
0.077251
0.093176
0.371271
0.482783
0.244489
0.087791
0.250547
0.515208
0.865813
0.555882
0.750017
0.296571
0.334481
0.389319
0.089641
0.456195
0.326999
0.259688
0.326999
0.080172
0.326999
0.379016
0.386341
0.557480
0.053291
0.230728
0.230728
0.051963
