-61.443700
-60.551600
-61.001400
-57.808400
-57.800800
-60.530300
-57.040700
-57.839800
-56.768000
-55.891100
-58.816000
-57.287000
-60.722600
-58.953800
-57.262200
-56.068600
-56.087000
-56.399000
-56.438000
-58.556100
-58.409300
-58.573000
-56.423800
-54.826300
-56.090000
-57.238700
-58.151700
-57.772900
-56.391200
-57.923400
-57.878100
-59.893000
-57.926600
-58.023000
-57.717900
-57.476400
-58.306100
-58.240400
-56.239600
-55.923600
-56.646300
-58.011700
-56.430600
-56.285200
-55.257600
-55.529600
-58.205500
-58.104700
-55.468800
-57.778300
-59.335400
-58.959300
-58.138400
-54.881000
-57.931900
-55.788400
-57.478900
-58.744300
-57.923400
-58.208800
-56.919800
-59.063200
-56.230100
-58.309400
-57.753000
-59.277500
-58.233800
-57.284500
-55.025100
-57.230800
-55.495700
-58.998400
-55.271600
-54.245600
-57.480700
-58.854700
-54.735600
-58.141400
-56.750400
-55.840500
-58.914800
-58.616700
-57.480700
-55.476400
-56.966100
-58.071800
-56.861200
-54.340500
-56.149900
-57.880200
-57.035200
-54.927400
-58.020700
-56.618600
-59.639000
-55.343200
-58.261200
-56.850000
-58.159400
-54.382700
