0.223165
0.258877
0.163143
0.128097
0.197402
0.155290
0.270877
0.169934
0.161861
0.161680
0.158258
0.171093
0.175710
0.181358
0.193692
0.148956
0.182944
0.129274
0.200049
0.234046
0.168477
0.186541
0.168722
0.205416
0.165570
0.134872
0.193550
0.160524
0.148101
0.191805
0.188346
0.191377
0.232551
0.236229
0.209732
0.234311
0.195821
0.146514
0.181688
0.175653
0.190411
0.178097
0.179124
0.163289
0.238566
0.159926
0.307796
0.195859
0.249851
0.233996
0.229120
0.116859
0.207565
0.249020
0.064433
0.228678
0.174410
0.153913
0.230148
0.168070
0.205287
0.248675
0.144292
0.193985
0.148156
0.214025
0.174550
0.202113
0.193632
0.256725
0.217772
0.175432
0.233550
0.199295
0.206136
0.275473
0.183075
0.206697
0.217230
0.275949
0.213285
0.208448
0.206136
0.091962
0.254793
0.233534
0.338173
0.249866
0.245675
0.176148
0.261319
0.249149
0.261265
0.271824
0.339698
0.237393
0.300513
0.326825
0.178530
0.236617
