0.167790
0.251016
0.052822
0.103507
0.391251
0.147159
0.159330
0.361738
0.303152
0.349586
0.117934
0.115429
0.253167
0.182517
0.327394
0.145349
0.190219
0.478040
0.246250
0.061582
0.272591
0.237407
0.297230
0.079357
0.195891
0.059223
0.159673
0.177947
0.278372
0.176292
0.293370
0.219859
0.120858
0.512005
0.210603
0.071394
0.248596
0.161345
0.196328
0.285462
0.055600
0.099051
0.034862
0.066775
0.255193
0.144509
0.094734
0.202107
0.103579
0.092293
0.305883
0.168523
0.093268
0.086029
0.183264
0.206227
0.068309
0.309438
0.132860
0.131857
0.162939
0.084359
0.084076
0.147225
0.119972
0.099786
0.072776
0.078671
0.156793
0.246789
0.166342
0.239164
0.122501
0.107238
0.315437
0.180797
0.232567
0.145110
0.293148
0.204506
0.065129
0.221326
0.315437
0.083825
0.127511
0.076672
0.068741
0.124419
0.135254
0.223893
0.246709
0.208626
0.182462
0.076089
0.072351
0.096234
0.068994
0.153879
0.058441
0.274652
