0.013070
0.008438
0.010386
0.005557
0.007169
0.006945
0.010233
0.008068
0.008748
0.010409
0.010711
0.008574
0.009221
0.008847
0.008076
0.011172
0.007262
0.010779
0.008536
0.008963
0.011965
0.008750
0.008294
0.008109
0.011333
0.007646
0.008975
0.010708
0.014497
0.010597
0.006196
0.009482
0.006956
0.008423
0.011394
0.007785
0.007403
0.007195
0.008728
0.008858
0.012077
0.007038
0.008537
0.011368
0.009581
0.008505
0.007460
0.006708
0.006257
0.013643
0.004049
0.007895
0.006097
0.006271
0.009304
0.007304
0.008481
0.009337
0.007967
0.010007
0.005809
0.008793
0.006810
0.007325
0.008889
0.006984
0.011329
0.002753
0.006718
0.006163
0.000834
0.008798
0.008560
0.007597
0.006189
0.010227
0.012766
0.008393
0.001688
0.003074
0.005129
0.003711
0.006024
0.008271
0.004763
0.003637
0.003723
0.006696
0.006803
0.005920
0.004248
0.003936
0.003391
0.009043
0.004920
0.009039
0.003806
0.000247
0.010998
0.007785
