0.159330
0.246202
0.364224
0.205274
0.356057
0.303152
0.087284
0.361738
0.167790
0.253167
0.478040
0.380063
0.349586
0.289673
0.349344
0.190219
0.067718
0.231814
0.297230
0.059223
0.115167
0.168281
0.105263
0.054547
0.128636
0.061582
0.328158
0.272056
0.237407
0.219446
0.094734
0.098204
0.219377
0.255193
0.099051
0.202537
0.251690
0.191914
0.034862
0.219859
0.121292
0.161507
0.093221
0.512005
0.293370
0.161345
0.116690
0.206227
0.257050
0.086029
0.184074
0.131857
0.084076
0.111167
0.106653
0.272227
0.240714
0.237612
0.183264
0.294214
0.170630
0.103579
0.084359
0.202107
0.112387
0.101425
0.191189
0.049281
0.239164
0.147467
0.246789
0.078671
0.131564
0.065129
0.073381
0.070341
0.180797
0.221326
0.273570
0.061601
0.145110
0.232567
0.075126
0.237469
0.250090
0.180216
0.047410
0.059551
0.124419
0.208626
0.246709
0.223893
0.135254
0.200342
0.457842
0.096234
0.068994
0.153879
0.092293
0.202537
