0.015899
0.030530
0.025437
0.047607
0.037469
0.036129
0.048737
0.048689
0.046096
0.030490
0.045467
0.038174
0.045310
0.041789
0.044424
0.036765
0.038190
0.044062
0.048429
0.038593
0.042120
0.036331
0.037941
0.040624
0.030976
0.048199
0.032113
0.039231
0.040877
0.032737
0.027924
0.048581
0.043145
0.015612
0.039445
0.035168
0.033867
0.042612
0.036500
0.036167
0.034571
0.034486
0.028336
0.035442
0.047659
0.047023
0.039536
0.039782
0.033736
0.072568
0.048495
0.035816
0.050899
0.035456
0.036197
0.032391
0.034956
0.029583
0.052407
0.043449
0.016026
0.037641
0.033980
0.016863
0.046036
0.044425
0.040289
0.030957
0.020900
0.030617
0.036186
0.039964
0.032487
0.032261
0.034941
0.049588
0.031715
0.045847
0.024945
0.024945
0.022776
0.027608
0.024393
0.047443
0.018111
0.026271
0.023226
0.017662
0.034328
0.017662
0.017662
0.018360
0.011452
0.031440
0.035067
0.027088
0.028634
0.039060
0.044076
0.036129
