1045.000000
269.000000
472.000000
141.000000
662.000000
1242.000000
816.000000
897.000000
832.000000
749.000000
192.000000
602.000000
150.000000
890.000000
226.000000
757.000000
1081.000000
796.000000
253.000000
218.000000
424.000000
42.000000
430.000000
125.000000
230.000000
445.000000
1229.000000
910.000000
1104.000000
1130.000000
209.000000
97.000000
1247.000000
851.000000
120.000000
1339.000000
12.000000
958.000000
163.000000
226.000000
17.000000
293.000000
423.000000
599.000000
111.000000
10.000000
1102.000000
191.000000
665.000000
942.000000
224.000000
926.000000
322.000000
513.000000
598.000000
876.000000
1271.000000
424.000000
800.000000
559.000000
1219.000000
864.000000
889.000000
127.000000
616.000000
256.000000
312.000000
844.000000
769.000000
509.000000
803.000000
15.000000
431.000000
637.000000
1193.000000
92.000000
520.000000
962.000000
1211.000000
171.000000
188.000000
995.000000
1290.000000
242.000000
1320.000000
885.000000
255.000000
309.000000
230.000000
309.000000
845.000000
1181.000000
959.000000
1003.000000
266.000000
627.000000
611.000000
278.000000
643.000000
1005.000000
