0.431631
0.770625
0.636782
0.752844
0.546054
0.733800
0.533496
0.810504
0.670463
0.790757
0.802716
0.570899
0.597808
0.846194
0.710446
0.755549
0.798471
0.792789
0.557785
0.845157
1.038450
0.281659
0.713701
0.940776
0.801517
0.517719
0.698501
0.497440
1.141840
0.738179
0.488331
0.838432
0.550586
0.821058
0.671788
0.640606
0.795029
0.213598
0.836427
0.749220
0.695115
0.456384
0.670741
0.659977
0.613193
0.986125
0.524557
0.186576
0.832509
0.735958
0.737601
0.745598
0.861303
0.945951
0.708161
0.700664
0.723179
0.800501
0.492508
0.594495
0.648212
0.915847
0.688839
0.657084
0.681380
0.643475
1.081730
0.994288
0.536500
0.662309
0.770967
0.456520
0.456520
0.545540
1.164330
0.518935
1.226460
0.404357
0.726824
0.513414
0.336454
0.826401
0.584407
0.865339
1.012010
0.759276
0.543443
1.113130
1.429880
0.385039
0.385039
0.948789
0.603754
0.964616
1.426040
0.636181
0.670649
0.753010
0.800501
0.391837
