0.002942
0.003257
0.003199
0.000865
0.003713
0.000959
0.001575
0.002301
0.009120
0.001674
0.002655
0.001152
0.001078
0.003785
0.004858
0.002386
0.002275
0.000830
0.000430
0.000894
0.002082
0.000866
0.002966
0.003182
0.004877
0.000710
0.001953
0.008546
0.001201
0.002420
0.005075
0.002358
0.002075
0.002305
0.001558
0.002319
0.006433
0.002959
0.003548
0.002118
0.000687
0.004960
0.004259
0.001675
0.004365
0.001723
0.001556
0.007687
0.002239
0.003120
0.001283
0.000484
0.012801
0.004870
0.000972
0.000934
0.000966
0.003233
0.001902
0.001078
0.004574
0.001312
0.006802
0.005906
0.004276
0.000937
0.001007
0.002945
0.002057
0.003642
0.003929
0.006576
0.007954
0.002197
0.001997
0.004993
0.003964
0.001002
0.003449
0.002057
0.004925
0.003392
0.004309
0.002690
0.001863
0.001786
0.000937
0.002858
0.001240
0.006302
0.007470
0.002667
0.003436
0.004640
0.003127
0.005979
0.004999
0.004405
0.002781
0.002938
