1.061540
0.670463
0.810504
0.770625
0.636782
0.546054
0.613854
0.834204
0.431631
0.732641
0.629857
0.707563
0.802716
0.748750
0.515750
0.710446
0.798471
0.677797
0.533834
0.698501
0.497440
0.373010
0.814171
0.479737
0.282753
0.813395
0.691397
0.287581
0.940776
1.038450
0.784945
0.821058
0.488331
0.790571
0.838432
0.514788
0.719629
0.550586
0.966678
0.566293
0.986125
0.749220
0.670741
0.925473
0.488120
0.836427
0.775702
0.681380
0.660265
0.800501
0.594495
0.934044
0.832509
1.055000
0.737116
0.909076
0.754488
0.648212
0.474072
0.871615
0.700664
0.945951
0.635799
0.925858
0.696640
0.456520
0.994288
0.632139
0.863668
0.828475
0.456520
0.877537
0.662309
0.336454
0.795001
1.164330
0.513414
0.840123
0.404357
0.502742
0.759878
0.484620
0.726824
0.847852
0.759276
1.012010
0.865339
0.603754
0.948789
0.385039
1.113130
0.533261
0.533261
0.057768
0.640246
0.636181
0.670649
0.792337
0.722432
0.492293
