-0.341436
-0.969374
-1.264390
-0.552204
-0.732946
-0.520778
-1.228839
-0.537870
-0.389962
-0.141897
0.085040
-0.218623
-0.146377
0.001278
-0.147794
-0.710379
0.080978
0.092983
0.474847
0.599754
0.423549
0.312001
1.104093
0.705726
0.444123
1.746456
0.554653
0.142893
0.413820
0.545581
1.085098
1.810528
1.053551
1.290429
1.664462
0.400856
1.121184
0.897868
0.527643
1.383987
0.555243
1.082841
1.004733
1.156987
1.124122
1.278496
1.760448
1.405459
2.632879
2.212256
1.555895
1.788975
1.548759
1.126520
1.276581
1.291533
1.569786
1.717285
1.480845
1.000063
1.510918
1.655208
0.886782
1.438463
1.299574
1.428813
2.165704
2.043737
2.170797
2.328027
1.428813
1.738861
2.946645
2.179478
2.407766
2.239467
2.453073
1.988700
1.786361
2.689370
1.440716
1.721669
1.923994
2.126504
2.399668
2.516878
2.871707
2.825028
3.249761
3.010667
3.942129
3.116171
3.116171
2.979332
2.791803
3.186144
4.170508
3.751848
0.348469
3.503873
