13.585299
8.182256
8.990820
12.845791
6.146863
12.589333
6.471680
6.394613
11.073689
10.924003
8.981745
5.686253
6.751779
5.177332
5.157503
8.177497
10.118458
10.407604
11.191626
12.048164
7.377004
13.420757
6.658056
4.728707
9.401812
9.810303
6.725055
11.023449
10.129066
6.705581
6.959389
7.397742
5.856182
6.679742
8.215747
7.589254
8.675854
6.363538
11.046131
6.226895
10.134484
4.640299
7.891559
11.389701
10.924003
4.723042
11.977048
9.634177
9.867685
6.359674
11.478767
4.999162
7.087370
6.081395
6.101535
8.888836
5.029554
10.728152
5.074523
6.972896
11.450475
11.416411
7.559746
8.652397
9.875588
12.250212
6.370892
5.110193
9.626968
11.919900
6.216455
10.336881
5.172858
5.255539
9.955097
7.821324
7.858889
10.491412
9.947666
13.268091
5.954946
5.333051
6.196937
7.306707
8.858915
5.350748
7.637112
7.895492
7.469688
5.395180
5.399514
6.982587
9.118001
5.490753
5.614474
9.443026
8.678304
8.424412
4.911334
4.621813
