0.622450
-0.120897
0.210870
0.590085
0.021573
0.006103
-0.829913
-0.280432
1.102857
1.105449
1.775647
-0.194084
1.136037
0.369058
0.177044
1.579743
0.994393
-0.360169
0.038304
0.880827
-0.409666
-0.208025
-0.680217
-0.298661
0.052504
0.218643
-0.625879
0.306678
0.584655
-0.955441
0.141989
2.115767
0.440164
0.304811
0.693557
0.298023
0.305419
0.384523
0.124505
0.191053
0.376336
-0.126043
0.357134
-0.215087
0.234651
-0.432909
0.428249
-0.380388
0.270990
0.673372
0.300986
0.915701
0.302335
-0.370728
-0.143231
0.043059
-0.041698
-0.474811
0.274888
0.005950
0.025141
-0.336706
1.877733
-0.159457
-0.013572
0.283785
-0.259168
-0.316823
0.232138
0.481959
0.078459
-0.193315
-0.269494
-0.218070
-0.335912
0.884514
0.442581
0.031128
1.016369
-0.364206
-0.359993
-0.242807
0.167502
-0.295875
0.269347
0.242540
-0.320788
0.376854
-0.250009
0.093974
0.323381
0.656081
-0.289241
0.076973
0.101925
-0.113292
-0.191686
-0.103141
-0.013572
0.806873
