0.198051
0.049070
0.198940
0.303152
0.103507
0.147159
0.070599
0.087284
0.339696
0.327394
0.478040
0.145349
0.380063
0.282441
0.202583
0.465809
0.372536
0.117934
0.185379
0.328158
0.061582
0.176292
0.059223
0.195891
0.189754
0.178275
0.115167
0.208686
0.272591
0.058441
0.228526
0.512005
0.180902
0.105026
0.251690
0.219377
0.161345
0.255193
0.219859
0.191914
0.192726
0.116690
0.208164
0.071394
0.141947
0.161507
0.138373
0.092293
0.131857
0.305883
0.229095
0.279675
0.202107
0.112387
0.111167
0.172069
0.132860
0.106653
0.184074
0.068309
0.072849
0.115612
0.495854
0.084359
0.103579
0.177611
0.122501
0.101425
0.147467
0.239164
0.083128
0.156793
0.072776
0.075126
0.065129
0.315437
0.219317
0.061601
0.293148
0.073381
0.095268
0.068554
0.180797
0.047410
0.083825
0.189429
0.052433
0.182462
0.059551
0.124419
0.246709
0.223893
0.135254
0.115009
0.064768
0.068994
0.047835
0.056960
0.103579
0.272056
