0.009722
0.010233
0.009387
0.008455
0.010724
0.009171
0.010386
0.008124
0.009046
0.008338
0.008030
0.009969
0.010004
0.009221
0.008574
0.008847
0.009499
0.009053
0.011471
0.008536
0.008939
0.010344
0.009319
0.009261
0.009166
0.011965
0.011572
0.014238
0.008004
0.010145
0.007175
0.007708
0.005687
0.007195
0.008180
0.010218
0.007403
0.006956
0.010013
0.012077
0.011368
0.009391
0.008537
0.010501
0.004993
0.007305
0.006196
0.009304
0.007895
0.009727
0.012370
0.009167
0.011052
0.013074
0.007325
0.008223
0.006097
0.010041
0.007304
0.008535
0.010045
0.005809
0.010053
0.004924
0.004049
0.005064
0.006955
0.007780
0.007895
0.006625
0.000834
0.011329
0.006718
0.002674
0.010227
0.003074
0.005877
0.012766
0.008408
0.010534
0.006025
0.006876
0.006876
0.007702
0.003637
0.006979
0.001449
0.005208
0.005920
0.003936
0.002122
0.003391
0.006696
0.002342
0.007536
0.008212
0.003806
0.000247
0.004968
0.010998
