0.003117
0.038216
0.001821
0.015265
0.024074
0.001819
0.008046
0.006567
0.000818
0.008440
0.008386
0.001253
0.002357
0.017709
0.010628
0.007383
0.011269
0.003651
0.039677
0.025554
0.039987
0.036533
0.023308
0.008147
0.000292
0.053019
0.084796
0.089942
0.020708
0.091855
0.098452
0.571240
0.491005
0.117490
1.463893
0.028873
0.018430
0.022316
0.010126
0.076284
0.067416
0.116861
0.030712
0.083763
0.035689
0.004507
0.116873
0.306832
0.079956
0.136339
0.249126
0.174747
0.159385
0.103581
0.055903
0.010546
1.085921
0.020219
0.087390
0.764081
0.205215
0.013242
0.165029
0.281916
0.091263
0.138620
0.949667
0.271127
0.085280
0.038018
0.115127
0.066653
0.699714
0.011939
0.126786
0.324132
0.535591
0.034057
0.513671
0.702836
0.421334
0.722032
0.722032
0.534361
0.930036
0.363615
0.500157
0.239384
0.030822
0.873871
0.890452
0.932173
1.854881
1.649927
14.465038
0.077403
10.302220
16.053053
2.477519
0.096798
