0.887928
0.809074
1.061540
0.670463
0.430305
0.533496
0.756412
0.656789
0.785430
0.677797
0.570899
0.802716
0.846194
0.629857
0.391837
0.747414
0.597808
0.707563
0.632023
0.697925
0.845157
0.722432
0.557785
0.750254
0.940776
1.038450
0.709370
0.397150
0.800857
0.281659
0.488331
0.966678
0.671788
0.695115
0.784945
0.737567
0.836427
0.670741
0.524557
0.716300
0.640606
0.921642
0.792463
0.659977
0.925473
0.986125
0.634003
1.055000
0.800501
0.681380
0.292935
0.700664
0.648212
0.738230
0.492508
0.945951
0.469438
0.714793
0.832509
0.521725
0.173453
0.660265
0.737601
0.708161
0.909076
0.632139
1.233010
0.863668
0.656220
0.828475
0.473007
0.456520
0.779131
0.396148
0.545540
0.795001
0.575872
0.726824
0.484620
0.518935
0.584407
0.759878
0.812620
0.889266
0.865339
0.723412
0.252425
0.533261
0.533261
0.533261
0.948789
0.385039
1.108260
1.426040
0.964616
0.636181
0.790499
0.753010
0.431631
0.521725
