0.006945
0.011965
0.008455
0.009722
0.008068
0.007169
0.013070
0.005557
0.009171
0.008847
0.009499
0.011172
0.014350
0.010470
0.010711
0.009838
0.010779
0.010409
0.011547
0.009788
0.009076
0.009166
0.008020
0.008536
0.010012
0.006811
0.008004
0.011572
0.009540
0.014497
0.005687
0.010501
0.009775
0.006956
0.004951
0.008710
0.009391
0.007305
0.007460
0.006143
0.008728
0.007785
0.007038
0.008537
0.009581
0.007958
0.006194
0.008481
0.008889
0.009337
0.006810
0.008013
0.004924
0.008793
0.007895
0.008223
0.007304
0.006257
0.010998
0.006708
0.013074
0.009304
0.006265
0.010053
0.001273
0.006718
0.005157
0.008798
0.005481
0.006625
0.006984
0.000834
0.005772
0.006024
0.002674
0.010227
0.010534
0.003711
0.003074
0.006025
0.006876
0.009194
0.003520
0.003723
0.004763
0.007702
0.006979
0.006696
0.006696
0.006696
0.005208
0.002122
0.006803
0.004920
0.004968
0.003806
0.009039
0.000247
0.009046
0.006708
