30.985100
52.792200
12.820400
39.413900
31.172100
30.472400
36.791700
50.448800
19.296100
38.546000
42.462500
39.043900
36.042600
42.626000
50.019100
33.748700
32.124900
35.494100
36.204300
36.262000
44.640500
38.220900
32.490000
37.313600
36.301700
43.957000
28.941900
37.819500
41.788900
35.909300
33.298700
32.381600
46.113300
66.224900
27.041600
40.985700
30.580600
34.081300
51.813300
30.235500
44.496500
47.137700
40.583700
36.632500
40.211600
42.949800
36.304600
49.936400
36.195200
29.848200
50.748700
43.637400
34.952100
44.075400
59.169300
64.878200
62.139600
38.589800
32.803300
36.109900
38.630500
37.145600
54.763600
36.038100
36.475500
40.275000
46.862900
46.892400
35.876200
46.729100
41.001500
45.727300
46.862900
49.034100
47.206900
26.749100
33.916100
39.488000
46.626600
45.699000
48.072200
36.315900
26.740700
32.295900
48.502100
42.588000
47.881500
54.538300
43.112900
54.538300
60.287300
30.594300
48.412500
35.818400
35.435700
47.771000
35.947600
48.172300
39.043900
30.180800
