-0.789359
-0.389962
-0.902808
-0.520778
-0.547294
-0.392254
-0.969374
-0.732946
-0.590745
0.085040
-0.146377
-0.068871
-0.218623
0.166873
-0.197992
0.080978
-0.063289
-0.105509
0.705726
0.474847
0.455582
0.405287
0.689292
0.554349
1.746456
0.346107
0.142893
0.413820
0.163047
0.767317
1.294416
1.121184
0.501853
0.555243
1.279428
0.733581
1.320253
1.810528
0.400856
1.290429
1.317612
0.927305
1.156987
0.527643
0.625505
1.053551
1.177930
1.299574
1.194183
1.120473
1.548759
1.438463
1.717285
1.050393
1.073865
0.920584
1.216302
0.886782
1.752345
1.569786
1.469784
1.047704
2.807208
1.444827
1.276581
2.156668
1.428813
1.569148
2.068630
2.165909
3.457105
1.738861
1.428813
2.395575
1.748354
2.689370
1.988700
1.721669
2.270257
2.609907
1.788006
2.407766
2.179478
1.976942
1.835416
2.399668
2.744689
3.010667
2.289007
3.010667
3.292204
3.381769
3.116171
2.583919
2.979332
3.186144
4.170508
3.751848
-0.068871
1.291533
