-0.090432
0.826815
1.100392
1.399941
1.175920
1.458619
-0.499160
0.006103
1.016948
-0.194084
0.055905
1.775647
0.549579
1.105449
1.986303
-0.310962
0.933456
0.192669
-0.368164
-0.680217
0.038304
0.584655
-0.004321
-0.083040
0.806873
0.015351
0.098947
-0.955441
0.193219
-0.625879
-0.587773
0.191053
-0.027709
-0.403464
0.440164
0.718144
0.891062
-0.596847
0.428249
-0.105641
0.298023
-0.215087
0.645220
0.602426
0.305419
0.304811
0.646303
0.300986
0.124031
0.324373
-0.380388
0.025141
0.043059
-0.041698
0.270990
0.274888
0.204357
0.673372
0.915701
-0.281508
-0.194854
0.807236
0.610869
-0.159457
1.008929
0.078459
0.838745
0.127773
-0.192403
0.063889
-0.193315
0.080195
0.838745
0.884514
0.665019
0.537064
-0.364206
0.031128
-0.359993
0.276978
0.570374
-0.043227
0.167502
-0.291892
0.269347
0.130047
0.242540
0.376854
0.093974
0.376854
0.656081
0.628067
-0.250009
-0.055080
-0.260360
-0.113292
-0.191686
-0.103141
1.775647
0.463532
