0.003957
0.000818
0.077664
0.035331
0.078289
0.001821
0.003117
0.024074
0.042458
0.038954
0.038574
0.000029
0.003924
0.024434
0.011269
0.008368
0.014305
0.002357
0.091855
0.064446
0.082669
0.008147
0.058299
0.203111
0.056010
0.080742
0.096732
0.134988
0.045662
0.053019
0.183240
0.117490
0.072459
0.563140
0.103163
0.023484
0.059633
0.322152
0.088421
0.114450
0.022316
1.463893
0.099513
0.083763
0.251045
0.491005
0.107476
0.159385
0.029752
0.473806
0.096798
0.120633
0.281916
0.249126
0.079956
0.091263
0.064514
0.020219
0.103581
0.014006
0.718967
0.087390
0.165029
0.256094
0.025394
0.075706
0.084470
0.672752
0.451614
0.066653
0.006396
0.019931
0.115127
0.722032
0.168988
0.252829
0.916361
0.324132
0.535591
0.232503
0.479386
0.126786
0.034057
0.500157
0.109992
0.785407
0.363615
1.279449
0.762349
0.890452
0.873871
0.030822
3.974983
2.477519
2.091044
10.302220
0.077403
5.109369
0.000029
0.017549
