0.421279
0.795646
0.651833
1.548500
0.678470
0.794383
0.678953
0.090351
0.924156
0.421595
0.265111
0.432949
0.375307
0.538433
0.000000
0.227193
0.359607
0.079759
0.000000
0.000000
0.166068
0.484799
0.109984
0.240077
0.360717
0.115171
0.274919
0.000000
0.168291
0.236578
0.103169
0.187560
0.161585
0.342194
0.352121
0.297461
0.577625
0.201245
0.189808
0.222095
0.186661
0.359348
1.170670
0.819856
0.207413
0.117489
0.398584
0.225382
0.462305
0.731506
0.051684
0.195196
0.519732
1.037456
0.506871
0.473259
0.167934
0.656038
0.570156
0.246614
0.296897
0.146926
0.684350
0.051963
1.329068
0.320510
0.550327
0.055982
0.054941
0.592737
0.102837
0.351811
0.550327
0.482783
0.515208
0.555882
0.250547
0.371271
0.082555
1.128434
0.477559
0.105759
0.750017
0.334481
0.094269
0.377051
0.360649
0.456195
0.259688
0.456195
0.491775
0.745107
0.326999
0.080251
0.502013
0.053291
0.089422
0.415612
0.432949
0.283916
