0.551054
0.421279
1.548500
0.651833
0.678470
0.710330
0.123404
0.197436
0.795646
0.852289
0.359607
0.538433
0.265111
0.538683
0.000000
0.088620
0.432949
0.240822
0.059864
0.240077
0.858376
0.137736
0.065065
0.182454
0.449987
0.794764
0.360717
0.623430
0.484799
0.226099
0.046283
0.237329
0.103169
0.398584
0.161585
0.058558
0.000000
0.485426
1.228409
0.222095
0.577625
0.355689
0.276453
0.342883
0.186661
0.562552
0.529975
1.795145
0.195196
0.091394
0.473259
0.354410
0.220953
0.167934
0.382642
0.094694
0.139410
0.684350
0.656038
0.246614
0.506871
0.570156
1.037456
0.331069
0.092840
0.550327
0.071760
0.328337
0.227216
0.155561
0.836254
0.320510
0.055982
0.477559
0.082555
0.105759
0.250547
0.655368
0.865813
0.356736
0.624473
0.092080
0.482802
0.153801
0.934455
0.089641
0.389319
0.456195
0.456195
0.259688
0.326999
0.192496
0.745107
0.502013
0.254415
0.557480
0.053291
0.230728
0.236578
0.276453
