-58.584300
-55.517900
-57.839800
-60.530300
-56.768000
-56.339100
-57.464100
-60.551600
-57.800800
-57.177500
-57.987200
-59.390400
-57.728500
-56.399000
-55.891100
-55.938500
-56.087000
-59.245600
-54.100400
-59.328000
-56.438000
-56.920600
-57.384000
-56.869300
-55.331300
-56.062500
-54.826300
-55.535200
-58.573000
-58.494700
-58.023000
-56.821800
-57.476400
-57.674500
-57.878100
-56.692700
-57.822700
-56.492500
-57.926600
-59.256800
-55.529600
-56.301900
-58.691500
-57.675600
-58.181700
-55.215500
-58.306100
-55.788400
-56.436300
-57.778300
-58.209000
-57.111500
-56.928300
-57.588100
-58.380400
-54.881000
-57.931900
-56.230100
-56.890600
-61.348400
-59.063200
-56.947900
-57.096600
-57.753000
-57.478900
-55.974800
-57.284500
-57.230800
-55.025100
-55.495700
-57.726300
-57.016300
-55.866500
-57.480700
-59.091100
-57.480700
-58.141400
-58.616700
-56.031700
-58.914800
-57.622400
-54.735600
-55.840500
-56.966100
-55.476400
-58.859800
-58.071800
-57.764800
-57.764800
-58.020700
-57.035200
-57.880200
-57.705800
-59.555300
-58.816200
-58.261200
-55.343200
-56.459300
-56.900700
-54.100400
