0.670463
0.533496
0.430305
0.636782
0.887928
0.752844
0.431631
0.785430
0.546054
0.748750
0.755549
0.570899
0.732641
0.391837
0.655395
0.747414
0.802716
0.646351
0.800857
0.657397
0.852243
0.691397
0.801517
0.435142
0.397150
0.813395
0.497440
0.373010
0.281659
0.722432
0.456384
0.566293
0.836457
0.836427
0.925473
0.838432
0.613193
0.213598
0.790571
0.524557
0.671788
0.488331
0.659977
0.703476
0.670741
0.687243
0.731563
0.521725
0.469438
0.832509
0.934044
0.173453
0.659256
0.688839
0.660265
0.474072
0.657084
0.871615
0.747270
0.435333
0.292935
0.696640
0.800501
0.723179
0.915847
1.104550
0.863668
0.456520
0.643475
0.536500
0.779131
0.548970
0.725501
0.584407
0.404357
0.584407
0.826401
1.226460
0.545540
1.164330
0.812620
0.726824
0.502742
0.509100
0.442529
0.543443
0.723412
0.533261
0.533261
0.385039
1.113130
1.429880
0.948789
0.964616
1.029610
0.636181
0.790499
0.792337
0.575872
0.800857
