0.050950
0.030530
0.048689
0.044076
0.052616
0.047607
0.056570
0.077307
0.049139
0.038174
0.039465
0.041789
0.044424
0.041240
0.045310
0.038190
0.044062
0.045467
0.024360
0.037948
0.040624
0.041841
0.037433
0.030832
0.029465
0.046060
0.038593
0.048852
0.028491
0.048472
0.028336
0.051587
0.035442
0.031761
0.036500
0.045594
0.042612
0.033867
0.029749
0.039445
0.039536
0.035333
0.034486
0.035929
0.048581
0.038769
0.036167
0.016863
0.039782
0.046036
0.048495
0.016026
0.038613
0.046144
0.033736
0.036197
0.008528
0.072568
0.036093
0.040368
0.042984
0.052407
0.035516
0.052309
0.047590
0.030617
0.049011
0.039964
0.039086
0.034870
0.048774
0.017532
0.040289
0.024945
0.070625
0.024945
0.048194
0.020249
0.039026
0.024393
0.031257
0.045847
0.049588
0.047443
0.028340
0.021925
0.026271
0.017662
0.017662
0.018360
0.034328
0.011452
0.036398
0.031440
0.000688
0.024759
0.027088
0.039060
0.013695
0.024360
