0.009722
0.007169
0.008068
0.010724
0.006945
0.012124
0.009046
0.009171
0.009404
0.008076
0.008574
0.009499
0.008030
0.010711
0.009221
0.009838
0.011172
0.007763
0.009540
0.008294
0.009713
0.008975
0.011333
0.011471
0.011572
0.010708
0.012606
0.007901
0.014497
0.009166
0.011368
0.007175
0.008180
0.009391
0.009581
0.005488
0.010218
0.007403
0.009284
0.007460
0.009775
0.005687
0.008537
0.012077
0.007305
0.009482
0.008542
0.006708
0.007304
0.010998
0.010045
0.013074
0.004049
0.007535
0.009304
0.013643
0.007967
0.006097
0.009167
0.005809
0.006810
0.011052
0.008889
0.007175
0.008535
0.009014
0.008798
0.000834
0.008467
0.009586
0.005772
0.005348
0.007780
0.006876
0.004126
0.006876
0.005129
0.008393
0.002674
0.007597
0.003520
0.003711
0.006761
0.007310
0.006330
0.007660
0.007702
0.006696
0.006696
0.002122
0.004248
0.003936
0.005208
0.004968
0.009043
0.003806
0.009039
0.001713
0.010534
0.009540
