-0.499160
1.100392
1.175920
0.006103
0.590085
0.622450
0.826815
0.846091
1.399941
1.123858
1.136037
1.986303
1.316243
1.775647
1.627848
0.369058
0.055905
0.177044
0.348249
0.193219
0.746560
0.880827
-0.083040
0.285711
0.139380
0.806873
-0.048682
0.414901
0.294957
0.306678
2.115767
-0.454473
-0.215087
-0.007075
0.645220
-0.031557
0.376336
0.693557
-0.105641
-0.126043
-0.525729
0.304811
-0.227499
-0.008591
0.357134
-0.587773
0.446005
0.324373
0.807236
-0.380388
0.306064
0.915701
0.274888
0.361294
-0.474811
-0.182551
0.124031
-0.243234
-0.336706
0.422252
-0.159457
0.300986
-0.370728
0.204357
0.005950
0.078459
-0.168117
0.838745
-0.193315
0.051737
0.104804
0.216937
0.545775
0.884514
-0.242807
0.884514
0.166625
0.276978
0.168257
-0.335912
0.570374
2.232083
0.537064
-0.085961
0.269347
0.217415
-0.222797
-0.250009
-0.250009
0.376854
0.323381
0.656081
-0.112487
-0.055080
0.538010
-0.113292
-0.069035
-0.103141
0.442581
0.348249
