0.169934
0.169710
0.143029
0.223165
0.169077
0.164694
0.155290
0.201649
0.128097
0.171093
0.158258
0.079895
0.201810
0.146116
0.233088
0.194663
0.129274
0.162913
0.167639
0.200049
0.176048
0.242746
0.156346
0.160524
0.222205
0.224980
0.238944
0.201690
0.165570
0.205315
0.221182
0.195821
0.221608
0.235237
0.187284
0.234311
0.307796
0.179124
0.232551
0.214067
0.175653
0.181688
0.146514
0.163289
0.215517
0.161376
0.238566
0.229120
0.267334
0.187922
0.234018
0.232016
0.193320
0.168070
0.148739
0.181640
0.248675
0.211671
0.193985
0.203949
0.215105
0.195859
0.249020
0.144292
0.228678
0.217772
0.170406
0.274654
0.202113
0.236506
0.229657
0.233550
0.252261
0.268047
0.217230
0.146283
0.331394
0.211527
0.213285
0.275473
0.220170
0.244279
0.206697
0.269588
0.233534
0.261319
0.254793
0.267969
0.267969
0.245675
0.176148
0.241011
0.249866
0.202685
0.271824
0.300513
0.237393
0.261304
0.168477
0.036901
