1.175920
1.077073
0.622450
-0.090432
1.016948
-0.499160
0.006103
0.826815
0.021573
-0.310962
-0.360169
1.986303
1.123858
1.316243
0.067629
0.369058
1.775647
1.136037
0.139380
0.746560
-0.625879
-0.169893
0.038304
-0.004321
0.414901
1.268351
-0.542966
0.193219
-0.298661
0.052504
-0.454473
0.446005
0.347056
-0.008591
-0.007075
-0.215087
0.035467
-1.129666
-0.105641
0.693557
0.602426
0.718144
0.305419
-0.403464
-0.227499
-0.031557
0.384523
0.673372
0.361294
1.877733
-0.325151
0.610869
0.529227
0.270990
0.463532
1.009143
-0.159457
0.025141
-0.093438
-0.336706
-0.194854
0.302335
-0.182551
-0.243234
0.324373
0.051737
0.063889
0.104804
-0.168117
0.283785
0.514740
-0.259168
-0.192403
-0.043227
1.016369
0.570374
-0.242807
-0.087644
-0.335912
0.167502
0.665019
-0.364206
0.166625
0.242540
-0.222797
0.023222
-0.085961
-0.250009
-0.250009
-0.289241
0.656081
-0.112487
0.093974
0.076973
-0.207791
-0.113292
-0.069035
-0.103141
0.584655
-0.120897
