0.078289
0.008046
0.003380
0.003957
0.042458
0.003117
0.024074
0.000818
0.015265
0.008368
0.003651
0.011269
0.007097
0.008386
0.005458
0.008204
0.000029
0.010628
0.084796
0.134909
0.053019
0.201557
0.082669
0.058299
0.010564
0.003164
0.002398
0.045662
0.039987
0.091901
0.098452
0.001611
0.010234
0.076284
0.116861
1.463893
0.116873
0.069550
0.114450
0.018430
0.083763
0.023484
0.251045
0.563140
0.030712
0.148512
0.009653
0.020219
0.037454
0.591668
0.145120
0.165029
0.303058
0.079956
0.017549
0.184023
0.256094
0.120633
0.272752
0.174747
0.718967
0.055903
0.765406
1.085921
0.473806
0.682939
0.066653
0.795341
0.348793
0.057091
0.085280
0.387989
0.451614
0.126786
0.421334
0.479386
0.896909
0.513671
0.784898
0.034057
0.168988
0.916361
0.637064
0.363615
0.534361
0.099871
0.220490
3.974983
1.854881
0.932173
0.873871
0.239384
0.762349
1.649927
14.465038
10.302220
0.752204
6.143106
0.008147
0.101678
