490.000000
141.000000
885.000000
495.000000
1185.000000
404.000000
582.000000
1335.000000
924.000000
19.000000
1013.000000
602.000000
1029.000000
423.000000
778.000000
712.000000
759.000000
1081.000000
218.000000
488.000000
762.000000
242.000000
29.000000
160.000000
942.000000
794.000000
124.000000
253.000000
346.000000
111.000000
442.000000
722.000000
226.000000
521.000000
443.000000
514.000000
294.000000
396.000000
851.000000
229.000000
601.000000
1247.000000
293.000000
1000.000000
113.000000
120.000000
542.000000
616.000000
548.000000
1299.000000
425.000000
800.000000
1242.000000
598.000000
621.000000
926.000000
251.000000
191.000000
424.000000
127.000000
876.000000
576.000000
513.000000
1301.000000
864.000000
769.000000
573.000000
299.000000
515.000000
847.000000
545.000000
136.000000
169.000000
178.000000
962.000000
1294.000000
595.000000
206.000000
92.000000
1290.000000
604.000000
188.000000
170.000000
1320.000000
198.000000
268.000000
242.000000
309.000000
309.000000
230.000000
959.000000
845.000000
934.000000
531.000000
280.000000
266.000000
627.000000
593.000000
436.000000
269.000000
