8.858915
9.867685
9.947666
9.810303
8.888836
6.380228
10.737612
11.977048
6.263266
11.539215
7.087370
5.177332
5.075127
9.781793
10.482204
6.972896
4.897411
4.892558
4.728707
10.455191
11.754696
6.196937
5.105274
8.599691
5.856182
4.621813
12.589333
6.961594
8.678304
11.834490
6.982587
6.146863
6.359674
10.091621
7.087370
7.427960
9.009488
12.250212
8.424412
5.029554
6.370892
9.520911
10.728152
6.936091
9.941379
10.924003
8.693888
7.927761
10.110132
11.240862
5.399514
9.456664
11.298675
5.477625
13.585299
6.101535
8.326711
5.490753
5.636450
7.821324
6.936091
6.373147
4.556535
9.118001
12.644636
7.712887
6.679742
5.954946
8.572948
7.496819
7.789998
5.395180
5.775764
10.580685
8.728976
4.999162
11.046131
6.081395
9.810303
7.957275
6.353721
10.730723
7.690555
4.640299
7.198592
7.637112
10.129066
5.055773
6.705581
7.676143
8.153711
6.918621
7.285087
11.478767
10.336881
6.059407
13.268091
5.658486
12.055906
6.226895
