0.001073
0.003642
0.002305
0.004207
0.004000
0.002655
0.001201
0.001287
0.001674
0.000902
0.002275
0.003964
0.012801
0.002618
0.001943
0.003548
0.004574
0.003318
0.006576
0.000994
0.001179
0.002183
0.007051
0.002592
0.005734
0.008546
0.000601
0.003713
0.001461
0.001007
0.004365
0.005810
0.002118
0.002016
0.002275
0.001283
0.001902
0.000823
0.000878
0.004292
0.005783
0.001988
0.001078
0.004276
0.001549
0.001189
0.004226
0.001079
0.000746
0.001608
0.003436
0.000821
0.001312
0.003026
0.000387
0.008212
0.003392
0.006799
0.006249
0.004999
0.004276
0.006069
0.007674
0.003300
0.000858
0.002239
0.005873
0.003559
0.003793
0.001997
0.001247
0.002781
0.003929
0.000322
0.003760
0.004022
0.001135
0.004870
0.004207
0.006941
0.001863
0.002386
0.004302
0.006863
0.003257
0.004787
0.002938
0.004475
0.004167
0.002127
0.006022
0.003785
0.002352
0.001109
0.000959
0.006433
0.000484
0.006583
0.000866
0.003412
