0.001809
0.008683
0.005649
0.009834
0.006814
0.001657
0.003887
0.006761
0.000983
0.003953
0.001971
0.001102
0.003219
0.006060
0.005739
0.002926
0.000943
0.000680
0.001079
0.002908
0.005639
0.001237
0.001828
0.003992
0.002665
0.001178
0.004192
0.003047
0.002313
0.004979
0.003615
0.003203
0.001308
0.005193
0.001971
0.001279
0.003378
0.004881
0.001271
0.001029
0.003592
0.004208
0.003477
0.003470
0.003788
0.004119
0.006727
0.001304
0.001934
0.006273
0.001158
0.001700
0.005233
0.001084
0.004923
0.004414
0.004742
0.002460
0.002513
0.005805
0.003470
0.003774
0.000936
0.006084
0.006154
0.002495
0.004243
0.001757
0.005787
0.002046
0.001431
0.000934
0.001735
0.000985
0.006059
0.000933
0.004114
0.002588
0.009834
0.008481
0.001147
0.007703
0.004753
0.000977
0.002957
0.005181
0.007667
0.001103
0.003047
0.002337
0.007909
0.003048
0.002213
0.004745
0.002691
0.003376
0.004945
0.002688
0.004708
0.001965
