0.238459
0.197436
1.429099
0.551054
0.815914
0.924156
1.548500
0.846957
0.991818
0.239187
0.538433
0.079759
0.421595
0.265111
0.354322
0.886979
0.538683
0.852289
0.000000
0.115171
0.000000
0.059864
0.168291
0.235101
0.403306
0.226099
0.202567
0.430372
0.454108
0.233031
0.201245
0.276453
0.359348
0.187560
0.161585
0.058558
1.228409
0.342194
0.271155
1.170670
0.117489
0.355689
0.236863
0.577625
0.562552
0.342883
0.819856
0.656038
0.296897
0.283916
0.684350
0.124981
0.206312
0.139410
0.331069
0.051963
0.051684
1.037456
0.101455
0.731506
0.246614
0.570156
0.519732
0.462305
0.354410
0.196808
0.109230
0.836254
0.557281
0.441096
0.351811
0.155561
0.686975
0.082555
0.624473
0.477559
0.092080
0.105759
0.655368
0.555882
0.482783
0.371271
0.203050
0.094269
0.623050
0.285126
0.089641
0.326999
0.080172
0.491775
0.456195
0.259688
0.326999
0.386341
0.563183
0.053291
0.557480
0.230728
0.235101
0.563183
