51.194300
18.145300
51.232700
54.824400
63.591200
51.418600
55.384700
38.883600
67.863600
40.426600
47.231500
48.267100
56.426200
51.533800
26.644000
48.410200
38.732900
54.368200
47.605500
49.999800
51.198300
67.934500
56.253300
46.147600
51.096900
67.387500
37.864500
68.881400
32.859600
40.647900
55.954100
19.653100
51.472900
47.782800
54.019300
37.301300
58.317800
57.857100
39.462100
40.966600
30.161800
56.201300
65.405300
51.638500
30.943800
49.290700
65.378500
51.783300
59.653400
60.816100
53.102400
59.219100
48.093400
58.804500
50.627100
31.646100
52.057100
71.169900
26.948000
69.618800
50.193600
56.101800
49.928600
39.583600
46.088700
47.619800
36.803300
57.049200
53.541100
32.544600
40.525500
53.347100
86.753400
44.511200
63.676700
68.298200
19.044400
29.286500
56.897400
63.030100
45.610600
86.582900
36.049800
60.880600
64.023400
69.861000
71.356000
61.953200
47.055100
47.055100
43.107800
57.909200
36.623500
39.298300
73.392900
32.917200
63.847300
42.738700
58.891100
34.516600
