1045.000000
269.000000
816.000000
1033.000000
1242.000000
885.000000
582.000000
490.000000
495.000000
1038.000000
19.000000
226.000000
192.000000
712.000000
778.000000
759.000000
586.000000
1024.000000
230.000000
966.000000
611.000000
436.000000
42.000000
762.000000
489.000000
989.000000
160.000000
284.000000
1104.000000
942.000000
111.000000
945.000000
443.000000
599.000000
217.000000
10.000000
163.000000
583.000000
113.000000
1208.000000
294.000000
207.000000
851.000000
17.000000
601.000000
1315.000000
1102.000000
1301.000000
298.000000
1198.000000
224.000000
576.000000
1299.000000
191.000000
513.000000
889.000000
800.000000
876.000000
559.000000
1249.000000
251.000000
119.000000
548.000000
598.000000
211.000000
104.000000
169.000000
643.000000
545.000000
618.000000
15.000000
847.000000
191.000000
938.000000
1193.000000
284.000000
595.000000
178.000000
88.000000
92.000000
962.000000
637.000000
508.000000
583.000000
1320.000000
936.000000
198.000000
1181.000000
309.000000
309.000000
568.000000
845.000000
1180.000000
280.000000
531.000000
266.000000
627.000000
278.000000
299.000000
597.000000
