0.000929
0.000642
0.010224
0.000971
0.008849
0.000541
0.011251
0.006052
0.000875
0.010868
0.001102
0.010641
0.013730
0.010007
0.013724
0.000817
0.012233
0.009414
0.014135
0.008949
0.001157
0.010169
0.011380
0.011174
0.001124
0.000615
0.012262
0.004637
0.009800
0.009342
0.001099
0.000863
0.000861
0.000981
0.001125
0.008710
0.001450
0.001228
0.000980
0.012943
0.016756
0.001066
0.000918
0.001074
0.000883
0.001356
0.013486
0.001810
0.023045
0.011312
0.005983
0.004889
0.001606
0.000830
0.001085
0.001739
0.010265
0.010774
0.000675
0.001376
0.000761
0.000949
0.006421
0.012850
0.000780
0.010591
0.001297
0.000958
0.001144
0.013389
0.001068
0.000440
0.000607
0.009152
0.001504
0.007642
0.001361
0.007279
0.009790
0.008083
0.013171
0.000789
0.011186
0.000775
0.011274
0.013211
0.009648
0.000953
0.000405
0.000405
0.007919
0.000996
0.006935
0.005936
0.000372
0.009869
0.001711
0.006714
0.000947
0.000989
