0.002564
0.001700
0.003477
0.002673
0.003310
0.006814
0.004745
0.003093
0.000985
0.007667
0.001081
0.002495
0.005976
0.002740
0.004861
0.006126
0.005639
0.000605
0.002957
0.001735
0.001657
0.006539
0.001158
0.004291
0.003470
0.001952
0.004923
0.004785
0.002419
0.005805
0.004742
0.000829
0.002513
0.002610
0.000977
0.005660
0.004979
0.006056
0.004531
0.002908
0.003777
0.001271
0.002140
0.001079
0.007077
0.006383
0.003376
0.001054
0.004488
0.001178
0.003953
0.005181
0.004753
0.003378
0.000434
0.002748
0.005787
0.000933
0.006597
0.000768
0.003203
0.007666
0.003912
0.000983
0.002495
0.004709
0.006660
0.002295
0.002872
0.007405
0.004916
0.008481
0.000811
0.003274
0.002341
0.001965
0.002520
0.001237
0.001084
0.004114
0.004697
0.000934
0.002939
0.002460
0.007703
0.003903
0.006060
0.007909
0.001308
0.005203
0.000987
0.001996
0.009834
0.003047
0.003354
0.002090
0.002331
0.005916
0.002688
0.003048
