0.238459
0.197436
0.815914
0.236075
0.794383
0.421279
1.548500
0.551054
0.622449
0.432949
0.886979
1.211377
0.079759
0.852289
0.872954
0.538433
0.239187
0.000000
0.403306
0.380070
0.240077
0.115171
0.000000
1.583880
0.109984
0.206036
0.353473
0.000000
0.449987
0.236578
0.222095
0.046283
0.247097
0.185615
0.324885
0.342883
0.186661
0.000000
0.099615
0.819856
0.279980
0.237329
0.058558
0.236863
0.355689
0.207413
0.398584
0.542593
0.331069
0.206312
0.473259
0.203102
0.684350
0.146926
0.570156
0.354410
0.199903
1.329068
0.092840
0.246614
0.748523
0.506871
0.519732
0.296897
0.283916
0.054941
0.454384
0.320767
0.686975
0.557281
0.351811
0.592737
0.550327
0.655368
0.865813
1.128434
0.093176
0.087791
0.105759
0.624473
0.477559
0.482783
0.371271
0.377051
0.285126
0.094269
0.296571
0.259688
0.326999
0.322937
0.456195
0.745107
0.080172
0.386341
0.563183
0.089422
0.053291
0.415612
0.538683
0.285126
