0.000425
0.001929
0.000216
0.004090
0.003167
0.000342
0.000622
0.000372
0.004500
0.004003
0.000416
0.000387
0.000441
0.000413
0.004893
0.003098
0.005274
0.005490
0.003930
0.003600
0.000479
0.004183
0.000436
0.003210
0.004887
0.002855
0.000450
0.004470
0.003600
0.005044
0.000625
0.004354
0.000429
0.005395
0.002800
0.000345
0.005023
0.000252
0.000329
0.003721
0.000426
0.000440
0.000365
0.000491
0.004827
0.000409
0.000353
0.000724
0.000270
0.004250
0.001956
0.004106
0.003736
0.000530
0.000434
0.000407
0.006324
0.004125
0.000643
0.000550
0.002656
0.002111
0.002568
0.000430
0.000304
0.005356
0.003370
0.000176
0.006639
0.000379
0.000464
0.001460
0.004236
0.003195
0.003805
0.000463
0.003916
0.000316
0.004474
0.003057
0.004061
0.005687
0.003661
0.000253
0.000160
0.006033
0.000310
0.002774
0.000381
0.000381
0.000162
0.000398
0.000162
0.002375
0.000149
0.000591
0.000684
0.002686
0.000413
0.004474
