0.042458
0.015265
0.003380
0.025430
0.002938
0.197037
0.001819
0.006103
0.007058
0.008204
0.017709
0.007097
0.008368
0.029675
0.024434
0.011269
0.038574
0.005458
0.003164
0.084796
0.023308
0.010258
0.019493
0.000292
0.064446
0.201557
0.056010
0.053019
0.036533
0.134909
0.491005
0.069550
0.571240
0.078218
0.148512
0.067416
0.563140
0.251045
0.017572
0.178936
0.117490
0.434733
0.010126
0.107476
0.010234
0.035689
0.083763
1.085921
0.096798
0.272752
0.055903
0.165029
0.014006
0.087390
0.765406
0.017549
0.184023
0.013242
0.591668
0.136339
0.473806
0.020219
0.037454
0.118938
0.256094
0.084470
0.699714
0.057091
0.790167
0.795341
0.066653
0.672752
0.038018
0.513671
0.702836
0.007892
0.535591
0.011939
0.079345
0.324132
0.479386
0.168988
0.722032
1.342911
0.109992
0.099871
0.252098
0.030822
1.279449
0.890452
1.854881
0.239384
3.974983
4.426157
1.649927
0.077403
0.752204
5.512727
0.050669
0.079345
