0.924156
0.236075
0.573553
0.622449
0.991818
0.551054
0.815914
0.846957
0.401877
0.886979
0.952438
1.211377
0.227193
0.239187
0.538433
0.000000
0.265111
0.235216
0.226099
0.065065
0.858376
0.623430
0.353473
0.200956
0.000000
0.059864
0.360717
0.236578
0.403306
0.233031
0.117489
0.000000
0.070577
0.347311
0.185615
0.643809
0.342194
0.207413
0.236863
0.342883
0.187560
0.279980
0.485426
0.398584
0.276453
0.355689
0.819856
0.336105
0.051684
0.542593
0.748523
0.684350
0.246614
0.146926
0.094694
0.283916
1.266268
0.231447
1.795145
0.786341
0.731506
0.656038
0.337206
0.354410
0.051963
0.550327
0.686975
0.836254
0.071760
0.132384
0.592737
0.055982
0.155561
0.087791
0.244489
0.203050
0.082555
0.624473
0.482802
0.371271
0.477559
0.515208
0.482783
0.296571
0.094269
0.089641
0.153801
0.745107
0.456195
0.456195
0.326999
0.322937
0.326999
0.193907
0.111707
0.089422
0.557480
0.230728
0.106308
0.482802
