0.001178
0.002665
0.002872
0.002313
0.002419
0.006413
0.001700
0.007909
0.006375
0.006625
0.004742
0.000985
0.002337
0.000805
0.003592
0.001013
0.002954
0.004931
0.001279
0.002896
0.003212
0.006738
0.002908
0.003903
0.004914
0.006383
0.003720
0.003048
0.000768
0.003203
0.001809
0.001103
0.005515
0.003167
0.003774
0.001952
0.004334
0.000434
0.001237
0.002610
0.006060
0.002871
0.006154
0.001054
0.001965
0.004923
0.004708
0.000912
0.005203
0.003797
0.007140
0.002688
0.003038
0.005649
0.005554
0.002564
0.006517
0.004753
0.008563
0.004979
0.005663
0.005739
0.002711
0.006060
0.006914
0.001386
0.000983
0.001964
0.002495
0.003992
0.001304
0.005787
0.003953
0.003219
0.000895
0.003167
0.005660
0.001308
0.006816
0.001492
0.001431
0.000934
0.005359
0.002341
0.004785
0.003169
0.009834
0.003477
0.008683
0.002513
0.003093
0.004488
0.004119
0.004414
0.003777
0.002046
0.004392
0.005219
0.004745
0.002691
