0.388063
0.622450
1.077073
1.016948
1.102857
-0.598076
0.239021
0.021573
0.006103
0.369058
0.067629
0.549579
1.138805
1.775647
1.123858
-0.360169
0.933456
0.192669
-0.208025
0.294957
0.682779
-0.048682
0.218643
0.015351
0.277312
0.193219
0.806873
0.746560
-0.368164
0.285711
0.428249
0.191053
-0.403464
0.124505
0.376336
0.440164
-0.596847
0.396485
0.693557
0.035467
-0.432909
-1.129666
2.115767
0.384523
0.602426
0.718144
0.446005
-0.159457
0.673372
-0.325151
0.300986
0.250469
0.270990
-0.281508
0.610869
0.615556
0.463532
-0.182551
-0.060163
1.009143
0.274888
-0.013572
0.204357
-0.001780
-0.336706
0.358218
0.481959
0.080195
0.051737
0.838745
-0.399665
0.514740
-0.168117
-0.364206
0.166625
2.232083
0.884514
0.537064
0.167502
0.031128
-0.087644
-0.359993
0.570374
0.193237
0.496309
0.217415
1.131318
-0.250009
0.656081
-0.289241
0.376854
0.093974
0.628067
0.538010
-0.055080
-0.113292
-0.069035
-0.103141
0.463532
0.388063
