582.000000
885.000000
141.000000
1185.000000
832.000000
897.000000
654.000000
924.000000
582.000000
712.000000
778.000000
1024.000000
1038.000000
759.000000
1029.000000
1013.000000
192.000000
150.000000
42.000000
1229.000000
1032.000000
611.000000
989.000000
125.000000
1130.000000
253.000000
489.000000
488.000000
910.000000
284.000000
266.000000
207.000000
1000.000000
97.000000
1315.000000
671.000000
10.000000
599.000000
229.000000
294.000000
1102.000000
396.000000
945.000000
542.000000
601.000000
1247.000000
722.000000
251.000000
616.000000
425.000000
889.000000
665.000000
598.000000
90.000000
800.000000
1249.000000
621.000000
513.000000
765.000000
926.000000
942.000000
174.000000
322.000000
211.000000
127.000000
1265.000000
976.000000
844.000000
769.000000
618.000000
15.000000
545.000000
515.000000
188.000000
170.000000
995.000000
938.000000
1193.000000
1290.000000
284.000000
206.000000
88.000000
1294.000000
583.000000
885.000000
210.000000
1247.000000
309.000000
959.000000
230.000000
1181.000000
934.000000
1180.000000
641.000000
266.000000
266.000000
627.000000
593.000000
621.000000
582.000000
