0.391251
0.087284
0.147159
0.409691
0.103507
0.159330
0.052822
0.246202
0.339696
0.067718
0.145349
0.511274
0.349344
0.372536
0.380063
0.202583
0.349586
0.354240
0.168281
0.265694
0.079357
0.105263
0.159673
0.058441
0.230728
0.108686
0.195891
0.054547
0.272056
0.208686
0.251690
0.105026
0.196328
0.192726
0.116690
0.293370
0.182010
0.066775
0.144509
0.114485
0.071394
0.094734
0.055600
0.202537
0.191914
0.512005
0.139075
0.184074
0.112387
0.119972
0.115612
0.237612
0.200815
0.172069
0.084359
0.294214
0.272227
0.229095
0.103579
0.086029
0.131857
0.147225
0.132860
0.240714
0.162939
0.130674
0.093182
0.239164
0.098899
0.246789
0.101425
0.131564
0.088040
0.107238
0.061601
0.145110
0.221326
0.075126
0.315437
0.273570
0.065129
0.315437
0.180797
0.082194
0.189429
0.068741
0.250090
0.059551
0.246709
0.059551
0.059551
0.135254
0.208626
0.064768
0.076089
0.068994
0.096234
0.056960
0.196328
0.117934
