1.548500
0.710330
0.090351
0.794383
0.236075
0.293047
0.551054
0.864421
1.429099
0.088620
0.421595
0.000000
1.211377
0.872954
0.852289
0.239187
0.952438
0.359607
0.115171
0.858376
0.137736
0.168291
0.206036
0.000000
0.202567
0.059864
0.380070
0.000000
0.360717
0.200956
0.334678
0.117489
0.297461
1.228409
0.271155
1.170670
0.237329
0.342194
0.099615
0.201245
0.359348
0.046283
0.070577
0.398584
0.187560
0.643809
0.210109
0.473259
0.203102
0.167934
0.092840
0.354410
0.124981
0.519732
0.051963
1.329068
0.146926
0.225382
0.139410
0.094694
0.506871
0.542593
1.037456
1.266268
0.331069
0.253046
0.054941
0.686975
0.738330
0.550327
0.196808
0.109230
0.055982
0.203050
0.371271
0.092080
1.128434
0.482802
0.482783
0.515208
0.093176
0.482783
0.750017
0.334481
0.360649
0.377051
0.296571
0.326999
0.192496
0.326999
0.326999
0.080172
0.745107
0.386341
0.193907
0.053291
0.557480
0.415612
0.297461
0.354322
