38.841700
64.410100
35.753200
51.082500
55.384700
50.739900
54.824400
27.187200
51.194300
44.852700
48.267100
20.449900
49.220500
38.913200
38.732900
47.584100
53.495100
54.368200
50.501000
56.253300
46.147600
64.004300
37.864500
32.859600
36.044600
30.562300
47.605500
38.852100
40.647900
43.933600
110.872000
29.438400
65.378500
28.071100
58.228500
39.573100
47.813700
37.301300
34.994700
60.793100
39.462100
49.897600
19.653100
30.943800
60.268500
51.638500
56.201300
26.948000
38.254000
52.057100
42.714600
54.429700
33.180200
53.102400
53.508500
45.579900
71.169900
77.290300
48.093400
69.618800
17.053800
46.088700
53.301800
42.400900
47.183600
60.830100
54.530300
40.525500
36.181400
70.488100
50.116900
83.015900
86.753400
29.886300
19.044400
29.286500
36.049800
51.670900
25.425400
56.897400
68.298200
44.511200
57.097100
34.516600
64.023400
74.445300
32.478400
47.055100
71.620900
47.055100
56.193700
61.953200
43.107800
50.785800
39.298300
85.116300
32.917200
38.980700
42.738700
38.980700
