0.409691
0.052822
0.364224
0.125524
0.205274
0.251016
0.246202
0.103507
0.070599
0.182517
0.067718
0.465809
0.380063
0.511274
0.327394
0.145349
0.117934
0.253167
0.220247
0.176292
0.115167
0.105263
0.177947
0.251893
0.108686
0.168281
0.219446
0.230728
0.211422
0.265694
0.141947
0.161345
0.161507
0.180902
0.139075
0.121292
0.274652
0.114485
0.071394
0.138373
0.093221
0.098204
0.512005
0.285462
0.248596
0.055600
0.191914
0.092293
0.147225
0.283448
0.305883
0.112387
0.168523
0.111167
0.272227
0.200815
0.105995
0.132860
0.495854
0.309438
0.240714
0.097833
0.184074
0.279675
0.119972
0.239164
0.179017
0.131564
0.049281
0.186619
0.101425
0.088040
0.083128
0.136801
0.068554
0.070341
0.075126
0.273570
0.145110
0.095268
0.061601
0.315437
0.221326
0.068741
0.189429
0.250090
0.180216
0.059551
0.135254
0.059551
0.124419
0.182462
0.246709
0.072351
0.076089
0.047835
0.068994
0.056960
0.153879
0.056960
