1.458619
-0.598076
1.077073
-0.499160
0.388063
0.846091
0.535049
0.021573
-0.829913
0.192669
-0.225930
1.579743
1.136037
1.986303
1.105449
-0.194084
-0.360169
0.549579
0.277312
-0.208025
-0.625879
0.193219
-0.004321
0.272776
-0.169893
0.015351
0.098947
0.348249
0.414901
0.671445
0.234651
0.305419
-0.432909
0.440164
-0.454473
-0.008591
0.891062
-0.596847
-0.215087
0.428249
-0.227499
-0.587773
2.115767
0.602426
0.446005
-0.621712
0.191053
-0.380388
-0.093438
0.610869
0.673372
-0.370728
0.250469
-0.143231
0.807236
0.306064
-0.194854
-0.041698
1.877733
0.615556
1.009143
-0.001780
0.274888
0.915701
0.204357
0.481959
0.216937
-0.399665
-0.121593
0.080195
-0.316823
0.127773
0.078459
-0.087644
-0.242807
-0.043227
-0.218070
0.665019
0.166625
-0.359993
0.031128
0.884514
0.276978
0.130047
0.242540
1.131318
0.496309
-0.250009
-0.289241
-0.250009
0.093974
0.376854
0.323381
-0.260360
-0.207791
-0.191686
-0.113292
-0.103141
0.636413
-0.103141
