0.073117
0.092070
0.094510
0.074683
0.097175
0.113120
0.090832
0.171525
0.092705
0.086169
0.115079
0.104543
0.103260
0.095379
0.112145
0.096489
0.099648
0.128077
0.084240
0.092656
0.116514
0.160091
0.107612
0.111264
0.088918
0.094575
0.090098
0.118599
0.130229
0.127762
0.125706
0.123620
0.097202
0.110632
0.115972
0.120055
0.104920
0.174133
0.082425
0.120409
0.129261
0.127949
0.129576
0.095252
0.097717
0.111080
0.118853
0.109560
0.139965
0.199406
0.131418
0.139148
0.145187
0.109628
0.169488
0.093381
0.159150
0.119259
0.136756
0.185947
0.171875
0.126259
0.159545
0.137742
0.123627
0.113645
0.102882
0.113012
0.146600
0.126078
0.106795
0.144083
0.165029
0.120139
0.132607
0.116278
0.092693
0.140549
0.120866
0.111130
0.188191
0.164806
0.140549
0.167193
0.181279
0.158449
0.164476
0.132056
0.161999
0.161999
0.124080
0.119885
0.121587
0.163182
0.144043
0.187720
0.138024
0.153837
0.120299
0.199406
