0.000592
0.000971
0.001096
0.007673
0.010623
0.010224
0.000929
0.001556
0.006052
0.001102
0.011211
0.000790
0.010868
0.010641
0.009414
0.001040
0.011528
0.013730
0.000923
0.009800
0.010825
0.014135
0.001157
0.012611
0.011380
0.007354
0.000709
0.008999
0.012262
0.008025
0.000861
0.001228
0.000918
0.000980
0.000981
0.001563
0.001066
0.001356
0.013486
0.000913
0.011888
0.000863
0.001450
0.001258
0.007194
0.008710
0.009361
0.013050
0.001325
0.000649
0.001085
0.001470
0.011312
0.006421
0.001376
0.000830
0.009339
0.006414
0.010774
0.001810
0.015856
0.000918
0.011183
0.000675
0.001076
0.001046
0.001144
0.013934
0.001159
0.000888
0.000718
0.001031
0.001005
0.008083
0.007642
0.009790
0.000789
0.009152
0.013171
0.001157
0.013994
0.010153
0.009152
0.013372
0.011274
0.009648
0.001662
0.007919
0.000405
0.000405
0.000953
0.004775
0.007919
0.005936
0.001631
0.001711
0.009869
0.000832
0.001090
0.000649
