-61.443700
-60.530300
-57.808400
-57.040700
-59.533700
-58.352200
-59.417700
-61.001400
-58.061700
-56.068600
-58.330300
-55.938500
-57.728500
-57.120600
-56.087000
-58.816000
-56.399000
-57.262200
-55.000800
-56.090000
-58.556100
-59.927000
-56.043600
-58.494700
-56.608400
-58.409300
-55.331300
-58.539800
-56.112600
-56.423800
-55.717800
-59.893000
-56.646300
-58.181700
-57.037500
-58.240400
-56.301900
-56.082200
-57.675600
-56.239600
-54.420600
-57.878100
-59.256800
-55.529600
-57.717900
-54.382700
-59.038500
-56.182700
-56.230100
-56.928300
-58.297300
-57.096600
-60.490200
-59.007400
-58.744300
-57.046300
-56.528000
-54.881000
-58.209000
-58.380400
-58.138400
-59.335400
-57.923400
-57.778300
-57.753000
-54.702600
-57.230800
-57.284500
-56.444000
-58.663800
-57.560900
-56.503800
-57.230800
-56.446500
-58.914800
-57.480700
-56.031700
-57.480700
-58.616700
-56.900700
-56.528600
-59.253000
-58.144700
-58.041500
-56.966100
-57.076500
-59.118400
-57.705800
-54.340500
-58.020700
-57.764800
-56.149900
-57.035200
-55.311600
-58.816200
-58.261200
-55.053200
-56.459300
-58.104700
-58.573000
