67.863600
63.062700
27.187200
61.392300
48.241900
54.824400
51.232700
64.410100
18.145300
47.584100
26.644000
51.533800
53.010800
40.426600
45.149400
53.495100
48.410200
38.732900
50.501000
43.639700
49.999800
57.658400
36.044600
49.561200
56.016100
67.934500
25.591500
46.147600
30.562300
51.926900
65.378500
44.184300
51.638500
40.966600
37.301300
29.438400
64.263300
72.473700
39.573100
62.794100
55.954100
50.866000
58.317800
45.252800
66.990200
47.813700
57.857100
46.088700
51.783300
53.301800
60.816100
54.429700
71.169900
53.102400
69.618800
57.749800
29.155800
50.627100
45.579900
61.704500
31.895400
42.714600
77.290300
26.948000
47.183600
50.288100
32.544600
52.156500
53.541100
36.181400
50.514600
40.525500
32.544600
29.286500
63.030100
44.511200
86.582900
44.511200
57.097100
37.996500
13.070300
68.298200
56.897400
60.880600
40.696400
64.023400
66.752300
57.909200
56.193700
61.953200
47.055100
71.620900
43.107800
73.392900
50.340800
32.917200
85.116300
38.980700
59.219100
54.313400
