0.008748
0.010724
0.008455
0.013070
0.006151
0.008438
0.009109
0.011965
0.002688
0.010470
0.010779
0.009838
0.008030
0.008847
0.011172
0.009053
0.010711
0.006943
0.011974
0.008939
0.007646
0.008109
0.011605
0.009166
0.008020
0.009261
0.011572
0.011965
0.008750
0.008536
0.007038
0.008858
0.007708
0.007305
0.007468
0.008505
0.005687
0.006956
0.012077
0.006143
0.010202
0.009581
0.007460
0.009775
0.004993
0.006194
0.007785
0.008223
0.006097
0.004049
0.010007
0.008889
0.009356
0.006271
0.009727
0.008013
0.001273
0.013643
0.010045
0.009304
0.010832
0.010041
0.012370
0.010998
0.007175
0.006163
0.000834
0.008798
0.007895
0.002753
0.006955
0.008560
0.000834
0.010227
0.007597
0.006876
0.002674
0.006876
0.008393
0.010534
0.006189
0.003074
0.005877
0.005368
0.007310
0.006979
0.007150
0.005208
0.006803
0.002122
0.006696
0.003391
0.004248
0.002342
0.009043
0.003806
0.008212
0.001713
0.007325
0.014497
