495.000000
582.000000
924.000000
654.000000
832.000000
1033.000000
816.000000
897.000000
269.000000
796.000000
778.000000
712.000000
423.000000
1038.000000
426.000000
1013.000000
759.000000
586.000000
1130.000000
346.000000
966.000000
124.000000
242.000000
424.000000
29.000000
436.000000
218.000000
762.000000
125.000000
1032.000000
1102.000000
97.000000
17.000000
1208.000000
10.000000
293.000000
209.000000
497.000000
521.000000
1247.000000
111.000000
1112.000000
163.000000
10.000000
1339.000000
804.000000
583.000000
211.000000
1301.000000
942.000000
1198.000000
7.000000
876.000000
224.000000
1249.000000
425.000000
621.000000
513.000000
667.000000
37.000000
90.000000
616.000000
1271.000000
559.000000
322.000000
195.000000
618.000000
515.000000
545.000000
258.000000
888.000000
15.000000
618.000000
178.000000
92.000000
938.000000
637.000000
938.000000
1211.000000
520.000000
188.000000
284.000000
88.000000
583.000000
242.000000
1320.000000
272.000000
845.000000
934.000000
1181.000000
309.000000
230.000000
568.000000
531.000000
641.000000
266.000000
611.000000
593.000000
576.000000
1229.000000
