0.001902
0.005230
0.002118
0.003929
0.003747
0.000745
0.002386
0.002945
0.006583
0.002283
0.001675
0.000821
0.002057
0.004207
0.003793
0.002082
0.001723
0.006433
0.006478
0.009740
0.003964
0.003233
0.007248
0.000959
0.007687
0.001152
0.004207
0.000322
0.002859
0.006799
0.000887
0.008212
0.000687
0.003026
0.004009
0.001433
0.004363
0.004207
0.001988
0.003760
0.006973
0.004276
0.009120
0.005498
0.003434
0.001247
0.002239
0.008546
0.000387
0.000484
0.001608
0.003582
0.005979
0.003127
0.001549
0.006069
0.004195
0.001404
0.005075
0.001561
0.000878
0.000851
0.004808
0.002959
0.004167
0.003056
0.000902
0.000934
0.003553
0.001556
0.004365
0.001078
0.004022
0.001073
0.002690
0.012801
0.000430
0.001747
0.003642
0.004692
0.003323
0.001126
0.006022
0.004405
0.000894
0.000710
0.001453
0.006814
0.006249
0.000731
0.007954
0.001283
0.001147
0.001011
0.001179
0.004993
0.000934
0.002655
0.004925
0.003785
