0.001096
0.007673
0.000854
0.013565
0.000929
0.006052
0.007916
0.000875
0.008849
0.009532
0.010868
0.011211
0.013730
0.000967
0.000817
0.001040
0.001070
0.010641
0.008949
0.012611
0.001001
0.010825
0.004637
0.001230
0.001124
0.000709
0.008025
0.000615
0.001090
0.012262
0.012943
0.000981
0.000863
0.012559
0.001108
0.001258
0.001099
0.012066
0.003903
0.000631
0.010084
0.000883
0.001024
0.001237
0.000892
0.010885
0.001450
0.001810
0.011312
0.012850
0.000367
0.000761
0.010311
0.005983
0.000949
0.000830
0.009339
0.006414
0.000948
0.012019
0.006640
0.015856
0.023045
0.010774
0.000696
0.001033
0.010591
0.013389
0.001381
0.000607
0.013934
0.006553
0.016596
0.009152
0.013994
0.009790
0.012071
0.007642
0.007279
0.010153
0.001361
0.008083
0.000789
0.000401
0.009648
0.013211
0.010203
0.004775
0.000953
0.000417
0.000405
0.000405
0.006935
0.000372
0.001631
0.001476
0.001711
0.000832
0.000405
0.010066
