0.251016
0.167790
0.356057
0.198051
0.087284
0.103507
0.250225
0.364224
0.147159
0.349586
0.511274
0.067718
0.145349
0.380063
0.289673
0.465809
0.182517
0.282441
0.058441
0.079357
0.159673
0.093511
0.278372
0.419027
0.115167
0.095383
0.189754
0.246250
0.230728
0.185379
0.034862
0.161507
0.055600
0.141947
0.105026
0.210603
0.099051
0.066775
0.181654
0.219859
0.114485
0.219377
0.139075
0.144509
0.084134
0.182010
0.094734
0.131857
0.240714
0.495854
0.068309
0.200815
0.206227
0.105995
0.147225
0.133038
0.084076
0.272227
0.086029
0.172752
0.100989
0.305883
0.119972
0.132860
0.202107
0.291010
0.049281
0.253760
0.183576
0.101425
0.072776
0.186619
0.122501
0.073381
0.145110
0.068554
0.221326
0.065129
0.070341
0.273570
0.204506
0.075126
0.136801
0.082194
0.154729
0.180216
0.250090
0.059551
0.208626
0.246709
0.135254
0.124419
0.156552
0.072351
0.076452
0.096234
0.068994
0.056960
0.182517
0.119972
