1005.000000
495.000000
789.000000
885.000000
662.000000
924.000000
816.000000
141.000000
582.000000
749.000000
602.000000
226.000000
796.000000
1081.000000
1038.000000
890.000000
150.000000
712.000000
784.000000
611.000000
430.000000
910.000000
1014.000000
794.000000
762.000000
284.000000
111.000000
488.000000
495.000000
29.000000
396.000000
1102.000000
17.000000
958.000000
209.000000
1339.000000
599.000000
1000.000000
120.000000
97.000000
10.000000
497.000000
442.000000
10.000000
111.000000
443.000000
294.000000
598.000000
926.000000
1299.000000
298.000000
667.000000
864.000000
876.000000
424.000000
425.000000
1301.000000
651.000000
513.000000
548.000000
621.000000
616.000000
322.000000
1271.000000
576.000000
888.000000
258.000000
1265.000000
545.000000
431.000000
803.000000
844.000000
136.000000
188.000000
170.000000
595.000000
1211.000000
92.000000
178.000000
604.000000
1193.000000
508.000000
206.000000
936.000000
210.000000
885.000000
1247.000000
309.000000
1180.000000
568.000000
230.000000
934.000000
845.000000
931.000000
266.000000
627.000000
266.000000
593.000000
150.000000
322.000000
