0.834204
0.770625
0.886504
0.887928
0.613854
0.752844
0.733800
0.431631
0.670463
0.732641
0.798471
0.790757
0.677797
0.802716
0.629857
0.755549
0.748750
0.646351
0.813395
0.800857
0.632023
0.785676
0.629946
0.667799
0.697925
0.750254
0.479149
0.435142
0.497440
0.698501
0.925473
0.670741
0.795519
0.836427
0.550586
0.659977
0.213598
0.790571
0.795029
0.634003
0.488120
0.566293
0.836457
0.456384
0.719629
0.966678
0.703476
0.492508
0.292935
0.474072
0.909076
0.289897
0.186576
0.735958
0.871615
0.594495
0.696640
0.945951
0.655649
0.737601
0.745598
0.925858
0.738230
0.708161
0.435333
0.877537
0.456520
0.536500
0.758477
0.662309
0.863668
0.700425
0.656220
0.584407
0.484620
0.404357
0.840123
1.164330
0.336454
0.545540
0.502742
0.584407
0.759878
0.414880
0.252425
0.723412
0.759276
0.533261
0.533261
0.533261
0.385039
1.113130
1.108260
0.841696
1.426040
0.670649
0.790499
0.753010
0.336454
0.764274
