0.049134
0.032538
0.058769
0.052616
0.048737
0.047607
0.042583
0.056570
0.050950
0.044424
0.036765
0.037773
0.039555
0.044062
0.037472
0.039465
0.038174
0.045467
0.046060
0.024360
0.042120
0.037941
0.032113
0.039405
0.024272
0.040645
0.045069
0.030832
0.038593
0.048105
0.036500
0.048581
0.039331
0.031761
0.035168
0.034486
0.033867
0.029749
0.022349
0.047309
0.037992
0.051587
0.035442
0.028336
0.027924
0.016812
0.035929
0.040485
0.042984
0.036197
0.022494
0.033980
0.032667
0.035456
0.072568
0.032391
0.052407
0.046435
0.037641
0.031281
0.035816
0.031392
0.049368
0.048404
0.040368
0.044425
0.039964
0.034870
0.045550
0.036186
0.049011
0.033353
0.037975
0.024945
0.031715
0.070625
0.019278
0.024393
0.027608
0.039026
0.049588
0.024945
0.023390
0.030827
0.046030
0.026271
0.028552
0.017662
0.017662
0.017662
0.018360
0.034328
0.050502
0.035067
0.046807
0.028634
0.027088
0.028231
0.027608
0.054807
