0.169710
0.036901
0.223165
0.161861
0.126082
0.143029
0.183954
0.201649
0.164694
0.146116
0.171093
0.178878
0.149091
0.182944
0.148956
0.162913
0.201810
0.163255
0.239144
0.110521
0.193550
0.242746
0.234046
0.148101
0.183750
0.168722
0.147321
0.111869
0.205416
0.238944
0.188346
0.192516
0.169365
0.187284
0.195592
0.215517
0.214067
0.232551
0.178097
0.236617
0.221315
0.221182
0.234311
0.236229
0.230775
0.175653
0.235237
0.168070
0.248675
0.249020
0.148739
0.231589
0.230148
0.195859
0.144292
0.153913
0.198369
0.176519
0.193985
0.187922
0.215105
0.211671
0.249851
0.232016
0.231387
0.186506
0.256725
0.217772
0.252261
0.174550
0.202113
0.179312
0.308398
0.206136
0.170631
0.331394
0.244279
0.213285
0.275473
0.203173
0.275949
0.206136
0.199295
0.214774
0.269588
0.233534
0.338173
0.267969
0.267969
0.267969
0.261265
0.261319
0.249866
0.202685
0.360487
0.289875
0.237393
0.326825
0.275473
0.159500
