0.364224
0.049070
0.167790
0.303152
0.339696
0.198051
0.070599
0.272104
0.125524
0.494508
0.115429
0.067718
0.289673
0.190219
0.145349
0.380063
0.349344
0.202583
0.272056
0.230728
0.159673
0.108686
0.061582
0.278372
0.251893
0.297230
0.220247
0.095383
0.079357
0.054547
0.293370
0.208164
0.143147
0.182010
0.228526
0.093221
0.251690
0.120858
0.099051
0.274652
0.084134
0.139075
0.071394
0.512005
0.191914
0.285462
0.121292
0.131857
0.084359
0.086029
0.100989
0.111167
0.132860
0.202107
0.084076
0.309438
0.229095
0.097833
0.147225
0.495854
0.105995
0.072849
0.103579
0.283448
0.170630
0.186619
0.246789
0.166342
0.093182
0.072776
0.078671
0.049281
0.098899
0.315437
0.061601
0.068554
0.073381
0.065129
0.180797
0.180883
0.204506
0.315437
0.107238
0.142475
0.189429
0.076672
0.068741
0.059551
0.059551
0.059551
0.182462
0.246709
0.124419
0.115009
0.457842
0.047835
0.096234
0.153879
0.180797
0.198940
