141.000000
269.000000
495.000000
472.000000
832.000000
885.000000
1045.000000
1335.000000
404.000000
423.000000
19.000000
226.000000
1038.000000
426.000000
796.000000
1081.000000
1029.000000
409.000000
489.000000
495.000000
430.000000
242.000000
966.000000
1014.000000
1104.000000
1032.000000
1130.000000
284.000000
611.000000
124.000000
1112.000000
1208.000000
217.000000
443.000000
423.000000
113.000000
229.000000
851.000000
599.000000
804.000000
111.000000
442.000000
514.000000
945.000000
207.000000
601.000000
521.000000
598.000000
251.000000
513.000000
621.000000
224.000000
1271.000000
576.000000
1301.000000
1249.000000
889.000000
211.000000
424.000000
1299.000000
876.000000
191.000000
174.000000
800.000000
552.000000
844.000000
618.000000
769.000000
169.000000
803.000000
515.000000
258.000000
643.000000
938.000000
284.000000
595.000000
188.000000
92.000000
1290.000000
637.000000
1193.000000
938.000000
171.000000
583.000000
1320.000000
198.000000
597.000000
309.000000
309.000000
309.000000
1181.000000
568.000000
934.000000
531.000000
1003.000000
611.000000
627.000000
278.000000
1290.000000
1242.000000
