0.001353
0.000642
0.000875
0.007916
0.013091
0.000541
0.000929
0.000592
0.010623
0.000993
0.001102
0.010641
0.010868
0.013185
0.011528
0.000790
0.000967
0.001031
0.001124
0.000921
0.012124
0.007138
0.008949
0.008999
0.009800
0.009733
0.007354
0.004637
0.001157
0.010825
0.009657
0.012943
0.001125
0.000861
0.000913
0.000980
0.001258
0.000918
0.000981
0.007194
0.001099
0.011888
0.010674
0.000863
0.001066
0.000883
0.001108
0.012850
0.000761
0.001085
0.001019
0.005983
0.000367
0.004889
0.001810
0.001376
0.001739
0.000780
0.010626
0.001606
0.010774
0.000830
0.015421
0.010265
0.010311
0.013934
0.013389
0.000888
0.001297
0.001031
0.001005
0.016596
0.000958
0.009152
0.007642
0.001361
0.008409
0.008083
0.013994
0.000789
0.001504
0.009152
0.001157
0.000775
0.011274
0.009648
0.000989
0.000405
0.000405
0.000405
0.000953
0.007919
0.007919
0.000372
0.001631
0.001476
0.001711
0.006714
0.013994
0.008849
