0.197436
0.123404
0.421279
0.991818
1.429099
0.573553
0.846957
0.795646
0.678953
0.240822
0.227193
0.088620
0.400110
0.265111
0.421595
0.852289
1.211377
0.239187
0.360717
0.202567
0.206036
0.059864
0.794764
0.403306
0.449987
0.430372
0.454108
0.152131
0.137736
0.000000
1.170670
1.158579
0.161585
0.237329
0.485426
0.058558
0.334678
0.222095
0.529975
0.577625
0.279980
0.210109
0.359348
0.643809
0.187560
0.819856
0.562552
0.506871
0.051963
0.094694
0.283916
0.091394
1.037456
0.748523
0.336105
0.786341
0.225382
0.382642
0.542593
1.795145
0.296897
0.195196
0.139410
0.684350
0.231447
0.351811
0.550327
0.557281
0.054941
0.227216
0.454384
0.071760
0.738330
0.482783
0.371271
0.865813
0.250547
0.093176
0.750017
0.624473
0.555882
0.482783
0.203050
0.153801
0.360649
0.084310
0.377051
0.326999
0.326999
0.326999
0.456195
0.192496
0.259688
0.111707
0.563183
0.089422
0.557480
0.230728
0.750017
0.238459
