-58.584300
-56.768000
-58.292900
-58.921900
-57.808400
-56.361800
-57.839800
-56.339100
-61.001400
-58.330300
-58.408500
-57.262200
-59.245600
-57.287000
-56.684700
-57.784000
-57.987200
-56.087000
-59.892500
-59.499600
-56.090000
-58.494700
-58.409300
-56.391200
-57.238700
-55.331300
-56.043600
-56.438000
-56.608400
-56.389800
-59.038500
-58.205500
-58.181700
-57.476400
-57.717900
-57.878100
-56.646300
-56.301900
-57.926600
-54.382700
-56.492500
-59.886600
-57.006100
-55.529600
-58.240400
-57.822700
-59.893000
-58.297300
-56.890600
-58.309400
-58.981800
-56.928300
-57.923400
-56.528000
-55.502000
-57.656500
-57.753000
-57.478900
-55.788400
-60.490200
-58.208800
-57.096600
-58.483100
-57.588100
-57.111500
-57.537800
-55.866500
-58.079400
-58.998400
-57.542800
-57.230800
-57.284500
-58.501800
-58.616700
-56.031700
-54.245600
-55.840500
-58.914800
-59.091100
-57.480700
-54.735600
-59.253000
-54.604500
-58.041500
-58.859800
-57.469100
-58.362500
-57.764800
-57.764800
-56.149900
-58.020700
-54.927400
-57.035200
-55.311600
-55.149100
-55.053200
-55.343200
-56.850000
-57.728500
-55.495700
