0.670463
0.887928
0.499531
0.764274
1.061540
0.675808
0.430305
0.752844
0.809074
0.597808
0.470485
0.792789
0.646351
0.798471
0.515750
0.846194
0.755549
0.802716
0.287581
0.282753
0.814171
0.722432
0.713701
0.667799
0.533834
0.397150
0.785676
0.852243
0.557785
0.479737
0.921642
0.155552
0.670741
0.836457
0.749220
0.925473
0.775702
0.488331
0.790571
0.634003
0.213598
0.719629
0.795519
0.671788
0.907811
0.613193
0.749028
0.737116
0.747270
0.655649
0.648212
0.659256
0.186576
0.909076
1.055000
0.737601
0.723179
0.915847
0.521725
0.745598
0.492508
0.800501
0.681380
0.688839
0.173453
0.758477
0.725501
0.473007
0.632139
1.081730
0.456520
0.863668
1.233010
1.226460
0.545540
0.759878
0.502742
1.164330
0.404357
0.584407
0.726824
0.484620
0.513414
0.414880
0.543443
0.865339
0.847852
0.533261
0.533261
0.603754
0.385039
0.647155
1.113130
0.841696
1.426040
0.670649
0.790499
0.753010
0.732641
0.536500
