36.791700
36.662000
30.472400
43.408400
39.785400
19.296100
31.172100
36.353200
41.013700
26.265900
47.045400
42.626000
33.045100
33.748700
43.218600
32.124900
31.783000
42.462500
28.941900
37.250300
34.096400
40.127200
38.220900
35.726600
36.262000
30.680000
37.198900
35.729500
44.640500
36.204300
36.304600
45.800500
35.734200
47.137700
37.727600
40.583700
37.632500
42.949800
30.235500
30.580600
34.517400
32.381600
46.113300
35.693200
40.211600
35.405200
25.891100
36.475500
33.921200
32.307800
34.952100
64.878200
44.075400
30.180800
32.327300
32.991400
62.139600
42.105300
29.848200
38.630500
59.169300
38.037100
24.229100
26.146900
32.803300
35.876200
43.316300
29.118900
37.557800
46.892400
46.862900
48.968800
40.261100
45.699000
29.602700
49.089900
26.749100
27.519700
37.142200
49.034100
56.239100
39.488000
40.937800
46.352300
39.481200
40.176300
42.749600
48.412500
48.412500
31.583900
54.538300
30.594300
41.907500
53.413100
48.437200
35.947600
60.336800
39.566100
44.169200
26.194000
