0.009722
0.006945
0.009387
0.008124
0.008455
0.008050
0.008068
0.012124
0.011965
0.010779
0.009969
0.006943
0.007763
0.008085
0.008338
0.014350
0.008574
0.011172
0.010597
0.014238
0.008939
0.009166
0.009261
0.010344
0.008963
0.011572
0.011605
0.009713
0.008020
0.010145
0.007785
0.006196
0.007305
0.008180
0.004993
0.009581
0.007708
0.005687
0.009284
0.006194
0.007403
0.007195
0.004874
0.009775
0.008505
0.010218
0.008858
0.010007
0.009167
0.006003
0.004924
0.004049
0.012370
0.001273
0.008481
0.006265
0.007175
0.008535
0.006708
0.009356
0.007895
0.008889
0.009337
0.007535
0.013074
0.006091
0.007780
0.006984
0.006718
0.007221
0.000834
0.008798
0.005157
0.008393
0.002674
0.009194
0.006761
0.007597
0.004126
0.006876
0.003711
0.003074
0.008408
0.005368
0.007660
0.004763
0.002895
0.006696
0.006696
0.003391
0.002122
0.005920
0.004248
0.002342
0.004920
0.008212
0.009039
0.000247
0.008030
0.009586
