0.010623
0.007916
0.009837
0.008849
0.004823
0.001062
0.006052
0.000541
0.000854
0.013724
0.009532
0.012233
0.001031
0.001102
0.001171
0.013730
0.000790
0.013185
0.014135
0.000615
0.010196
0.008025
0.010169
0.008999
0.012219
0.009000
0.007138
0.012611
0.001230
0.012624
0.001228
0.016756
0.012943
0.010674
0.001024
0.009657
0.001074
0.001563
0.000918
0.007194
0.001258
0.001066
0.001125
0.009361
0.000631
0.001356
0.000824
0.011312
0.000972
0.010626
0.013050
0.012019
0.000367
0.001019
0.015811
0.001606
0.015856
0.023045
0.006640
0.010774
0.012850
0.001148
0.001076
0.006421
0.001470
0.001297
0.006553
0.000622
0.008426
0.003650
0.013389
0.001005
0.001381
0.000512
0.000789
0.001157
0.001504
0.008083
0.001361
0.009152
0.000885
0.007642
0.007988
0.000775
0.010203
0.000634
0.015082
0.000405
0.000405
0.004775
0.000953
0.006935
0.007919
0.000372
0.001631
0.001476
0.001711
0.006714
0.000993
0.000888
