0.013565
0.000929
0.010623
0.006052
0.001096
0.000875
0.010224
0.013091
0.001353
0.013724
0.000993
0.010007
0.001031
0.000817
0.011528
0.000967
0.001171
0.007745
0.007138
0.001090
0.010519
0.012624
0.011174
0.001001
0.009342
0.012262
0.011380
0.014135
0.010196
0.012219
0.001125
0.001066
0.012559
0.001563
0.000863
0.003903
0.000892
0.000631
0.000861
0.000883
0.016756
0.000913
0.001228
0.001074
0.009657
0.001356
0.000981
0.010774
0.006640
0.012019
0.000830
0.001606
0.013050
0.001019
0.011183
0.023045
0.012850
0.000780
0.000367
0.000949
0.001076
0.000675
0.001739
0.015811
0.000649
0.000607
0.008786
0.000888
0.003650
0.001297
0.013389
0.001159
0.010591
0.000885
0.014218
0.013994
0.013171
0.000512
0.009513
0.000789
0.010153
0.009152
0.001157
0.000989
0.009648
0.004924
0.010203
0.007919
0.000405
0.006935
0.000996
0.000953
0.000953
0.010066
0.005936
0.001476
0.009869
0.006714
0.001353
0.011274
