11.196456
12.380869
6.961594
12.083656
7.624160
8.888836
5.658486
5.856182
6.028593
7.789998
11.478767
7.302547
9.214133
8.373075
6.359674
7.128016
12.197312
6.101535
9.430102
8.693888
7.957275
5.333051
7.589254
7.559746
10.274410
5.157503
10.091621
5.153909
9.947666
4.728707
10.336881
10.134484
11.046131
6.081395
7.077575
7.306707
6.088397
11.045282
11.834490
6.725055
10.325067
7.690555
8.990820
8.153711
12.048164
9.810303
9.626968
9.634177
10.407604
8.728976
5.350748
5.395180
7.377004
5.477625
12.589333
9.810303
5.775764
9.867685
12.938004
6.363538
7.676143
9.776967
10.580685
10.482204
12.237415
6.359674
6.353721
7.021312
10.701530
6.226895
8.599691
4.630988
11.800550
9.872544
12.250212
10.730723
10.140659
7.895492
11.667071
9.456664
8.168036
9.009488
7.261119
7.285087
11.754696
5.291600
11.416411
5.119741
7.469688
11.240862
5.399514
10.110132
5.177332
5.486685
7.927761
12.197312
7.858889
6.959389
9.058059
10.214561
