-61.001400
-56.558100
-61.443700
-56.615000
-58.352200
-59.533700
-60.530300
-59.417700
-57.600400
-57.287000
-58.816000
-57.987200
-58.953800
-57.120600
-57.784000
-55.938500
-60.722600
-55.891100
-56.062500
-56.920600
-56.608400
-59.927000
-58.409300
-58.151700
-56.869300
-59.328000
-57.923400
-56.423800
-57.757000
-57.772900
-55.529600
-58.205500
-58.798600
-59.636700
-54.420600
-54.382700
-55.215500
-57.822700
-56.646300
-56.213400
-57.476400
-58.181700
-58.691500
-56.692700
-55.923600
-57.878100
-58.240400
-56.890600
-56.182700
-57.656500
-59.007400
-56.919800
-54.881000
-55.788400
-56.436300
-58.309400
-59.063200
-57.046300
-56.705000
-60.490200
-58.483100
-57.778300
-57.096600
-56.928300
-55.502000
-55.974800
-55.991000
-56.444000
-57.284500
-57.537800
-57.899400
-57.016300
-58.663800
-59.279100
-56.900700
-55.840500
-58.616700
-57.480700
-57.480700
-58.854700
-56.446500
-56.750400
-54.245600
-56.966100
-58.071800
-56.861200
-58.362500
-57.764800
-57.764800
-57.035200
-57.880200
-54.927400
-54.340500
-57.220700
-56.618600
-58.261200
-55.343200
-56.850000
-57.757000
-60.551600
