0.809074
1.199350
0.886504
0.733800
0.810504
0.613854
0.636782
0.548279
0.834204
0.798471
0.710446
0.755549
0.581415
0.677797
0.846194
0.747414
0.707563
0.655395
0.813395
0.691397
0.557785
0.698501
0.713701
0.632023
0.435142
0.657397
0.709370
0.750254
0.697925
0.845157
0.671788
0.155552
0.737567
0.784945
0.488120
0.634003
0.687243
0.613193
0.775702
0.390733
0.836457
0.670741
0.659977
0.838432
0.966678
0.925473
0.907811
0.747270
0.945951
0.737601
0.289897
0.861303
0.474072
0.521725
0.469438
0.655649
0.292935
0.700664
0.714793
0.745598
0.681380
0.832509
0.800501
0.659256
1.055000
1.104550
0.877537
0.743812
0.863668
0.758477
0.673192
0.548970
0.700425
0.396148
0.575872
0.502742
1.226460
0.584407
0.584407
0.336454
0.795001
0.518935
0.759878
0.509100
0.723412
0.759276
0.847852
0.533261
0.533261
1.113130
1.429880
0.647155
1.108260
0.505387
0.640246
0.636181
0.790499
0.753010
0.697925
0.785430
