0.025437
0.015899
0.058769
0.042583
0.043855
0.048737
0.044076
0.036129
0.049134
0.036765
0.042193
0.039465
0.050626
0.039555
0.031748
0.038190
0.030490
0.045310
0.046060
0.041841
0.039231
0.048105
0.031538
0.042120
0.030832
0.037948
0.037866
0.040645
0.024272
0.039258
0.039536
0.063561
0.015612
0.047659
0.037992
0.047309
0.038769
0.042612
0.036539
0.041416
0.035442
0.048581
0.034486
0.045594
0.016812
0.036500
0.029565
0.036093
0.046435
0.031281
0.033980
0.029830
0.036197
0.016863
0.039782
0.037641
0.042984
0.046757
0.050899
0.035816
0.029827
0.046036
0.035516
0.038613
0.034956
0.030617
0.044425
0.031797
0.049011
0.045550
0.034349
0.017532
0.033353
0.027222
0.013695
0.049588
0.020249
0.024945
0.024945
0.027608
0.022776
0.036423
0.023390
0.047443
0.026271
0.028552
0.040629
0.017662
0.017662
0.034328
0.011452
0.018751
0.050502
0.003971
0.020646
0.024759
0.027088
0.028231
0.024272
0.077307
