41.013700
29.048100
30.985100
38.182900
34.612400
32.653900
50.448800
32.025600
38.325000
33.748700
31.423500
31.783000
35.494100
38.579300
32.124900
36.036600
36.042600
41.136600
36.301700
36.907900
44.640500
25.874000
38.220900
45.035600
62.301400
41.788900
39.154300
39.226900
32.444800
32.490000
35.693200
45.800500
27.041600
42.316800
33.632100
30.580600
33.298700
35.405200
37.632500
45.552600
47.137700
35.734200
46.529400
38.249900
36.632500
40.583700
40.211600
33.921200
54.179500
32.991400
30.685900
27.888800
44.094200
29.848200
37.145600
32.307800
36.038100
36.977700
34.197200
38.630500
24.229100
50.748700
38.037100
64.878200
32.327300
40.275000
45.727300
53.414800
48.968800
35.876200
44.827300
23.429600
41.993400
50.142300
38.469800
26.749100
45.699000
49.034100
49.034100
26.740700
36.315900
37.229100
49.089900
44.958000
49.247700
42.588000
42.749600
48.412500
48.412500
41.907500
60.287300
30.594300
43.112900
35.980100
40.500300
47.771000
60.336800
39.566100
32.444800
15.164900
