-0.466012
-0.438779
-0.537870
-0.969374
-0.590745
-0.341436
-1.050781
-0.392254
-0.547294
0.166873
0.001278
-0.063289
-0.197992
-0.105509
0.140084
-0.082026
0.080978
-0.447051
0.455582
0.243203
0.423549
0.142356
0.198591
0.159284
0.163047
0.474847
0.099535
0.695316
0.346107
0.223194
1.082841
0.684213
0.835597
0.927305
1.664462
1.124122
1.073567
1.279428
0.852356
1.383987
1.095636
1.207931
0.864734
1.760448
1.121184
1.150798
1.404466
1.216302
1.655208
1.073865
1.357473
1.444827
1.717285
2.212256
1.548759
1.291533
2.807208
1.480845
1.218818
1.555895
0.886782
1.510918
2.784608
1.299574
1.258911
2.165909
2.328027
1.569148
1.428813
1.428813
1.898462
2.170797
2.021411
2.179478
2.395575
1.988700
1.765569
1.748354
2.609907
2.239467
1.788006
1.786361
2.289613
2.646078
2.126504
2.803232
2.744689
3.010667
3.010667
3.292204
3.381769
2.825028
3.116171
3.595305
3.119335
3.186144
3.329139
3.851470
-0.105509
0.474847
