0.198940
0.198051
0.364224
0.125524
0.394599
0.103507
0.303152
0.409691
0.361738
0.327394
0.349344
0.354240
0.511274
0.182517
0.067718
0.202583
0.115429
0.465809
0.185379
0.061582
0.079357
0.189754
0.220247
0.147317
0.105263
0.059223
0.159673
0.237407
0.168281
0.095383
0.210603
0.255193
0.121292
0.071394
0.181654
0.084134
0.161507
0.180902
0.512005
0.139075
0.251690
0.248596
0.099051
0.055600
0.191914
0.219859
0.093221
0.119972
0.097833
0.131857
0.103579
0.084359
0.172069
0.112387
0.092293
0.100989
0.283448
0.086029
0.111167
0.309438
0.305883
0.133038
0.162939
0.229095
0.495854
0.191189
0.099786
0.088040
0.246789
0.246789
0.253760
0.078671
0.101425
0.180797
0.315437
0.073381
0.293148
0.273570
0.221326
0.065129
0.239257
0.068554
0.219317
0.047410
0.115553
0.127511
0.189429
0.182462
0.182462
0.223893
0.208626
0.135254
0.059551
0.200342
0.049245
0.068994
0.096234
0.153879
0.182517
0.059223
