0.238459
0.573553
0.197436
0.678953
0.924156
0.236075
0.991818
0.794383
0.678470
0.538433
1.211377
0.359607
0.000000
0.079759
0.088620
0.239187
0.227193
0.538683
0.166068
0.794764
0.137736
0.235101
0.454108
0.065065
0.168291
0.000000
0.206036
0.353473
0.115171
0.152131
0.355689
0.247097
0.562552
0.359348
0.185615
0.279980
0.347311
0.352121
0.643809
0.210109
0.334678
0.324885
0.529975
0.070577
0.187560
0.236863
0.058558
0.167934
0.382642
0.506871
0.139410
0.051963
0.519732
0.203102
0.051684
0.283916
0.684350
0.094694
0.091394
0.786341
0.656038
0.199903
0.331069
0.225382
1.795145
0.592737
0.155561
0.055982
0.550327
0.550327
0.791024
0.454384
0.196808
0.750017
0.482783
0.250547
0.655368
0.515208
1.128434
0.093176
0.477559
0.865813
0.244489
0.623050
0.089641
0.125343
0.360649
0.456195
0.456195
0.491775
0.745107
0.080172
0.326999
0.379016
0.254415
0.053291
0.557480
0.230728
0.079759
0.000000
