0.004500
0.000438
0.003167
0.003540
0.001929
0.000350
0.004249
0.002421
0.000579
0.003766
0.000387
0.004003
0.000441
0.004893
0.003813
0.000428
0.004256
0.000469
0.004330
0.000369
0.000284
0.003893
0.005050
0.005044
0.001855
0.003930
0.000463
0.004552
0.000368
0.003600
0.000345
0.004034
0.000393
0.000495
0.000357
0.005395
0.005023
0.000450
0.000365
0.004354
0.006703
0.002800
0.000426
0.003484
0.000345
0.000625
0.005177
0.000643
0.004473
0.000278
0.000304
0.000367
0.000434
0.004250
0.004310
0.000530
0.000259
0.000550
0.000407
0.000459
0.000724
0.002656
0.003736
0.000332
0.004525
0.000243
0.002621
0.005356
0.000355
0.000249
0.003370
0.000383
0.000402
0.003916
0.003057
0.003364
0.005598
0.003661
0.003805
0.003195
0.005687
0.000463
0.003661
0.005349
0.000618
0.001970
0.003859
0.003168
0.003167
0.000381
0.000398
0.000167
0.000162
0.003892
0.002375
0.000591
0.003948
0.000333
0.000429
0.000397
