18.626000
12.820400
36.662000
43.408400
39.785400
30.985100
36.791700
31.172100
39.413900
36.042600
44.032000
36.036600
33.748700
42.626000
47.045400
31.423500
27.718600
43.218600
25.874000
26.225600
43.957000
39.226900
36.204300
35.729500
62.301400
26.419200
34.208600
39.154300
39.293100
30.680000
37.506600
33.298700
37.294400
44.496500
40.985700
30.411200
66.224900
46.113300
34.264500
39.415800
45.800500
38.249900
32.381600
34.081300
26.181800
42.949800
35.734200
32.991400
36.195200
47.372700
36.038100
28.236500
44.094200
32.307800
38.630500
37.145600
47.997400
46.455700
30.180800
38.037100
50.100000
29.848200
36.109900
43.637400
36.475500
40.275000
43.316300
46.862900
26.194000
29.118900
37.557800
31.211800
48.968800
46.626600
39.488000
33.916100
26.740700
49.034100
38.469800
40.937800
47.206900
49.089900
49.034100
44.958000
50.265800
23.090000
49.247700
41.907500
43.112900
54.538300
34.792600
60.287300
48.412500
35.818400
40.500300
35.947600
47.771000
48.172300
37.632500
44.169200
