0.005557
0.007169
0.006945
0.008124
0.008455
0.008748
0.009722
0.008068
0.009404
0.010409
0.008076
0.009838
0.008085
0.006943
0.009969
0.009053
0.007262
0.008338
0.008109
0.008372
0.008750
0.008536
0.010145
0.009713
0.011471
0.006811
0.012606
0.008004
0.009540
0.011572
0.009391
0.009482
0.011394
0.006956
0.006143
0.007038
0.007958
0.004874
0.010013
0.008728
0.006196
0.005488
0.007195
0.007468
0.011368
0.005687
0.007305
0.006265
0.007967
0.010045
0.006810
0.009304
0.013643
0.006003
0.009356
0.007304
0.004988
0.009727
0.001273
0.008889
0.006097
0.006708
0.010832
0.009267
0.010007
0.009014
0.007780
0.000834
0.009586
0.006984
0.006718
0.005481
0.008798
0.005877
0.003074
0.006189
0.012766
0.006876
0.010534
0.008408
0.001688
0.009194
0.006876
0.007310
0.003723
0.007150
0.007702
0.004248
0.006803
0.002122
0.005208
0.003936
0.006696
0.004968
0.007536
0.008212
0.003806
0.001713
0.007708
0.008030
