5.954946
12.845791
9.118001
7.261119
6.725055
9.201719
7.279263
10.407604
7.128016
9.737029
8.153711
5.395180
6.263266
10.214561
5.636450
5.614474
11.919900
6.959389
10.728152
5.291600
5.157503
12.238956
9.867685
12.250212
9.955097
9.520911
4.640299
6.196937
8.326711
9.443026
5.856182
8.478357
10.336881
12.380869
8.373075
10.271554
11.041574
9.634177
9.237926
7.793612
12.237415
10.091621
5.486685
4.892558
6.081395
4.897411
7.077575
7.774817
5.119741
7.589254
6.380228
10.491412
6.059407
6.155465
5.446869
7.927761
9.810303
11.738666
6.961594
6.139843
7.087370
6.353721
9.401812
6.658056
13.420757
11.800550
6.972896
9.054379
11.539215
7.672313
10.134484
10.325067
8.675854
5.153909
8.182256
6.088397
8.990820
5.075127
7.693370
7.469688
6.028593
4.728707
9.626968
11.073689
9.781793
7.427960
6.751779
9.380418
8.652397
7.637112
8.177497
7.891559
11.754696
4.556535
7.377004
13.112511
7.894816
11.478767
12.237415
6.918621
