0.000342
0.004249
0.000389
0.002421
0.000257
0.000350
0.000216
0.001929
0.005236
0.000428
0.000413
0.000416
0.004611
0.000316
0.003766
0.000469
0.000327
0.000397
0.000479
0.000343
0.004078
0.000369
0.003580
0.004552
0.002855
0.003930
0.004183
0.004905
0.000436
0.000284
0.006703
0.000392
0.003744
0.004755
0.000393
0.000440
0.000329
0.000409
0.000429
0.003863
0.000252
0.000066
0.000625
0.004270
0.005023
0.004034
0.005177
0.000278
0.009218
0.002568
0.004106
0.004250
0.000389
0.000407
0.001956
0.004808
0.000643
0.000270
0.000724
0.004125
0.000530
0.003736
0.000379
0.005140
0.000588
0.000383
0.005356
0.004236
0.000519
0.000413
0.001460
0.003464
0.000355
0.000316
0.000354
0.004474
0.003805
0.003233
0.003364
0.004828
0.002912
0.005687
0.000544
0.000395
0.000618
0.000665
0.005284
0.003168
0.000381
0.000398
0.000162
0.000167
0.003167
0.000480
0.003892
0.000591
0.003948
0.002686
0.004034
0.000450
