-61.001400
-58.584300
-58.352200
-57.839800
-58.061700
-61.443700
-56.339100
-57.808400
-59.533700
-58.816000
-59.245600
-55.891100
-56.068600
-57.987200
-60.722600
-56.684700
-56.399000
-57.728500
-57.524800
-59.328000
-56.090000
-55.497100
-58.556100
-57.923400
-56.043600
-56.588000
-56.920600
-57.772900
-58.573000
-56.112600
-58.205500
-58.691500
-55.529600
-56.821800
-58.011700
-54.420600
-59.893000
-57.717900
-56.646300
-57.878100
-58.240400
-58.798600
-56.301900
-57.476400
-56.285200
-55.215500
-58.181700
-58.209000
-57.478900
-57.588100
-55.591500
-58.309400
-56.890600
-56.528000
-58.104700
-56.928300
-57.656500
-57.778300
-56.230100
-61.348400
-56.436300
-58.138400
-57.046300
-58.208800
-57.111500
-59.636300
-57.230800
-59.277500
-57.537800
-58.233800
-57.542800
-55.271600
-55.495700
-56.031700
-54.735600
-59.279100
-56.900700
-58.914800
-56.528600
-58.141400
-56.446500
-57.681100
-59.091100
-56.861200
-55.807800
-55.213900
-57.494900
-57.035200
-58.020700
-57.705800
-57.764800
-57.880200
-54.340500
-59.639000
-59.555300
-55.053200
-58.261200
-56.850000
-55.215500
-57.006100
