0.052822
0.125524
0.246202
0.361738
0.049070
0.167790
0.198051
0.103507
0.339696
0.117934
0.202583
0.349586
0.145349
0.380063
0.253167
0.372536
0.478040
0.494508
0.265694
0.105263
0.195891
0.189754
0.061582
0.176292
0.108686
0.419027
0.328158
0.177947
0.237407
0.168281
0.094734
0.093221
0.144509
0.139075
0.099051
0.084134
0.219859
0.210603
0.055600
0.293370
0.161345
0.180902
0.105026
0.071394
0.066775
0.098204
0.208164
0.200815
0.068309
0.172752
0.283448
0.147225
0.115612
0.100989
0.202107
0.184074
0.495854
0.092293
0.084076
0.170630
0.272227
0.093268
0.133038
0.131857
0.279675
0.098899
0.246789
0.099786
0.093182
0.072776
0.088040
0.122501
0.166342
0.180883
0.232567
0.075126
0.219317
0.065129
0.073381
0.145110
0.070341
0.273570
0.068554
0.068741
0.047410
0.180216
0.082194
0.246709
0.182462
0.156552
0.059551
0.223893
0.124419
0.072351
0.076452
0.047835
0.068994
0.153879
0.098204
0.143147
