0.431631
0.499531
0.430305
0.533496
0.764274
0.810504
0.613854
0.733800
0.770625
0.597808
0.846194
0.677797
0.581415
0.748750
0.470485
0.802716
0.792789
0.391837
0.632023
0.801517
0.709370
0.667799
0.845157
0.497440
0.479149
0.691397
0.697925
0.373010
0.287581
0.852243
0.671788
0.524557
0.790571
0.836457
0.640606
0.456384
0.634003
0.687243
0.390733
0.795029
0.836427
0.737567
0.749220
0.719629
0.731563
0.514788
0.784945
0.655649
0.909076
0.469438
0.186576
0.737601
0.681380
0.800501
0.521725
0.648212
0.745598
0.173453
0.735958
0.635799
0.696640
0.714793
0.594495
0.492508
0.738230
0.473007
0.515469
0.656220
0.456520
0.456520
0.758477
0.725501
1.002000
0.584407
0.396148
0.759878
0.753648
0.840123
0.513414
0.826401
0.336454
0.812620
0.795001
0.442529
0.889266
0.723412
0.414880
0.533261
0.603754
0.533261
1.429880
0.647155
0.948789
0.505387
0.640246
0.790499
0.636181
0.792337
0.656220
0.550586
