0.056570
0.046096
0.048689
0.030530
0.054807
0.043855
0.048737
0.042583
0.032538
0.041812
0.031748
0.039555
0.050626
0.038174
0.027191
0.044062
0.043561
0.041240
0.042120
0.037433
0.037866
0.039405
0.039258
0.038593
0.045069
0.041841
0.024272
0.048852
0.049332
0.040624
0.039536
0.039445
0.029749
0.035442
0.043145
0.028336
0.047309
0.038769
0.041416
0.022349
0.031761
0.015612
0.040325
0.027924
0.036167
0.045626
0.047659
0.037641
0.022494
0.039782
0.032667
0.031281
0.029827
0.035516
0.016863
0.029583
0.035816
0.016026
0.035456
0.020523
0.052407
0.050899
0.032391
0.040485
0.049368
0.022761
0.036178
0.037975
0.039964
0.039964
0.045550
0.040289
0.028103
0.024945
0.027222
0.023390
0.014166
0.019278
0.032261
0.048194
0.027608
0.031257
0.022776
0.028340
0.026719
0.026271
0.030827
0.017662
0.026203
0.017662
0.011452
0.018751
0.036398
0.003971
0.020646
0.027088
0.024759
0.039060
0.037975
0.035168
