0.009046
0.009387
0.008068
0.007169
0.008124
0.008438
0.006151
0.009785
0.002688
0.010779
0.014350
0.008847
0.010004
0.008076
0.009969
0.011172
0.006943
0.010711
0.011547
0.011333
0.008004
0.010344
0.009076
0.012606
0.011974
0.008975
0.009788
0.007901
0.010597
0.009713
0.009775
0.007460
0.009284
0.008180
0.008728
0.011368
0.006194
0.009482
0.013887
0.011394
0.009391
0.008710
0.004993
0.007195
0.008542
0.004177
0.004951
0.006003
0.001273
0.007304
0.012370
0.006265
0.009337
0.008889
0.006708
0.004924
0.009356
0.013074
0.007325
0.010041
0.011052
0.006257
0.009727
0.007895
0.008793
0.006984
0.008900
0.005481
0.000834
0.000834
0.006091
0.007780
0.006163
0.006876
0.006024
0.009194
0.001688
0.006189
0.008408
0.005129
0.012766
0.003520
0.010227
0.006330
0.003723
0.007702
0.005368
0.006696
0.003391
0.006696
0.003936
0.005920
0.005208
0.003638
0.007536
0.009039
0.003806
0.001713
0.005481
0.010013
