0.073117
0.160002
0.092705
0.094510
0.110732
0.092070
0.106711
0.090832
0.075992
0.111489
0.128077
0.103260
0.115079
0.083728
0.063839
0.092746
0.122837
0.122740
0.115264
0.125992
0.088918
0.118599
0.130229
0.107612
0.094575
0.103592
0.092656
0.071439
0.160091
0.111264
0.118853
0.129576
0.097202
0.097294
0.119861
0.127949
0.097717
0.106811
0.138017
0.115972
0.125706
0.162182
0.080924
0.104920
0.099860
0.101552
0.117755
0.103418
0.083783
0.139965
0.133348
0.144092
0.123627
0.114051
0.060880
0.109560
0.136756
0.139148
0.146692
0.145005
0.143927
0.119259
0.169488
0.134088
0.105796
0.108836
0.124307
0.108543
0.074846
0.074846
0.112522
0.099128
0.110924
0.140549
0.146239
0.111130
0.084931
0.065718
0.130156
0.150022
0.188191
0.164806
0.107167
0.225372
0.090407
0.158449
0.153907
0.161999
0.119885
0.161999
0.147850
0.140418
0.146287
0.131007
0.163182
0.187720
0.138024
0.153837
0.108543
0.120409
