0.000818
0.001821
0.078289
0.077664
0.006567
0.057058
0.035069
0.006103
0.101678
0.005458
0.014305
0.007383
0.002357
0.007097
0.001253
0.038574
0.024434
0.000029
0.089988
0.203111
0.020708
0.036533
0.058299
0.038382
0.004955
0.010258
0.018507
0.010564
0.096732
0.134909
0.120693
0.346678
0.114450
1.463893
0.069550
0.067416
0.059633
0.183240
0.178936
0.028144
0.116861
0.103163
0.035689
0.117490
0.001611
0.088421
0.010234
0.272752
0.017549
0.087390
0.249126
0.591668
0.118938
0.081813
0.473806
0.281916
0.718967
0.103581
0.055903
0.020219
0.159385
0.303058
0.136339
0.079956
0.083835
0.108706
0.387989
1.548992
0.115127
0.084470
0.451614
0.271127
0.050669
0.722032
0.079345
0.007892
0.168988
0.916361
0.513671
0.637064
0.034057
0.479386
0.126786
0.109992
0.518327
0.534361
0.252098
3.974983
0.932173
1.854881
0.873871
0.030822
0.239384
1.511058
4.426157
0.752204
10.302220
5.109369
1.548992
0.010126
