0.036129
0.047607
0.015899
0.054807
0.043778
0.048737
0.030530
0.077307
0.049139
0.041240
0.045467
0.036765
0.037773
0.038190
0.044424
0.049081
0.041789
0.030490
0.024360
0.037941
0.038593
0.045069
0.037433
0.036331
0.032113
0.042120
0.048429
0.041841
0.037948
0.048472
0.041416
0.045626
0.035442
0.035168
0.047023
0.043145
0.034486
0.041992
0.039331
0.047309
0.027924
0.063561
0.045924
0.047659
0.042612
0.040325
0.033867
0.040485
0.032667
0.039782
0.046144
0.031392
0.022494
0.016026
0.016863
0.046757
0.035516
0.048404
0.029830
0.040368
0.052309
0.046036
0.029827
0.047590
0.029583
0.015185
0.022363
0.033353
0.039964
0.022761
0.034349
0.028103
0.030957
0.048194
0.036423
0.019278
0.022776
0.020249
0.031257
0.027608
0.024945
0.013695
0.032261
0.040629
0.021925
0.026719
0.023226
0.011452
0.034328
0.017662
0.018360
0.018751
0.017662
0.035067
0.020646
0.024759
0.028634
0.039060
0.038253
0.070625
