0.113120
0.092801
0.100318
0.110732
0.057962
0.106711
0.094510
0.171525
0.113634
0.122740
0.108701
0.086169
0.095379
0.097204
0.112891
0.122829
0.150961
0.112145
0.097353
0.111692
0.107612
0.094575
0.125992
0.115121
0.079688
0.115264
0.125749
0.103592
0.095099
0.127762
0.138017
0.101552
0.097294
0.120409
0.086703
0.119861
0.110632
0.123620
0.076345
0.097717
0.104920
0.088568
0.111080
0.117755
0.174133
0.080924
0.095252
0.134088
0.133348
0.139965
0.109628
0.093381
0.083783
0.139148
0.060880
0.106529
0.114051
0.143312
0.121002
0.171120
0.171875
0.137742
0.123627
0.144020
0.109560
0.107315
0.139778
0.101337
0.074846
0.108836
0.107105
0.110924
0.092146
0.150022
0.120866
0.065718
0.107167
0.120098
0.164806
0.188191
0.140549
0.196372
0.130156
0.104015
0.163532
0.090407
0.101342
0.147850
0.121587
0.161999
0.124080
0.140418
0.161999
0.184969
0.163182
0.138024
0.175556
0.153837
0.113999
0.141757
