0.250225
0.198051
0.087284
0.198940
0.394599
0.339696
0.356057
0.251016
0.391251
0.478040
0.202583
0.115429
0.067718
0.282441
0.494508
0.372536
0.511274
0.253167
0.230728
0.108686
0.079357
0.220247
0.128636
0.178275
0.061582
0.159673
0.058441
0.328158
0.105263
0.208686
0.141947
0.138373
0.071394
0.228526
0.255193
0.034862
0.093221
0.202537
0.143147
0.274652
0.191914
0.094734
0.114485
0.186833
0.192726
0.210603
0.251690
0.131857
0.132860
0.272227
0.172752
0.072849
0.100989
0.279675
0.206227
0.133038
0.112387
0.283448
0.162939
0.170630
0.119972
0.092293
0.237612
0.068309
0.172069
0.291010
0.239164
0.049281
0.246789
0.101425
0.177611
0.147467
0.088040
0.145110
0.293148
0.073381
0.070341
0.221326
0.239257
0.180797
0.315437
0.219317
0.136801
0.115553
0.154729
0.047410
0.082194
0.223893
0.246709
0.059551
0.182462
0.208626
0.059551
0.115009
0.076089
0.068994
0.047835
0.056960
0.131564
0.068554
