816.000000
885.000000
662.000000
1242.000000
1185.000000
832.000000
789.000000
1005.000000
1241.000000
759.000000
409.000000
19.000000
226.000000
712.000000
423.000000
757.000000
602.000000
1024.000000
495.000000
242.000000
611.000000
1130.000000
445.000000
989.000000
966.000000
430.000000
784.000000
676.000000
253.000000
424.000000
958.000000
266.000000
514.000000
423.000000
542.000000
396.000000
113.000000
583.000000
217.000000
804.000000
207.000000
294.000000
10.000000
226.000000
1315.000000
1339.000000
229.000000
598.000000
1271.000000
651.000000
548.000000
191.000000
621.000000
1219.000000
864.000000
425.000000
7.000000
800.000000
119.000000
552.000000
322.000000
559.000000
765.000000
298.000000
214.000000
888.000000
976.000000
258.000000
618.000000
431.000000
847.000000
195.000000
256.000000
170.000000
962.000000
188.000000
178.000000
1211.000000
1294.000000
1290.000000
938.000000
520.000000
206.000000
268.000000
210.000000
983.000000
936.000000
959.000000
568.000000
309.000000
1181.000000
1180.000000
309.000000
531.000000
280.000000
266.000000
611.000000
593.000000
15.000000
595.000000
