0.010224
0.000541
0.013565
0.008849
0.001062
0.013091
0.001096
0.001556
0.001448
0.000817
0.001031
0.001102
0.010641
0.010007
0.000993
0.001171
0.007745
0.009414
0.000921
0.007138
0.001157
0.007354
0.001001
0.000615
0.008949
0.012124
0.010519
0.010457
0.000858
0.008025
0.009303
0.003903
0.010674
0.000913
0.003886
0.010885
0.000980
0.001228
0.001125
0.007194
0.001066
0.016756
0.008710
0.012066
0.001356
0.001024
0.001258
0.012850
0.000367
0.001325
0.006421
0.000830
0.001019
0.001470
0.006640
0.000948
0.001148
0.010265
0.000949
0.010311
0.015856
0.000675
0.001076
0.023045
0.013050
0.008786
0.008426
0.016596
0.013389
0.000622
0.000440
0.001033
0.003650
0.012071
0.013171
0.008409
0.007279
0.000512
0.010153
0.013994
0.009152
0.009513
0.007988
0.015082
0.010203
0.001545
0.013211
0.000417
0.007919
0.000405
0.000953
0.006935
0.000405
0.000372
0.005936
0.009869
0.001476
0.000832
0.001068
0.001361
