0.622449
0.573553
0.710330
0.238459
0.924156
1.429099
0.651833
0.815914
1.548500
0.432949
0.239187
0.227193
0.088620
0.886979
0.240822
0.872954
0.000000
0.375307
0.202567
0.059864
0.137736
0.454108
0.240077
0.182454
0.794764
0.206036
0.000000
0.623430
0.168291
0.200956
0.342883
0.189808
0.359348
0.485426
0.247097
0.000000
0.058558
0.398584
0.161585
0.577625
0.187560
0.046283
0.201245
0.276453
1.228409
0.355689
0.334678
0.506871
1.037456
0.146926
0.337206
0.195196
0.283916
0.570156
0.731506
0.199903
0.203102
0.684350
0.331069
0.231447
0.167934
0.051684
0.354410
0.000000
0.519732
0.328337
0.686975
0.071760
0.550327
0.196808
0.836254
0.106308
0.055982
0.092080
0.655368
0.250547
0.105759
1.128434
0.477559
0.750017
0.482783
0.244489
0.087791
0.089641
0.285126
0.623050
0.334481
0.491775
0.192496
0.326999
0.456195
0.745107
0.326999
0.111707
0.193907
0.053291
0.089422
0.415612
0.109230
0.865813
