0.048689
0.058769
0.035062
0.054807
0.044076
0.037469
0.077307
0.050950
0.049139
0.036765
0.050626
0.039555
0.039465
0.037472
0.042193
0.049081
0.045310
0.037773
0.045069
0.040645
0.032113
0.040877
0.024360
0.030976
0.037433
0.037941
0.049332
0.032737
0.031538
0.030832
0.033867
0.039331
0.035929
0.040325
0.045626
0.045924
0.045594
0.041416
0.035442
0.037992
0.034571
0.020997
0.029565
0.028336
0.022349
0.042612
0.047023
0.072568
0.034956
0.046144
0.043449
0.035456
0.038613
0.052407
0.046435
0.020523
0.050899
0.046757
0.036197
0.037641
0.048404
0.035516
0.022494
0.042257
0.052309
0.032487
0.049011
0.036186
0.037975
0.048774
0.031797
0.030617
0.034870
0.049588
0.019278
0.045847
0.027222
0.024393
0.013695
0.014166
0.020249
0.048194
0.024945
0.063415
0.040629
0.022832
0.030827
0.018360
0.034328
0.011452
0.050502
0.026203
0.036398
0.031440
0.043287
0.024759
0.027088
0.039060
0.047607
0.046060
