0.678470
0.421279
0.236075
0.238459
0.090351
0.401877
0.815914
0.678953
1.548500
0.227193
0.079759
0.400110
0.852289
0.421595
0.354322
0.872954
0.952438
0.088620
0.454108
0.430372
0.794764
0.115171
0.202567
0.000000
0.240077
0.059864
0.274919
0.000000
0.484799
0.152131
0.334678
0.161585
0.562552
0.355689
0.189808
0.201245
0.185615
0.342883
0.359348
0.279980
0.342194
0.236863
0.207413
0.643809
0.529975
1.228409
0.247097
0.336105
1.266268
0.337206
0.220953
0.748523
0.473259
0.225382
0.382642
0.656038
0.206312
0.199903
0.094694
0.542593
0.684350
0.203102
0.283916
0.246614
0.167934
0.155561
0.454384
0.227216
0.738330
0.132384
0.441096
0.320510
0.557281
0.555882
0.250547
0.356736
0.482802
0.093176
0.244489
0.515208
1.128434
0.092080
0.482783
0.389319
0.089641
0.296571
0.153801
0.456195
0.192496
0.491775
0.259688
0.080172
0.322937
0.080251
0.254415
0.053291
0.557480
0.415612
0.573553
0.360717
