0.005426
0.003167
0.000622
0.000350
0.004249
0.000579
0.000257
0.002421
0.000342
0.004893
0.000441
0.000397
0.000469
0.003813
0.004611
0.004347
0.004256
0.003766
0.000343
0.003580
0.004905
0.000450
0.005044
0.005050
0.003600
0.002942
0.004068
0.003920
0.004552
0.000368
0.003484
0.000353
0.000495
0.004755
0.004270
0.000345
0.000503
0.000443
0.000625
0.000365
0.004034
0.002878
0.000066
0.000329
0.003744
0.000393
0.000429
0.000643
0.000278
0.000459
0.000430
0.004250
0.006342
0.000259
0.000389
0.002393
0.002565
0.000332
0.000588
0.000380
0.000550
0.003736
0.005140
0.000379
0.004808
0.004236
0.000379
0.002621
0.005574
0.000383
0.000418
0.005356
0.006639
0.003916
0.003057
0.003661
0.000463
0.003364
0.000316
0.000602
0.003195
0.003805
0.005268
0.001970
0.005349
0.000160
0.006033
0.000398
0.000167
0.000162
0.000162
0.000381
0.003168
0.000653
0.004027
0.000684
0.003948
0.002686
0.003920
0.000304
