-56.558100
-56.768000
-60.551600
-61.443700
-58.584300
-57.800800
-58.061700
-57.839800
-61.001400
-57.262200
-57.287000
-57.728500
-56.684700
-58.408500
-56.068600
-57.120600
-58.418600
-60.722600
-59.328000
-58.556100
-57.772900
-56.062500
-56.438000
-56.389800
-55.331300
-55.000800
-58.409300
-57.757000
-57.923400
-54.100400
-57.037500
-55.923600
-56.082200
-56.821800
-57.476400
-58.023000
-56.492500
-57.675600
-56.301900
-57.914200
-55.215500
-54.382700
-58.798600
-59.893000
-55.529600
-58.011700
-56.646300
-57.656500
-58.209000
-57.096600
-58.483100
-58.309400
-57.753000
-58.959300
-56.890600
-59.007400
-56.705000
-54.770900
-57.111500
-56.919800
-58.744300
-58.138400
-58.208800
-57.046300
-56.928300
-59.277500
-57.726300
-55.866500
-55.991000
-59.636300
-55.025100
-57.230800
-58.663800
-58.144700
-59.253000
-57.480700
-54.245600
-56.528600
-56.031700
-55.840500
-54.604500
-56.900700
-56.750400
-59.118400
-56.966100
-55.476400
-58.362500
-57.705800
-57.880200
-57.764800
-57.764800
-58.020700
-57.035200
-55.149100
-58.055000
-55.343200
-58.261200
-56.850000
-57.757000
-59.063200
