0.010233
0.006945
0.009171
0.008748
0.009722
0.009404
0.002688
0.008068
0.011965
0.006943
0.008085
0.008030
0.008338
0.009969
0.010470
0.008847
0.007262
0.010409
0.008294
0.007646
0.009076
0.010708
0.009713
0.010145
0.011572
0.011974
0.009261
0.009788
0.008004
0.009540
0.007468
0.010501
0.006956
0.007175
0.008180
0.011368
0.007403
0.012077
0.005687
0.010013
0.009482
0.006194
0.008710
0.008858
0.009775
0.011394
0.007708
0.006265
0.010045
0.008889
0.009337
0.006003
0.007175
0.004988
0.009167
0.006271
0.006257
0.009267
0.013074
0.007993
0.009727
0.010832
0.007895
0.008013
0.004049
0.006625
0.005772
0.007780
0.006709
0.005481
0.008467
0.000834
0.002753
0.005877
0.003074
0.006876
0.009194
0.006189
0.002674
0.006761
0.008408
0.010534
0.006025
0.007150
0.007310
0.006330
0.002895
0.005208
0.003936
0.006696
0.006696
0.002122
0.004248
0.004920
0.001174
0.009039
0.003806
0.000247
0.009788
0.006810
