0.007909
0.006279
0.003470
0.004708
0.001431
0.004979
0.003953
0.008871
0.003912
0.003777
0.004208
0.005181
0.001040
0.003774
0.004881
0.001081
0.002820
0.001271
0.000434
0.004560
0.007319
0.007405
0.002610
0.003788
0.001084
0.002748
0.003992
0.001757
0.002249
0.002038
0.009834
0.006413
0.005805
0.003242
0.001657
0.006727
0.000934
0.000895
0.001308
0.004709
0.001182
0.001134
0.001855
0.007703
0.006625
0.005554
0.004664
0.002513
0.003310
0.005961
0.001996
0.004485
0.001934
0.009834
0.001386
0.004914
0.005219
0.000933
0.000985
0.005525
0.001809
0.006375
0.004788
0.001158
0.002957
0.002090
0.002588
0.005660
0.008683
0.002213
0.003903
0.004414
0.001237
0.001103
0.002871
0.003477
0.006517
0.001024
0.002238
0.008481
0.001964
0.002802
0.003047
0.002896
0.002451
0.003839
0.002926
0.001147
0.003962
0.001304
0.008717
0.004923
0.002140
0.001700
0.004112
0.004931
0.007405
0.001828
0.002564
0.005188
