-0.568758
-1.050781
-0.550042
-0.789359
-0.969374
-0.520778
-0.552204
-0.547294
-0.776736
0.166873
0.080978
-0.141897
-0.147794
-0.447051
0.085040
0.092983
0.140084
-0.218623
0.163047
0.243203
0.689292
1.746456
0.994160
0.705726
0.159284
0.198591
0.405287
0.718024
0.579993
0.404228
1.810528
0.527643
1.317612
1.383987
0.927305
0.852356
1.095636
0.835597
1.053551
0.897868
1.294416
1.320253
1.279428
1.150798
1.431360
0.864734
1.760448
1.258911
1.788975
2.212256
1.405459
1.539816
1.216302
1.432767
2.055845
1.218818
1.678570
1.438463
1.752345
2.784608
1.555895
1.569786
1.073865
1.510918
0.920584
2.328027
1.622664
1.287413
1.738861
1.766277
3.457105
1.428813
1.430171
2.270257
1.721669
2.395575
1.440716
1.988700
2.492903
2.689370
2.453073
2.289613
1.765569
2.516878
2.803232
1.835416
2.126504
3.249761
3.292204
3.116171
3.116171
3.010667
3.942129
4.344182
3.119335
3.329139
3.186144
3.851470
0.718024
1.444827
