0.710330
0.991818
0.815914
0.421279
0.678953
1.548500
0.123404
0.678470
0.551054
0.538433
0.227193
0.240822
0.872954
0.538683
0.421595
0.400110
0.088620
0.375307
0.168291
0.794764
0.109984
0.360717
0.233031
0.000000
0.065065
0.454108
0.484799
0.449987
0.102979
0.202567
0.201245
0.819856
0.186661
0.210109
0.359348
0.643809
0.334678
0.562552
0.117489
0.485426
0.103169
0.577625
0.352121
0.236863
0.099615
0.529975
0.070577
1.795145
0.124981
0.203102
0.354410
0.542593
0.167934
0.220953
0.092840
0.091394
0.206312
0.195196
0.570156
0.331069
0.786341
0.246614
0.506871
0.199903
0.473259
0.155561
0.132384
0.253046
0.351811
0.738330
0.102837
0.550327
0.071760
0.082555
0.371271
0.482783
0.203050
0.250547
0.624473
0.555882
0.087791
0.244489
0.655368
0.103284
0.125343
0.094269
0.089641
0.322937
0.491775
0.326999
0.326999
0.456195
0.192496
0.563183
0.254415
0.557480
0.053291
0.230728
0.449987
0.051963
