-1.008793
-0.575323
-0.776736
-0.550042
-0.341436
-0.520778
-0.665826
-0.547294
-0.469522
-0.105509
-0.447051
0.166873
-0.016406
-0.068871
-0.082026
0.085040
0.143108
0.140084
0.695316
0.405287
0.718024
0.474713
0.521483
0.579993
0.413820
0.554653
0.142893
0.163047
0.444123
0.159284
0.678516
0.527643
1.085098
1.279428
1.290429
0.927305
0.400856
0.625505
0.864734
1.810528
0.501853
1.207931
0.852356
0.929254
1.294416
0.835597
1.150798
1.717285
1.405459
2.807208
0.920584
1.047704
1.606014
1.126520
0.886782
1.050393
1.077076
1.120473
1.752345
1.548759
1.073865
1.859847
2.632879
1.539816
1.444827
2.043737
2.156668
3.000248
1.738861
2.021411
1.430171
2.209422
1.428813
2.407766
2.270257
2.027685
2.609907
2.395575
1.923994
2.453073
1.786361
2.395575
1.440716
2.646078
3.503873
2.871707
3.055549
3.116171
3.116171
3.010667
3.010667
2.825028
3.249761
4.344182
2.791803
4.170508
3.329139
3.751848
-0.447051
2.492903
