0.070599
0.250225
0.052822
0.251016
0.103507
0.391251
0.205274
0.361738
0.159330
0.182517
0.465809
0.327394
0.349586
0.478040
0.202583
0.145349
0.231814
0.067718
0.237407
0.272591
0.251893
0.265694
0.278372
0.176292
0.058441
0.328158
0.219446
0.105263
0.178275
0.147317
0.141947
0.285462
0.186833
0.180902
0.120858
0.071394
0.138373
0.161345
0.099051
0.114485
0.143147
0.248596
0.512005
0.192726
0.098204
0.121292
0.219859
0.172069
0.237612
0.283448
0.184074
0.272227
0.170630
0.240714
0.305883
0.132860
0.068309
0.206227
0.279675
0.092293
0.131857
0.202107
0.106653
0.147225
0.084359
0.239164
0.083128
0.131564
0.186619
0.101425
0.049281
0.147467
0.246789
0.070341
0.095268
0.145110
0.221326
0.315437
0.232567
0.136801
0.068554
0.315437
0.107238
0.047410
0.180216
0.250090
0.142475
0.059551
0.059551
0.182462
0.182462
0.135254
0.156552
0.457842
0.076089
0.047835
0.096234
0.056960
0.465809
0.180883
