0.770625
0.834204
0.431631
0.430305
0.887928
0.656789
0.546054
0.670463
0.636782
0.755549
0.515750
0.747414
0.748750
0.677797
0.597808
0.581415
0.798471
0.846194
0.667799
0.785676
0.959344
0.435142
0.697925
0.479149
0.845157
1.038450
0.713701
0.814171
0.373010
0.287581
0.566293
0.749220
0.390733
0.836457
0.790571
0.921642
0.986125
0.757437
0.966678
0.775702
0.488331
0.213598
0.671788
0.795029
0.155552
0.695115
0.514788
0.660265
0.697961
0.754488
0.745598
0.655649
0.173453
0.521725
0.737116
0.474072
0.657084
0.945951
0.714793
0.832509
0.737601
0.934044
0.861303
0.747270
0.688839
0.863668
0.700425
0.515469
0.828475
1.233010
0.770967
0.673192
0.643475
0.812620
0.575872
0.840123
0.513414
0.584407
0.518935
0.818118
0.484620
0.753648
0.336454
0.543443
0.492293
0.442529
0.759276
0.385039
0.533261
1.113130
0.647155
0.533261
0.948789
0.505387
1.426040
0.790499
0.636181
0.753010
0.646351
0.469438
