0.007674
0.006863
0.003026
0.003056
0.006433
0.007954
0.005904
0.003548
0.004276
0.001561
0.000960
0.001279
0.003433
0.006574
0.001556
0.008863
0.001575
0.000994
0.001147
0.001078
0.002781
0.003056
0.012083
0.007687
0.004870
0.002208
0.001953
0.000745
0.000966
0.000959
0.000601
0.004574
0.004167
0.002283
0.004000
0.000687
0.002197
0.001522
0.002239
0.001073
0.001135
0.004207
0.000887
0.000439
0.007470
0.001433
0.002075
0.000823
0.005383
0.001997
0.001664
0.001988
0.001247
0.003233
0.006576
0.004607
0.004640
0.003412
0.004960
0.000878
0.001240
0.002118
0.002276
0.000796
0.004292
0.004475
0.004302
0.001002
0.000322
0.003747
0.001314
0.001885
0.004808
0.006249
0.002690
0.012801
0.003793
0.004858
0.005368
0.000761
0.001902
0.000387
0.004787
0.003257
0.000972
0.004259
0.002386
0.000902
0.001312
0.001786
0.001608
0.004207
0.001863
0.000816
0.003436
0.006583
0.001984
0.004405
0.009120
0.002319
