0.036901
0.169710
0.201649
0.169934
0.161861
0.235087
0.197402
0.164694
0.155290
0.162913
0.211983
0.194663
0.201810
0.149091
0.233088
0.181358
0.171093
0.236351
0.148101
0.242746
0.176048
0.111869
0.183750
0.147321
0.160524
0.224980
0.168477
0.165570
0.222205
0.220027
0.221182
0.209732
0.204617
0.234311
0.232551
0.293393
0.163289
0.238566
0.175653
0.190411
0.145345
0.214067
0.159926
0.178097
0.307796
0.192648
0.129921
0.213293
0.116859
0.207565
0.215105
0.193985
0.215310
0.228678
0.223610
0.249020
0.064433
0.176519
0.193320
0.233996
0.187922
0.266967
0.205287
0.203949
0.267334
0.202113
0.179312
0.233550
0.214025
0.221316
0.223761
0.236506
0.193632
0.146283
0.160107
0.244279
0.211527
0.206136
0.217230
0.214867
0.170631
0.220170
0.275473
0.236267
0.233065
0.091962
0.338173
0.261265
0.267969
0.261319
0.249149
0.267969
0.241011
0.236606
0.360487
0.237393
0.300513
0.326825
0.163255
0.158764
