0.123404
0.197436
0.795646
0.678470
0.991818
0.401877
1.548500
0.678953
0.090351
0.852289
0.872954
0.886979
1.211377
0.400110
0.235216
0.079759
0.227193
0.359607
0.403306
0.059864
0.236578
0.152131
0.449987
0.454108
0.109984
0.226099
0.484799
0.380070
1.583880
0.274919
0.210109
0.355689
0.342883
0.359348
0.222095
0.398584
0.342194
0.247097
0.819856
0.070577
0.117489
0.334678
0.099615
0.529975
0.046283
0.186661
0.189808
0.101455
0.220953
0.246614
0.296897
0.542593
0.570156
0.731506
1.329068
0.094694
0.462305
0.382642
0.206312
0.051684
1.795145
0.124981
0.331069
0.092840
0.337206
0.454384
0.071760
0.077251
0.155561
0.791024
0.109230
0.836254
0.102837
0.477559
0.244489
0.250547
0.087791
0.482783
0.655368
0.082555
0.371271
0.515208
0.750017
0.285126
0.389319
0.094269
0.377051
0.456195
0.326999
0.192496
0.745107
0.326999
0.322937
0.386341
0.563183
0.557480
0.053291
0.230728
0.239187
0.146926
