7.279263
5.386679
13.268091
11.389701
6.471680
9.054379
7.793612
5.486685
5.333051
11.450475
7.821324
5.075127
13.585299
5.055773
9.875588
6.155465
5.658486
9.058059
8.858915
7.397742
9.401812
7.306707
4.897411
4.892558
9.810303
10.325067
9.201719
4.723042
7.261119
7.427960
6.226895
7.712887
8.168036
12.644636
5.110193
9.520911
10.730723
9.810303
10.701530
13.420757
7.672313
7.690555
8.678304
10.271554
11.073689
9.009488
12.307273
6.081395
6.277914
7.789998
6.679742
10.491412
8.572948
4.723042
6.059407
9.781793
4.851998
10.129066
12.250212
11.045282
9.118001
12.055906
6.937847
10.091621
8.693888
7.624160
7.087370
10.737612
4.911334
10.140659
7.559746
8.326711
6.982587
6.359674
7.006009
12.083656
5.029554
5.069445
5.477625
5.172858
8.478357
11.298675
9.237926
11.977048
6.972896
11.240862
5.395180
10.118458
13.112511
9.481984
6.715289
11.738666
12.048164
7.891559
10.728152
6.370892
11.023449
8.599691
8.369188
4.621813
