9.967190
32.025600
31.172100
30.472400
34.612400
19.296100
36.791700
38.325000
29.048100
26.265900
50.019100
32.124900
42.462500
35.494100
39.043900
36.042600
42.626000
36.036600
53.970300
26.225600
45.595400
37.313600
37.819500
23.516200
36.301700
35.909300
36.262000
44.640500
26.419200
29.622400
30.580600
46.113300
32.381600
47.137700
42.949800
30.411200
37.727600
34.081300
40.985700
34.517400
39.566200
66.224900
34.264500
32.931200
40.583700
51.813300
37.294400
29.848200
38.589800
49.936400
35.199100
44.094200
36.977700
50.748700
54.763600
30.180800
27.888800
38.630500
28.236500
34.952100
50.100000
43.637400
36.195200
34.197200
44.075400
29.118900
46.862900
40.275000
41.993400
23.429600
46.079200
40.379500
41.001500
39.488000
42.881900
46.626600
27.519700
48.072200
56.239100
49.034100
26.749100
47.206900
37.142200
50.265800
39.481200
47.881500
32.295900
54.538300
30.594300
48.412500
31.583900
48.412500
34.792600
40.500300
52.897100
47.771000
60.336800
48.172300
33.916100
49.936400
