0.270877
0.134614
0.169934
0.165796
0.192658
0.169077
0.164694
0.169710
0.210238
0.233088
0.079895
0.236351
0.182944
0.181358
0.129274
0.175710
0.193692
0.194663
0.222205
0.205315
0.147321
0.164652
0.178530
0.234046
0.239144
0.176048
0.134872
0.156346
0.224980
0.186819
0.236617
0.169365
0.230775
0.234311
0.145345
0.202530
0.209732
0.190345
0.181688
0.214067
0.180893
0.163289
0.195592
0.195821
0.188346
0.129921
0.178097
0.228678
0.229120
0.198369
0.231387
0.249020
0.234018
0.233996
0.232016
0.148739
0.205287
0.215105
0.213293
0.195508
0.144292
0.211671
0.064433
0.193320
0.230148
0.210099
0.256725
0.145350
0.179312
0.180453
0.274654
0.214025
0.193632
0.170631
0.206697
0.214867
0.213285
0.146283
0.183075
0.206136
0.275949
0.220170
0.331394
0.269015
0.236267
0.269588
0.169268
0.261265
0.249149
0.267969
0.245675
0.267969
0.241011
0.271824
0.179669
0.300513
0.237393
0.261304
0.244279
0.198369
