0.159330
0.250225
0.361738
0.409691
0.246202
0.394599
0.125524
0.364224
0.087284
0.231814
0.511274
0.354240
0.190219
0.182517
0.478040
0.253167
0.327394
0.282441
0.211422
0.189754
0.220247
0.128636
0.058441
0.061582
0.272056
0.115167
0.059223
0.185379
0.419027
0.265694
0.274652
0.143147
0.191914
0.071394
0.105026
0.161507
0.210603
0.114485
0.196328
0.251690
0.116690
0.066775
0.228526
0.248596
0.293370
0.138373
0.099051
0.206227
0.305883
0.229095
0.170630
0.086029
0.133038
0.092293
0.283448
0.100989
0.162939
0.105995
0.106653
0.172069
0.084076
0.072849
0.183264
0.257050
0.132860
0.101425
0.246789
0.083128
0.049281
0.179017
0.084707
0.099786
0.156793
0.061601
0.145110
0.095268
0.065129
0.239257
0.232567
0.315437
0.204506
0.273570
0.068554
0.047410
0.154729
0.189429
0.082194
0.182462
0.208626
0.059551
0.135254
0.059551
0.156552
0.076089
0.200342
0.068994
0.096234
0.056960
0.073381
0.229095
