0.005426
0.004370
0.000372
0.000438
0.000237
0.000342
0.004249
0.000622
0.001929
0.004256
0.004485
0.000387
0.000416
0.000441
0.003766
0.003813
0.005274
0.000397
0.005050
0.004552
0.004183
0.004068
0.001855
0.000492
0.000463
0.004208
0.000436
0.000343
0.000450
0.000246
0.004706
0.003721
0.000353
0.000625
0.000429
0.000450
0.000491
0.005177
0.000495
0.000345
0.004827
0.004354
0.004755
0.000503
0.002878
0.000367
0.000409
0.000278
0.000312
0.000430
0.006342
0.009218
0.004106
0.006324
0.005220
0.000407
0.000588
0.000459
0.000550
0.004808
0.004250
0.000367
0.000332
0.006168
0.001956
0.000383
0.000413
0.002621
0.003464
0.006639
0.000418
0.000427
0.005356
0.003057
0.003233
0.003916
0.003195
0.004061
0.005598
0.000463
0.005268
0.000316
0.003661
0.004081
0.000160
0.000395
0.000253
0.000398
0.000162
0.003168
0.000381
0.000167
0.001910
0.002375
0.000480
0.000684
0.003948
0.002686
0.005236
0.000458
