29.048100
9.967190
38.182900
12.820400
52.792200
41.013700
36.791700
15.164900
39.785400
27.718600
35.494100
44.032000
41.136600
33.748700
36.042600
47.045400
42.462500
44.169200
36.204300
39.154300
36.907900
38.220900
62.301400
44.640500
34.208600
37.819500
44.411400
41.788900
36.301700
37.250300
32.931200
45.552600
36.632500
42.949800
37.632500
46.113300
36.304600
35.734200
44.496500
26.181800
42.316800
39.415800
34.336300
34.517400
30.580600
30.235500
37.727600
47.372700
54.179500
24.229100
62.139600
42.105300
54.763600
32.327300
34.952100
30.180800
32.803300
38.037100
46.455700
64.878200
32.307800
28.236500
43.637400
28.189600
30.544100
31.211800
37.815400
43.316300
33.977600
41.993400
41.001500
31.606100
46.862900
39.488000
27.519700
46.626600
40.937800
48.072200
26.740700
49.089900
37.229100
29.602700
49.034100
39.481200
48.502100
42.588000
40.176300
34.792600
48.412500
41.907500
54.538300
60.287300
31.583900
40.500300
35.435700
60.336800
47.771000
39.566100
32.653900
53.414800
