0.087284
0.159330
0.070599
0.356057
0.272104
0.052822
0.125524
0.251016
0.103507
0.067718
0.182517
0.349344
0.349586
0.115429
0.253167
0.465809
0.190219
0.494508
0.093511
0.176292
0.328158
0.272591
0.095383
0.185379
0.079357
0.058441
0.237407
0.105263
0.272056
0.178275
0.248596
0.141947
0.285462
0.105026
0.055600
0.143147
0.202537
0.208164
0.219377
0.512005
0.186833
0.034862
0.139075
0.251690
0.274652
0.120858
0.210603
0.200815
0.097833
0.237612
0.119972
0.068309
0.283448
0.240714
0.172069
0.100989
0.279675
0.112387
0.309438
0.184074
0.147225
0.106653
0.072849
0.103579
0.202107
0.098899
0.072776
0.130674
0.122501
0.049281
0.156793
0.131564
0.246789
0.061601
0.065129
0.095268
0.136801
0.239257
0.180797
0.107238
0.293148
0.180883
0.315437
0.154729
0.083825
0.068741
0.250090
0.156552
0.059551
0.246709
0.182462
0.223893
0.135254
0.076089
0.072351
0.096234
0.068994
0.153879
0.339696
0.183576
