-0.280432
0.239021
-0.829913
1.100392
0.826815
-0.598076
-0.499160
0.846091
0.021573
-0.225930
0.192669
1.123858
1.627848
-0.310962
0.549579
1.579743
0.055905
1.316243
-0.368164
-0.208025
0.880827
0.584655
0.285711
0.038304
-0.048682
-0.955441
0.294957
0.193219
0.806873
0.218643
0.446005
0.234651
0.602426
0.304811
-0.621712
-0.027709
0.646303
0.357134
0.298023
2.115767
0.347056
-1.129666
-0.454473
0.693557
0.891062
-0.105641
0.652516
0.306064
-0.001780
-0.060163
0.204357
0.005950
0.610869
1.009143
0.043059
0.463532
0.915701
-0.370728
0.615556
0.274888
-0.093438
-0.474811
0.025141
-0.013572
0.302335
0.085611
-0.269494
0.545775
-0.259168
-0.121593
-0.193315
-0.399665
0.838745
0.031128
-0.335912
-0.359993
-0.087644
0.570374
0.167502
0.021569
1.016369
0.168257
0.884514
0.217415
0.269347
0.130047
1.131318
-0.112487
-0.250009
0.323381
0.376854
0.656081
-0.289241
-0.207791
-0.260360
-0.069035
-0.113292
0.636413
1.102857
0.514740
