-0.392254
-0.552204
-0.902808
-1.264390
-0.537870
-0.575323
-1.008793
-0.520778
-0.550042
-0.068871
-0.016406
-0.147794
0.001278
-0.633212
0.166873
-0.105509
0.143108
0.188820
0.689292
0.243203
0.348469
0.346107
0.644868
0.423549
0.545581
0.163047
0.337602
0.521483
0.994160
0.159284
1.004733
1.368782
0.684213
1.156987
0.625505
1.431360
1.177930
1.294416
1.073567
0.527643
1.082841
0.864734
0.678516
1.150798
3.166055
1.383987
1.317612
0.920584
1.276581
1.120473
1.788975
1.291533
1.258911
1.752345
1.859847
1.432767
1.469784
1.555895
1.073865
1.194183
1.539816
1.232227
2.212256
1.480845
1.077076
1.766277
2.946645
2.418302
2.633736
2.021411
1.287413
1.569148
1.229439
2.027685
1.923994
1.786361
2.395575
2.492903
2.179478
2.453073
1.765569
2.239467
2.689370
3.644332
1.835416
2.900802
3.055549
3.292204
3.010667
2.289007
3.116171
2.825028
3.116171
3.399458
2.791803
4.170508
3.186144
3.851470
-0.016406
3.779844
