1.458619
-0.120897
1.100392
0.535049
1.077073
0.673782
-0.829913
1.399941
0.846091
1.775647
1.627848
0.994393
1.123858
1.136037
1.105449
0.192669
0.067629
0.369058
-0.004321
-0.409666
0.306678
0.015351
0.682779
-0.048682
1.268351
0.193219
-0.169893
0.513791
0.746560
0.139380
0.357134
-0.126043
0.384523
0.645220
0.305419
-0.525729
0.646303
-0.587773
-0.432909
0.602426
0.652516
0.396485
0.234651
0.124505
-1.129666
-0.454473
0.298023
0.274888
1.008929
0.324373
0.306064
0.463532
1.877733
0.915701
0.302335
0.250469
-0.194854
0.615556
0.270990
0.124031
-0.093438
0.361294
-0.370728
-0.182551
0.005950
0.085611
-0.269494
0.051737
0.514740
-0.316823
0.545775
0.127773
0.283785
0.166625
2.232083
-0.242807
0.884514
0.168257
0.167502
-0.087644
1.016369
-0.335912
0.537064
-0.222797
0.269347
0.217415
0.193237
0.656081
0.376854
0.093974
-0.250009
-0.289241
-0.250009
0.101925
-0.207791
-0.191686
-0.113292
0.636413
1.627848
0.076973
