5.652655
7.858889
6.059407
9.875588
10.728152
5.075127
12.845791
8.675854
7.306707
4.897411
9.650485
7.077575
6.277914
6.373147
7.637112
4.723042
6.715289
8.329089
10.118458
10.737612
6.982587
7.693370
5.350748
6.705581
5.386679
5.157503
8.572948
12.250212
4.640299
9.810303
7.957275
7.469688
11.045282
4.728707
11.389701
4.851998
6.380228
7.655398
9.118001
4.887875
5.291600
6.959389
5.105274
9.009488
7.006009
11.478767
6.936091
9.776967
5.658486
9.947666
4.892558
9.520911
8.215747
10.482204
11.977048
7.427960
11.073689
10.140659
7.821324
6.353721
10.129066
6.146863
6.937847
7.427960
5.029554
4.911334
7.895492
11.754696
9.456664
5.153909
9.781793
7.539873
7.377004
12.237415
4.915654
9.443026
8.981745
10.728152
5.399514
4.999162
6.088397
6.359674
9.401812
8.326711
6.139843
10.214561
10.328406
7.672313
11.298675
7.789998
12.813997
13.112511
7.261119
8.153711
9.380418
10.134484
8.990820
8.728976
7.793612
4.556535
