63.062700
50.739900
67.863600
64.410100
38.883600
61.392300
38.841700
51.418600
54.091600
54.368200
53.010800
20.449900
47.184700
44.852700
49.220500
48.410200
38.732900
45.149400
51.096900
56.175800
67.934500
49.561200
37.864500
54.313400
51.926900
38.852100
46.147600
36.044600
48.257800
53.434600
49.290700
34.994700
30.161800
49.897600
58.317800
77.278600
62.794100
54.019300
66.990200
51.472900
61.627700
29.438400
60.268500
46.855900
50.360800
65.378500
47.782800
47.183600
50.627100
42.500600
48.093400
31.646100
42.400900
69.618800
29.155800
39.583600
46.088700
53.301800
52.057100
61.704500
71.169900
33.180200
32.176000
38.254000
23.949400
47.619800
45.468200
50.514600
36.803300
48.393000
70.488100
50.116900
60.830100
86.582900
63.030100
66.515100
29.286500
65.802800
37.996500
44.511200
25.425400
45.610600
14.747700
72.306100
75.658100
66.752300
32.478400
56.193700
36.623500
61.953200
47.055100
43.107800
61.953200
19.278700
63.424600
85.116300
63.847300
42.738700
50.340800
25.425400
