0.010724
0.009171
0.008748
0.011965
0.008068
0.013070
0.009387
0.012124
0.006945
0.010409
0.008030
0.009969
0.007763
0.010004
0.008574
0.010711
0.006943
0.011172
0.010708
0.009713
0.009261
0.009166
0.009076
0.014497
0.008536
0.009540
0.011965
0.011605
0.011333
0.006811
0.010218
0.008180
0.006196
0.009482
0.007460
0.004951
0.006143
0.004874
0.004993
0.009391
0.008728
0.008505
0.008542
0.007958
0.010013
0.007038
0.011394
0.007175
0.013643
0.004924
0.006265
0.011052
0.013074
0.009727
0.001273
0.007895
0.008223
0.004049
0.010053
0.009304
0.009356
0.004988
0.009167
0.006003
0.007967
0.006625
0.007780
0.006955
0.006091
0.008467
0.006709
0.006984
0.006718
0.002674
0.007597
0.003711
0.010227
0.012766
0.010534
0.006876
0.005129
0.006025
0.003520
0.003723
0.008271
0.007150
0.003637
0.006803
0.005920
0.002122
0.006696
0.004248
0.002122
0.004920
0.001174
0.008212
0.009039
0.000247
0.009043
0.005129
