0.074683
0.171525
0.123701
0.044133
0.092705
0.111747
0.160002
0.092801
0.086856
0.112145
0.112891
0.063839
0.108701
0.115079
0.104543
0.122740
0.122837
0.092746
0.123167
0.111264
0.107309
0.127762
0.130229
0.120299
0.097759
0.097353
0.139255
0.111692
0.125992
0.103873
0.174133
0.097294
0.088568
0.106811
0.129576
0.117755
0.107439
0.076345
0.080924
0.125706
0.119861
0.131414
0.099860
0.093152
0.120409
0.082425
0.115972
0.171875
0.131418
0.109560
0.144092
0.143927
0.139148
0.169488
0.083783
0.134088
0.145857
0.084170
0.143312
0.126259
0.136756
0.199406
0.118767
0.103418
0.159545
0.119614
0.099128
0.107315
0.112522
0.113645
0.113012
0.108836
0.139778
0.092693
0.120139
0.129073
0.107167
0.188191
0.196372
0.140549
0.150022
0.120866
0.164806
0.090407
0.171190
0.116243
0.164476
0.132056
0.140418
0.124080
0.161999
0.121587
0.124080
0.144043
0.123360
0.175556
0.187720
0.138138
0.183054
0.150022
