-0.598076
-0.120897
0.622450
0.210870
0.388063
1.458619
1.100392
1.077073
0.239021
-0.194084
0.177044
-0.225930
1.136037
0.933456
1.123858
0.192669
0.055905
1.627848
-0.083040
0.015351
0.513791
-0.298661
0.052504
1.268351
0.272776
-0.270883
0.306678
0.414901
0.277312
0.746560
-0.105641
0.141989
-0.008591
-0.027709
0.646303
-0.596847
0.693557
-1.129666
-0.413929
-0.621712
-0.126043
-0.587773
0.446005
-0.007075
0.035467
0.124505
-0.227499
-0.060163
0.204357
0.300986
-0.194854
1.877733
0.422252
0.250469
0.302335
-0.325151
0.043059
1.008929
1.009143
-0.143231
0.270990
0.025141
-0.182551
0.915701
0.529227
0.838745
0.283785
0.063889
0.085611
-0.259168
0.080195
0.581362
-0.168117
0.442581
0.021569
-0.335912
0.167502
0.884514
0.570374
1.016369
0.166625
-0.364206
0.276978
-0.295875
0.269347
-0.291892
-0.320788
-0.250009
-0.250009
0.323381
0.628067
-0.250009
0.376854
-0.207791
-0.238936
-0.191686
-0.113292
-0.103141
0.055905
0.846091
