0.000425
0.000372
0.003069
0.004090
0.004370
0.000350
0.004249
0.000257
0.000622
0.004256
0.003098
0.005490
0.000441
0.004611
0.004485
0.003813
0.005492
0.005274
0.003920
0.000479
0.003210
0.004850
0.000368
0.002942
0.003600
0.005044
0.004552
0.001855
0.004470
0.003930
0.005177
0.000440
0.004706
0.000625
0.000345
0.005395
0.000252
0.000580
0.000329
0.003721
0.000357
0.004270
0.000353
0.006703
0.000426
0.000392
0.005023
0.002111
0.000312
0.000270
0.000434
0.000430
0.002565
0.002393
0.002656
0.004473
0.000588
0.009218
0.004125
0.000379
0.000259
0.000407
0.004106
0.005220
0.000278
0.000413
0.000418
0.005574
0.000176
0.003464
0.000383
0.003515
0.005356
0.000544
0.003661
0.003661
0.000205
0.003916
0.005598
0.004474
0.004828
0.000602
0.004061
0.004081
0.000251
0.000618
0.001970
0.000167
0.000381
0.000162
0.000398
0.000381
0.000162
0.000296
0.000149
0.000591
0.000684
0.000333
0.003167
0.000479
