0.005412
0.001953
0.001522
0.002082
0.003793
0.002057
0.002409
0.004953
0.005075
0.005383
0.004692
0.000821
0.001007
0.002239
0.001078
0.002183
0.001786
0.002690
0.002118
0.000430
0.001247
0.003559
0.004363
0.006941
0.006583
0.004787
0.004858
0.004574
0.002075
0.003199
0.004960
0.004581
0.001073
0.003434
0.002319
0.003392
0.001063
0.001556
0.000851
0.005783
0.006973
0.001723
0.001461
0.002942
0.002858
0.004022
0.006069
0.004475
0.004365
0.001608
0.003713
0.012801
0.002942
0.007051
0.002592
0.003964
0.002859
0.002618
0.006478
0.003300
0.009120
0.000601
0.003026
0.004925
0.003891
0.003642
0.002938
0.001078
0.000322
0.000994
0.002118
0.003747
0.000982
0.001283
0.005904
0.001109
0.001312
0.000934
0.004207
0.000960
0.004877
0.004870
0.001558
0.012083
0.006249
0.003548
0.001279
0.007248
0.004000
0.000731
0.006092
0.001055
0.001675
0.004207
0.001002
0.004136
0.000858
0.000823
0.002420
0.001201
