0.008050
0.009785
0.010724
0.009109
0.013070
0.008748
0.009722
0.002688
0.009171
0.007262
0.009499
0.010779
0.008085
0.010470
0.010004
0.009969
0.014350
0.011172
0.009788
0.009319
0.009166
0.011547
0.009540
0.011974
0.010344
0.009713
0.008004
0.011471
0.011965
0.006811
0.007305
0.010202
0.008542
0.005687
0.011368
0.007038
0.008505
0.007460
0.008858
0.013887
0.006143
0.008180
0.010501
0.006196
0.007195
0.008537
0.007958
0.010041
0.008223
0.010998
0.013643
0.009337
0.006257
0.006271
0.006708
0.007967
0.013074
0.008535
0.005809
0.008013
0.004988
0.001273
0.010053
0.004924
0.010045
0.005064
0.008467
0.006709
0.007232
0.008900
0.005481
0.006955
0.000834
0.004126
0.006876
0.006876
0.008393
0.005877
0.012766
0.006024
0.005129
0.006761
0.003520
0.007660
0.008271
0.003723
0.007150
0.003936
0.002122
0.006696
0.005208
0.002122
0.006696
0.009043
0.002342
0.008212
0.009039
0.001713
0.006803
0.009319
