1.016948
-0.829913
0.006103
0.673782
0.239021
-0.090432
-0.499160
-0.120897
0.846091
-0.225930
1.986303
0.067629
-0.310962
-0.194084
0.192669
1.579743
0.933456
0.055905
0.272776
0.671445
0.306678
-0.270883
0.348249
0.277312
0.513791
0.746560
-0.208025
0.285711
-0.625879
1.268351
0.357134
-0.413929
0.446005
0.304811
2.115767
-0.432909
0.305419
-0.126043
0.124505
0.234651
0.718144
-0.215087
0.602426
0.035467
0.191053
-0.227499
-0.403464
0.673372
-0.001780
-0.380388
-0.182551
-0.060163
0.529227
-0.143231
0.324373
0.124031
0.915701
0.005950
0.422252
-0.325151
0.250469
0.463532
0.610869
0.043059
0.306064
-0.269494
-0.193315
0.080195
0.283785
-0.259168
0.085611
0.581362
0.838745
-0.242807
0.884514
0.884514
0.276978
-0.359993
0.167502
-0.218070
0.166625
0.537064
0.570374
0.217415
0.693477
-0.295875
-0.320788
0.656081
0.376854
-0.250009
-0.112487
0.376854
-0.250009
0.538010
0.076973
-0.191686
-0.069035
-0.103141
0.093974
0.671445
