0.042458
0.006103
0.024074
0.025430
0.045289
0.003957
0.003117
0.101678
0.001819
0.135486
0.011269
0.005458
0.008368
0.038954
0.002357
0.001253
0.014305
0.038574
0.018507
0.023308
0.000292
0.089988
0.011090
0.004955
0.036533
0.134909
0.020708
0.039677
0.053019
0.003164
0.004507
0.434733
0.001611
0.491005
0.067416
0.078218
0.251045
0.346678
0.017572
0.178936
0.023484
1.463893
0.083763
0.116873
0.117490
0.030712
0.563140
0.020219
0.010546
0.096798
0.765406
0.118938
0.303058
0.138738
0.473806
0.029752
0.103581
0.764081
0.013242
0.145120
0.399054
0.017549
0.165029
0.281916
0.205215
0.138620
0.006396
0.019931
0.057091
0.387989
1.548992
0.949667
0.115127
0.896909
0.722032
0.722032
0.232503
0.535591
0.034057
0.079345
0.637064
0.252829
0.479386
0.763855
1.005139
0.518327
2.047195
0.873871
1.279449
3.974983
0.239384
0.890452
1.593705
0.156417
1.649927
0.077403
0.752204
5.109369
0.762349
0.023308
