0.102077
0.110732
0.044133
0.074683
0.106711
0.123701
0.097175
0.092070
0.094510
0.063839
0.122829
0.112145
0.150961
0.092746
0.108701
0.103260
0.097204
0.095379
0.092656
0.139255
0.160091
0.127762
0.099271
0.103873
0.097759
0.118599
0.093529
0.107309
0.125992
0.079688
0.142560
0.138017
0.129576
0.116151
0.120409
0.097202
0.092138
0.095252
0.127949
0.119861
0.102979
0.099143
0.105033
0.097717
0.082425
0.123620
0.107439
0.131418
0.159150
0.136756
0.143312
0.139148
0.134088
0.084170
0.060880
0.105796
0.145005
0.114051
0.171875
0.143927
0.144092
0.144020
0.137742
0.199406
0.083783
0.108836
0.165029
0.110924
0.107105
0.146600
0.074846
0.126078
0.135749
0.146239
0.111130
0.129073
0.136636
0.107167
0.116278
0.196372
0.120866
0.084931
0.120139
0.164476
0.167193
0.090407
0.060144
0.121587
0.161999
0.140418
0.132056
0.124080
0.161999
0.184969
0.163182
0.138024
0.187720
0.138138
0.092705
0.164476
