0.007058
0.006567
0.197037
0.024074
0.035069
0.003957
0.003117
0.057058
0.077664
0.001253
0.008440
0.003924
0.011269
0.038574
0.029675
0.007383
0.008204
0.135486
0.018507
0.053019
0.096732
0.000292
0.091855
0.003164
0.025554
0.036533
0.082669
0.008147
0.203111
0.004331
0.076284
0.178936
0.346678
0.017572
0.010126
0.114450
0.434733
0.018430
0.067416
0.069550
0.571240
0.022316
0.083763
0.059633
0.078218
0.107476
0.023484
0.765406
0.014006
0.718967
0.165029
0.103581
0.079956
0.091263
0.473806
0.083835
0.020219
0.081813
0.064514
0.159385
0.591668
0.764081
0.096798
0.399054
0.017549
0.108706
0.348793
0.050669
0.057091
0.066653
0.084470
0.682939
0.360944
0.079345
0.007892
0.290639
0.252829
0.126786
0.535591
0.702836
0.421334
0.168988
0.784898
0.930036
0.220490
0.518327
0.785407
0.694417
3.974983
0.030822
0.762349
1.279449
1.593705
1.649927
14.465038
10.302220
0.752204
16.053053
0.078289
0.930036
