0.770625
0.733800
1.199350
0.546054
0.752844
0.764274
0.613854
0.430305
0.548279
0.646351
0.846194
0.391837
0.748750
0.747414
0.732641
0.677797
0.790757
0.707563
0.722432
0.435142
0.709370
0.800857
0.852243
0.750254
0.557785
0.479737
0.959344
0.632023
0.282753
0.801517
0.566293
0.703476
0.757437
0.966678
0.790571
0.784945
0.921642
0.695115
0.795519
0.737567
0.514788
0.670741
0.907811
0.731563
0.749028
0.836427
0.925473
0.659256
0.723179
0.681380
0.657084
0.648212
0.469438
0.708161
0.737116
0.635799
0.861303
0.292935
0.754488
0.745598
0.945951
0.655649
0.474072
0.186576
0.521725
0.643475
0.632139
0.770967
1.104550
0.662309
0.473007
0.656220
0.536500
0.518935
0.404357
0.336454
1.226460
0.759878
0.726824
0.584407
0.513414
0.812620
1.164330
0.847852
0.889266
0.759276
0.442529
0.385039
0.948789
1.429880
1.113130
0.603754
0.647155
0.841696
0.505387
0.790499
0.636181
0.753010
0.636782
0.801517
