18.145300
38.841700
64.410100
51.232700
60.470600
48.241900
30.672500
38.883600
61.392300
53.495100
40.426600
26.644000
49.220500
38.732900
20.449900
52.103300
47.584100
44.852700
64.004300
49.999800
38.852100
49.211800
67.387500
61.465800
10.536600
32.859600
51.096900
54.313400
47.605500
56.253300
61.627700
77.278600
60.793100
39.573100
58.228500
30.943800
62.794100
37.301300
58.317800
46.855900
51.638500
51.867900
54.019300
110.872000
72.473700
66.990200
47.813700
53.508500
32.975000
71.169900
57.749800
32.176000
57.320900
58.804500
31.646100
50.193600
54.429700
26.948000
51.783300
42.500600
61.704500
59.653400
56.101800
52.057100
29.155800
48.393000
32.544600
52.156500
25.521000
50.288100
39.763100
50.514600
70.488100
44.511200
45.610600
51.670900
63.676700
68.298200
44.511200
19.044400
63.030100
66.515100
57.097100
60.880600
69.861000
75.658100
49.950500
47.055100
43.107800
56.193700
57.909200
36.623500
61.953200
19.278700
84.858200
63.847300
32.917200
42.738700
30.943800
48.257800
