0.002897
0.002665
0.001315
0.004708
0.003777
0.004742
0.001700
0.004861
0.005805
0.005203
0.007667
0.003788
0.004414
0.000985
0.003992
0.006383
0.006257
0.001084
0.002871
0.002009
0.001431
0.004979
0.000680
0.003962
0.001952
0.003912
0.001492
0.000985
0.002802
0.002331
0.001308
0.003169
0.004114
0.001079
0.001158
0.003477
0.001308
0.006060
0.000934
0.000983
0.005219
0.005525
0.002252
0.005554
0.001040
0.001304
0.001757
0.005188
0.009834
0.005663
0.004923
0.007405
0.006814
0.001284
0.005976
0.007077
0.000933
0.003400
0.002691
0.006539
0.001029
0.003219
0.002748
0.004476
0.003274
0.003903
0.003615
0.002740
0.002419
0.003679
0.004531
0.002711
0.002688
0.006914
0.005350
0.004334
0.002338
0.002957
0.006279
0.001147
0.006059
0.001828
0.002820
0.002495
0.003470
0.002610
0.007909
0.003376
0.002038
0.004745
0.003378
0.002908
0.003513
0.000987
0.002896
0.007703
0.002588
0.003310
0.006727
0.000912
