269.000000
1002.000000
897.000000
816.000000
789.000000
832.000000
1241.000000
490.000000
654.000000
1013.000000
1038.000000
778.000000
1081.000000
586.000000
890.000000
749.000000
796.000000
150.000000
253.000000
966.000000
495.000000
676.000000
989.000000
430.000000
910.000000
1104.000000
489.000000
1229.000000
230.000000
42.000000
396.000000
226.000000
266.000000
521.000000
442.000000
601.000000
1247.000000
10.000000
163.000000
1000.000000
17.000000
120.000000
217.000000
958.000000
497.000000
1339.000000
804.000000
651.000000
765.000000
876.000000
425.000000
127.000000
1242.000000
191.000000
889.000000
251.000000
7.000000
559.000000
1301.000000
214.000000
37.000000
298.000000
119.000000
800.000000
621.000000
49.000000
618.000000
515.000000
136.000000
195.000000
769.000000
888.000000
844.000000
938.000000
962.000000
604.000000
1193.000000
284.000000
938.000000
595.000000
92.000000
995.000000
1211.000000
583.000000
936.000000
1333.000000
210.000000
309.000000
568.000000
934.000000
845.000000
1180.000000
1181.000000
1003.000000
281.000000
627.000000
266.000000
278.000000
601.000000
445.000000
