0.159500
0.169710
0.258877
0.235087
0.143029
0.164694
0.270877
0.126082
0.201649
0.162913
0.158258
0.178878
0.129274
0.171093
0.181358
0.201810
0.194663
0.148956
0.178530
0.183750
0.234046
0.224980
0.168477
0.111869
0.110521
0.186819
0.165570
0.220027
0.205315
0.206192
0.163289
0.214067
0.215517
0.179124
0.181688
0.190411
0.234311
0.191377
0.178097
0.188346
0.145345
0.192648
0.190345
0.195821
0.293393
0.235237
0.169872
0.215105
0.173831
0.193320
0.158764
0.195508
0.249020
0.195859
0.181640
0.211671
0.215310
0.174410
0.232016
0.207565
0.233996
0.116859
0.064433
0.248675
0.266967
0.233550
0.221316
0.193632
0.176766
0.175432
0.202113
0.288858
0.174550
0.331394
0.214867
0.206697
0.206136
0.275949
0.146283
0.213285
0.183075
0.220170
0.213916
0.236267
0.233534
0.264215
0.338173
0.267969
0.176148
0.267969
0.241011
0.249866
0.261319
0.202685
0.179669
0.289875
0.300513
0.326825
0.242746
0.267969
