0.110732
0.116018
0.171525
0.102077
0.092801
0.097175
0.111747
0.106711
0.073117
0.104543
0.098683
0.095379
0.122740
0.086169
0.115079
0.083728
0.097204
0.099648
0.125749
0.092656
0.079688
0.103873
0.107309
0.150570
0.097353
0.124585
0.102552
0.160091
0.084240
0.103592
0.093152
0.095252
0.110632
0.119861
0.107439
0.102979
0.097294
0.116151
0.115972
0.135558
0.120055
0.099143
0.111080
0.099860
0.123620
0.142560
0.106811
0.136756
0.084170
0.119259
0.139965
0.109560
0.131418
0.146692
0.113272
0.093381
0.139148
0.144020
0.143312
0.159150
0.137742
0.199406
0.159545
0.121234
0.145575
0.124307
0.135749
0.113645
0.110924
0.139778
0.165029
0.099128
0.144083
0.141757
0.116278
0.150022
0.140549
0.136636
0.164806
0.120139
0.129073
0.084931
0.146239
0.163532
0.158449
0.116243
0.060144
0.161999
0.147850
0.161999
0.146287
0.132056
0.121587
0.184969
0.183054
0.175556
0.138024
0.138138
0.111692
0.161999
