0.004090
0.003167
0.001929
0.003069
0.000438
0.005426
0.000425
0.003540
0.002421
0.005492
0.004256
0.000387
0.004611
0.003813
0.000441
0.000416
0.000397
0.004485
0.003737
0.002855
0.000450
0.005050
0.005654
0.004330
0.002942
0.000400
0.000436
0.000492
0.004887
0.005044
0.006703
0.003744
0.000491
0.000443
0.000503
0.004755
0.004034
0.000367
0.004827
0.000625
0.003721
0.002800
0.000393
0.000357
0.005023
0.000345
0.000392
0.004473
0.000367
0.005140
0.000695
0.000430
0.004808
0.000332
0.004106
0.003736
0.000312
0.002565
0.000147
0.000407
0.009218
0.006342
0.002393
0.000588
0.002656
0.000379
0.000464
0.000355
0.000552
0.000243
0.005356
0.000418
0.006639
0.005598
0.003661
0.000544
0.004828
0.003661
0.003195
0.005268
0.003233
0.003916
0.003364
0.000160
0.005284
0.004081
0.003859
0.000398
0.000162
0.000162
0.000167
0.001910
0.000381
0.000296
0.000653
0.000684
0.000591
0.000333
0.000369
0.000379
