0.113120
0.086856
0.076186
0.074683
0.094510
0.100318
0.057962
0.110732
0.092705
0.128077
0.095379
0.083728
0.099648
0.063839
0.086169
0.096489
0.112891
0.115079
0.071439
0.111692
0.123167
0.099271
0.160091
0.116514
0.094575
0.125992
0.120299
0.093529
0.106976
0.111264
0.088568
0.118853
0.123620
0.142560
0.095252
0.129261
0.106811
0.097202
0.117755
0.120055
0.138017
0.121019
0.115972
0.107439
0.093152
0.127949
0.110632
0.159545
0.126259
0.134088
0.143927
0.123627
0.084170
0.093381
0.143312
0.159150
0.145857
0.119259
0.133348
0.083783
0.144020
0.171875
0.109492
0.139148
0.060880
0.111137
0.146600
0.126078
0.135749
0.166878
0.074846
0.113645
0.101337
0.188191
0.140549
0.141757
0.150022
0.140549
0.130156
0.120866
0.120139
0.116278
0.065718
0.225372
0.101342
0.163532
0.158449
0.146287
0.161999
0.161999
0.147850
0.119885
0.124080
0.183054
0.144043
0.187720
0.175556
0.153837
0.084240
0.111137
