0.622449
0.991818
0.236075
0.090351
0.651833
0.710330
0.924156
0.238459
0.678470
0.359607
0.088620
1.211377
0.421595
0.538683
0.227193
0.952438
0.240822
0.079759
1.583880
0.059864
0.360717
0.000000
0.274919
0.000000
0.454108
0.240077
0.353473
0.166068
0.000000
0.233031
0.046283
0.099615
0.398584
0.562552
0.334678
0.210109
0.103169
0.222095
0.276453
0.117489
0.342883
0.185615
0.529975
0.297461
0.342194
0.643809
0.058558
0.462305
0.101455
0.506871
0.225382
0.354410
0.473259
0.195196
0.684350
0.246614
0.382642
0.206312
1.037456
0.283916
0.000000
0.167934
0.091394
0.570156
0.731506
0.132384
0.592737
0.557281
0.791024
0.320510
0.550327
0.102837
0.071760
0.750017
0.482783
0.865813
0.092080
0.482783
0.087791
0.655368
0.093176
0.082555
0.250547
0.094269
0.334481
0.285126
0.084310
0.322937
0.326999
0.326999
0.491775
0.080172
0.456195
0.379016
0.563183
0.557480
0.089422
0.415612
0.235101
0.132384
