12.083656
9.481984
7.793612
9.810303
5.350748
9.054379
9.531814
8.858915
6.394613
7.087370
9.810303
9.201719
9.401812
5.119741
5.110193
5.075127
9.810303
9.941379
6.751779
11.023449
7.957275
8.728976
11.834490
9.201719
8.599691
10.129066
4.999162
7.128016
9.941379
10.110132
12.197312
6.081395
7.895492
4.556535
7.655398
9.872544
4.897411
6.139843
8.693888
7.891559
4.892558
13.420757
5.477625
10.271554
6.363538
10.455191
11.046131
5.386679
4.887875
9.781793
4.630988
7.672313
9.443026
8.572948
11.045282
4.621813
11.893283
11.977048
7.302547
10.336881
7.496819
8.990820
5.395180
12.938004
10.491412
5.686253
7.279263
5.157503
10.325067
9.776967
8.888836
12.055906
11.800550
10.118458
10.214561
9.058059
7.539873
5.856182
9.118001
5.446869
6.982587
6.359674
7.261119
5.874781
4.915654
12.589333
6.146863
6.725055
5.029554
12.307273
9.947666
8.373075
5.055773
11.450475
5.486685
6.088397
8.652397
8.177497
8.675854
7.637112
