0.770625
0.785430
0.533496
0.752844
0.670463
0.810504
0.430305
0.636782
0.613854
0.470485
0.677797
0.391837
0.597808
0.846194
0.710446
0.515750
0.798471
0.707563
1.038450
0.281659
0.479149
0.697925
0.785676
0.940776
0.667799
0.629946
0.801517
0.709370
0.373010
0.517719
0.821058
0.488120
0.790571
0.671788
0.784945
0.155552
0.634003
0.524557
0.703476
0.613193
0.390733
0.550586
0.795519
0.640606
0.695115
0.775702
0.986125
0.723179
0.173453
0.474072
0.700664
0.832509
0.925858
0.915847
0.469438
0.289897
0.659256
0.909076
0.655649
0.660265
0.681380
0.714793
0.648212
0.945951
0.594495
0.673192
0.700425
1.002000
0.473007
0.863668
0.632139
0.456520
0.456520
0.818118
0.404357
0.753648
0.726824
0.759878
0.584407
0.336454
0.812620
0.502742
0.840123
0.704211
0.414880
0.889266
0.509100
0.948789
1.113130
0.533261
0.533261
0.603754
0.533261
0.505387
0.964616
0.636181
0.670649
0.792337
0.770967
0.703476
