0.001556
0.002075
0.004808
0.004207
0.009120
0.001885
0.002945
0.001073
0.003582
0.002275
0.004207
0.002057
0.001152
0.008863
0.003182
0.012801
0.004207
0.001549
0.004925
0.001747
0.006941
0.003760
0.001007
0.002057
0.002592
0.002938
0.004022
0.002859
0.001549
0.000746
0.001279
0.004870
0.002690
0.007674
0.005979
0.001953
0.004574
0.004405
0.004226
0.003323
0.003318
0.000430
0.003026
0.001002
0.007248
0.000994
0.001135
0.002959
0.006802
0.002618
0.007310
0.006302
0.002082
0.003793
0.001522
0.008546
0.001314
0.001287
0.003056
0.000959
0.001997
0.001453
0.002781
0.000761
0.001664
0.007954
0.004858
0.007470
0.000934
0.002319
0.004000
0.000866
0.000966
0.000865
0.000796
0.001433
0.004993
0.005734
0.003300
0.002301
0.004365
0.002118
0.002108
0.006740
0.006092
0.000601
0.005810
0.003891
0.004292
0.000439
0.002305
0.001984
0.004475
0.000731
0.002667
0.005383
0.001786
0.000816
0.004309
0.004787
