0.036901
0.258877
0.115043
0.143029
0.164694
0.192658
0.169934
0.155290
0.126082
0.186572
0.149091
0.129274
0.233088
0.236351
0.158258
0.211983
0.171093
0.175710
0.224980
0.186541
0.147321
0.183750
0.242746
0.178530
0.148101
0.234046
0.164652
0.191805
0.222205
0.205315
0.190345
0.221315
0.232551
0.159926
0.221608
0.307796
0.236617
0.180893
0.235237
0.180054
0.204617
0.195592
0.169365
0.179124
0.192648
0.190411
0.163289
0.148156
0.215310
0.249020
0.234018
0.233996
0.211671
0.174410
0.158764
0.231589
0.173831
0.148739
0.193985
0.213293
0.208128
0.193320
0.195508
0.176519
0.153913
0.236506
0.179312
0.176766
0.210099
0.202113
0.175432
0.256725
0.256725
0.214867
0.331394
0.220170
0.183075
0.199295
0.206136
0.275473
0.146283
0.275949
0.244279
0.288516
0.214774
0.269015
0.254793
0.241011
0.261319
0.267969
0.267969
0.245675
0.267969
0.236606
0.269923
0.300513
0.289875
0.261304
0.223761
0.235237
