0.002688
0.009171
0.007169
0.012124
0.009722
0.008438
0.008068
0.010724
0.006151
0.009969
0.008847
0.010711
0.010779
0.014350
0.009053
0.008338
0.008085
0.010409
0.006811
0.014497
0.011974
0.009788
0.011605
0.010012
0.010344
0.007646
0.011333
0.008004
0.007901
0.008372
0.007468
0.010202
0.009284
0.009775
0.004951
0.006196
0.006194
0.007460
0.012077
0.010218
0.013887
0.010013
0.004874
0.008728
0.006956
0.007708
0.007958
0.007175
0.013074
0.013643
0.008013
0.010998
0.009267
0.008535
0.007304
0.006271
0.004049
0.001273
0.006003
0.009304
0.009337
0.006257
0.004924
0.008223
0.009727
0.007232
0.002753
0.006163
0.006984
0.008798
0.006718
0.000834
0.000834
0.005877
0.004126
0.001688
0.003711
0.009194
0.006876
0.012766
0.003520
0.006761
0.006189
0.008271
0.005368
0.003723
0.007310
0.005208
0.004248
0.006696
0.006696
0.003391
0.006696
0.003638
0.004968
0.003806
0.008212
0.001713
0.008560
0.012077
