269.000000
1005.000000
789.000000
885.000000
404.000000
1033.000000
490.000000
582.000000
832.000000
890.000000
1038.000000
759.000000
778.000000
192.000000
1013.000000
757.000000
19.000000
1024.000000
794.000000
1229.000000
1130.000000
1104.000000
242.000000
784.000000
1014.000000
966.000000
445.000000
42.000000
942.000000
111.000000
10.000000
111.000000
851.000000
10.000000
226.000000
294.000000
804.000000
163.000000
521.000000
1315.000000
958.000000
423.000000
217.000000
396.000000
497.000000
17.000000
1000.000000
322.000000
1219.000000
513.000000
425.000000
559.000000
191.000000
298.000000
651.000000
224.000000
942.000000
621.000000
424.000000
37.000000
765.000000
1242.000000
214.000000
211.000000
1249.000000
847.000000
258.000000
195.000000
431.000000
515.000000
976.000000
618.000000
618.000000
88.000000
595.000000
604.000000
995.000000
171.000000
938.000000
1290.000000
1294.000000
1193.000000
188.000000
1333.000000
583.000000
983.000000
242.000000
845.000000
568.000000
309.000000
309.000000
230.000000
309.000000
281.000000
266.000000
266.000000
611.000000
593.000000
15.000000
521.000000
