0.000642
0.001556
0.001096
0.000541
0.010623
0.000971
0.006052
0.007673
0.013091
0.009532
0.010868
0.000817
0.013724
0.013730
0.001070
0.001171
0.001102
0.009414
0.009826
0.001090
0.007354
0.009800
0.007138
0.010519
0.008999
0.008949
0.001001
0.011380
0.009342
0.000923
0.008710
0.001099
0.000918
0.009361
0.012066
0.016756
0.007194
0.001450
0.001108
0.001356
0.009303
0.000913
0.001125
0.010885
0.001237
0.001074
0.012559
0.015856
0.001470
0.001085
0.000948
0.000675
0.000830
0.023045
0.001325
0.005983
0.012019
0.001019
0.010626
0.000918
0.001076
0.006414
0.013050
0.000780
0.001376
0.000440
0.016596
0.001033
0.000622
0.001005
0.008426
0.013389
0.013389
0.009790
0.001361
0.014218
0.000885
0.001157
0.009152
0.013994
0.010153
0.001504
0.008409
0.000628
0.000775
0.001545
0.013372
0.000996
0.007919
0.000405
0.000405
0.004775
0.000405
0.001397
0.009730
0.009869
0.001476
0.000832
0.001068
0.001108
