-61.001400
-55.517900
-57.800800
-59.533700
-58.921900
-57.040700
-58.584300
-61.443700
-56.339100
-60.722600
-58.816000
-58.408500
-58.418600
-58.330300
-55.891100
-59.245600
-56.399000
-56.684700
-58.573000
-57.757000
-59.499600
-56.920600
-56.090000
-57.524800
-56.869300
-56.438000
-57.384000
-58.409300
-56.391200
-58.151700
-56.082200
-58.205500
-56.430600
-56.239600
-54.420600
-56.821800
-55.215500
-54.382700
-57.476400
-56.285200
-57.717900
-59.886600
-59.038500
-57.858000
-55.923600
-58.023000
-58.691500
-58.209000
-56.705000
-58.959300
-57.096600
-55.591500
-58.138400
-57.478900
-57.046300
-57.778300
-61.348400
-57.588100
-54.881000
-56.528000
-57.931900
-54.770900
-56.947900
-59.007400
-56.230100
-56.444000
-56.503800
-57.542800
-55.991000
-55.025100
-58.079400
-59.636300
-58.998400
-58.854700
-56.446500
-58.616700
-57.480700
-58.914800
-54.735600
-55.840500
-57.480700
-58.144700
-54.604500
-56.966100
-57.494900
-58.362500
-57.469100
-57.035200
-57.764800
-54.927400
-58.020700
-58.020700
-57.764800
-58.055000
-55.149100
-55.343200
-55.053200
-56.459300
-58.144700
-56.082200
