0.163143
0.115043
0.197402
0.126082
0.159500
0.270877
0.164694
0.223165
0.143029
0.175710
0.158258
0.186572
0.178878
0.233088
0.161680
0.163255
0.129274
0.211983
0.186541
0.183750
0.232870
0.206192
0.165570
0.186819
0.111869
0.200049
0.164652
0.168477
0.148101
0.193550
0.192648
0.307796
0.179124
0.181688
0.221315
0.221182
0.169872
0.236617
0.234311
0.163289
0.209732
0.230775
0.293393
0.129921
0.175653
0.236229
0.215517
0.266967
0.193320
0.116859
0.176934
0.232016
0.207565
0.174410
0.234018
0.233996
0.231387
0.267334
0.249020
0.148739
0.064433
0.211671
0.198369
0.231589
0.144292
0.229657
0.223761
0.228958
0.186506
0.193632
0.210099
0.308398
0.175432
0.275473
0.268047
0.208448
0.206136
0.213285
0.183075
0.275949
0.206136
0.214867
0.211527
0.254793
0.169268
0.261319
0.267014
0.261319
0.267969
0.249149
0.261265
0.261265
0.267969
0.287910
0.360487
0.237393
0.289875
0.261304
0.214867
0.192648
