0.057962
0.171525
0.113634
0.092070
0.102077
0.111747
0.100318
0.090832
0.044133
0.112891
0.104543
0.122740
0.111489
0.095379
0.098683
0.112145
0.103260
0.108701
0.099271
0.088918
0.097353
0.111264
0.071439
0.089920
0.111692
0.092656
0.125992
0.095099
0.097759
0.127762
0.162182
0.110632
0.104920
0.088568
0.121019
0.120409
0.106811
0.135558
0.138017
0.097202
0.117755
0.086703
0.102979
0.144277
0.115972
0.097717
0.119861
0.126259
0.169488
0.171120
0.136756
0.199406
0.143312
0.109560
0.121234
0.121002
0.144020
0.109628
0.171875
0.106529
0.131418
0.114051
0.083783
0.139148
0.145005
0.101337
0.102882
0.092146
0.113645
0.139778
0.107315
0.108543
0.106795
0.141757
0.196372
0.132607
0.084931
0.120098
0.146239
0.140549
0.136636
0.120139
0.111130
0.171190
0.167193
0.153907
0.060144
0.140418
0.161999
0.161999
0.161999
0.119885
0.132056
0.138261
0.184969
0.187720
0.175556
0.153837
0.097202
0.076345
