1.016948
0.846091
1.399941
0.535049
0.388063
0.239021
-0.280432
-0.829913
-0.598076
1.316243
1.136037
1.775647
0.067629
-0.225930
-0.360169
0.549579
1.138805
0.177044
-0.368164
-0.208025
0.348249
0.746560
0.414901
0.139380
-0.169893
0.272776
-0.083040
0.193219
0.682779
0.306678
0.440164
-0.227499
0.191053
0.035467
-0.031557
0.141989
-0.587773
0.645220
0.234651
-0.105641
0.347056
0.384523
-0.621712
0.357134
0.396485
0.891062
-1.129666
-0.474811
0.615556
0.422252
-0.194854
0.250469
0.610869
0.043059
-0.159457
-0.112438
0.005950
0.361294
0.204357
-0.325151
-0.182551
-0.370728
0.463532
0.915701
0.673372
-0.121593
0.514740
0.127773
-0.193315
0.481959
0.581362
0.085611
0.216937
-0.242807
0.442581
0.031128
0.665019
0.276978
-0.218070
0.884514
0.537064
-0.335912
0.021569
0.693477
-0.085961
0.193237
0.130047
0.628067
-0.250009
-0.250009
-0.250009
-0.289241
0.093974
-0.260360
0.076973
-0.069035
-0.191686
-0.103141
-0.105641
-0.027709
