-58.352200
-60.551600
-61.443700
-56.615000
-61.001400
-57.839800
-59.346100
-59.533700
-58.921900
-60.722600
-56.087000
-57.120600
-55.938500
-58.330300
-57.784000
-56.068600
-59.390400
-58.816000
-59.328000
-56.062500
-58.409300
-56.920600
-56.090000
-58.573000
-54.826300
-55.000800
-58.556100
-55.331300
-59.927000
-54.100400
-59.038500
-55.215500
-57.476400
-55.257600
-57.674500
-56.492500
-56.239600
-59.886600
-58.023000
-58.798600
-55.529600
-57.006100
-58.306100
-58.011700
-54.420600
-56.301900
-59.256800
-59.063200
-56.947900
-60.490200
-58.380400
-56.436300
-56.928300
-57.588100
-57.096600
-57.753000
-61.348400
-58.309400
-57.923400
-55.468800
-58.104700
-55.502000
-58.959300
-58.209000
-58.138400
-58.998400
-57.560900
-58.501800
-57.537800
-59.277500
-58.984500
-55.866500
-55.271600
-54.735600
-56.900700
-54.604500
-57.622400
-56.031700
-59.253000
-56.446500
-56.750400
-54.245600
-56.528600
-58.362500
-58.041500
-55.213900
-56.861200
-58.020700
-57.764800
-57.764800
-54.340500
-58.020700
-57.764800
-56.618600
-55.311600
-58.261200
-55.053200
-56.459300
-56.608400
-58.209000
