-1.264390
-0.550042
-0.789359
-1.008793
-0.776736
-0.547294
-0.665826
-1.228839
-0.466012
-0.218623
-0.146377
0.092983
0.188820
0.143108
-0.063289
0.085040
-0.197992
-0.710379
0.163047
1.746456
0.405287
0.554653
1.104093
0.695316
0.423549
0.198591
0.243203
0.159284
0.599754
0.404228
1.177930
1.294416
0.927305
0.684213
1.278496
1.095636
0.733581
1.121184
0.852356
1.279428
1.431360
0.501853
1.207931
0.864734
1.124122
1.053551
1.368782
1.444827
1.299574
1.469784
2.632879
1.047704
0.920584
1.232227
2.212256
1.216302
1.606014
1.539816
1.050393
1.357473
1.859847
1.126520
1.432767
1.788975
1.569786
2.043737
2.165704
1.898462
2.068630
2.328027
2.165909
1.287413
2.635790
1.923994
2.289613
2.453073
1.788006
2.492903
1.721669
2.407766
1.765569
1.440716
1.988700
2.126504
3.055549
3.503873
2.399668
3.010667
3.116171
3.116171
2.289007
3.010667
3.116171
2.791803
3.779844
3.186144
4.170508
3.751848
0.455582
1.788975
