1033.000000
1005.000000
495.000000
1045.000000
897.000000
490.000000
582.000000
832.000000
1242.000000
1024.000000
426.000000
1038.000000
712.000000
778.000000
192.000000
796.000000
602.000000
1013.000000
253.000000
489.000000
436.000000
676.000000
346.000000
1229.000000
611.000000
1130.000000
966.000000
218.000000
124.000000
495.000000
583.000000
12.000000
514.000000
542.000000
443.000000
229.000000
1247.000000
207.000000
945.000000
671.000000
10.000000
217.000000
722.000000
599.000000
111.000000
209.000000
163.000000
251.000000
889.000000
876.000000
37.000000
651.000000
942.000000
548.000000
7.000000
322.000000
552.000000
424.000000
1271.000000
174.000000
576.000000
926.000000
665.000000
667.000000
90.000000
976.000000
888.000000
1265.000000
169.000000
104.000000
573.000000
312.000000
136.000000
995.000000
520.000000
206.000000
1294.000000
637.000000
284.000000
178.000000
962.000000
171.000000
188.000000
268.000000
583.000000
885.000000
597.000000
1181.000000
309.000000
309.000000
934.000000
1181.000000
309.000000
280.000000
531.000000
266.000000
611.000000
593.000000
29.000000
667.000000
