0.864421
0.815914
0.421279
0.846957
0.551054
0.678470
0.401877
1.429099
0.238459
0.375307
0.265111
0.400110
0.886979
0.235216
0.359607
0.421595
0.000000
0.354322
0.168291
0.360717
0.484799
0.623430
0.380070
0.353473
0.137736
0.454108
0.794764
0.065065
0.000000
0.202567
0.398584
0.103169
0.359348
0.247097
0.237329
0.334678
0.297461
0.187560
0.643809
0.352121
0.099615
0.161585
0.324885
0.529975
0.279980
0.117489
0.271155
0.051963
0.225382
0.296897
0.101455
0.146926
0.473259
0.337206
0.203102
0.167934
0.231447
0.542593
1.037456
0.139410
0.748523
1.266268
0.220953
0.124981
0.246614
0.686975
0.328337
0.791024
0.054941
0.155561
0.592737
0.253046
0.077251
0.356736
0.244489
0.087791
0.477559
0.624473
0.371271
0.105759
0.655368
0.203050
0.250547
0.089641
0.153801
0.389319
0.377051
0.456195
0.326999
0.326999
0.259688
0.456195
0.326999
0.193907
0.111707
0.053291
0.089422
0.415612
0.166068
0.124981
