35.753200
50.739900
51.418600
60.470600
38.841700
48.241900
52.210400
43.044500
38.883600
38.732900
56.800500
47.584100
20.449900
51.533800
26.644000
45.149400
47.231500
48.267100
68.881400
40.647900
56.016100
57.658400
49.999800
32.859600
49.561200
51.038900
37.864500
51.926900
67.934500
51.198300
47.782800
77.278600
47.813700
50.360800
51.638500
44.184300
61.627700
63.011500
56.201300
62.794100
34.994700
110.872000
55.954100
57.857100
40.966600
49.897600
46.855900
57.749800
59.219100
53.301800
39.917100
49.928600
53.508500
53.102400
39.583600
31.646100
31.895400
56.101800
54.429700
58.804500
77.290300
60.816100
45.579900
51.783300
31.348800
25.521000
36.181400
50.288100
50.514600
32.544600
40.525500
60.830100
50.915500
29.886300
55.706600
36.049800
44.511200
65.802800
66.515100
68.298200
25.425400
45.610600
86.582900
34.516600
66.175500
49.950500
72.306100
47.055100
61.953200
36.623500
47.055100
71.620900
57.909200
39.298300
39.298300
32.917200
63.847300
38.980700
35.753200
34.516600
