0.001178
0.007140
0.006257
0.003212
0.002740
0.006084
0.006738
0.006279
0.001431
0.004753
0.003953
0.003035
0.001559
0.001158
0.006438
0.000934
0.003093
0.006814
0.001757
0.006059
0.002331
0.002610
0.003219
0.001497
0.004945
0.001081
0.002338
0.006126
0.003912
0.002908
0.004753
0.001657
0.007703
0.005916
0.002564
0.004881
0.006273
0.005739
0.002520
0.009834
0.003962
0.005525
0.003203
0.006375
0.001271
0.002665
0.000434
0.002249
0.000912
0.003782
0.003903
0.005203
0.002563
0.007666
0.001934
0.007405
0.006914
0.002897
0.002563
0.001308
0.003592
0.006056
0.005805
0.006727
0.001965
0.005961
0.004923
0.000933
0.005663
0.009834
0.002748
0.006126
0.004476
0.002673
0.008481
0.001855
0.001279
0.004664
0.002252
0.001952
0.003284
0.005539
0.002046
0.005660
0.002090
0.000895
0.001237
0.002513
0.004788
0.004334
0.003887
0.003477
0.001735
0.004697
0.004485
0.002820
0.002588
0.002495
0.006154
0.006816
