0.116018
0.171525
0.092801
0.094510
0.160002
0.106711
0.057962
0.073117
0.092705
0.122837
0.122829
0.099648
0.063839
0.097204
0.111489
0.092746
0.086169
0.095379
0.150570
0.071439
0.093529
0.116514
0.079688
0.092656
0.127762
0.118599
0.130229
0.097759
0.107309
0.107612
0.115972
0.117755
0.097717
0.120409
0.102979
0.116151
0.119861
0.095252
0.104920
0.107439
0.097294
0.138017
0.092138
0.123620
0.144277
0.106811
0.093152
0.106529
0.146692
0.084170
0.060880
0.109628
0.139965
0.109492
0.134088
0.143927
0.159150
0.121002
0.114051
0.093381
0.133348
0.145187
0.145575
0.185947
0.171120
0.124307
0.101337
0.110924
0.107315
0.074846
0.113999
0.139778
0.146600
0.130156
0.111130
0.146239
0.140549
0.188191
0.129073
0.132607
0.150022
0.120866
0.092693
0.060144
0.225372
0.163532
0.090407
0.161999
0.124080
0.140418
0.161999
0.119885
0.146287
0.163182
0.163182
0.138024
0.187720
0.153837
0.116018
0.060144
