-0.537870
-0.550042
-0.438779
-0.902808
-0.392254
-1.228839
-0.590745
-0.389962
-0.547294
0.166873
-0.147794
0.085040
-0.447051
0.188820
0.143108
-0.146377
0.080978
0.140084
0.223194
0.312001
0.455582
0.599754
0.243203
0.718024
0.348469
0.521483
0.689292
0.644868
0.405287
0.423549
0.864734
1.085098
1.320253
0.897868
1.760448
1.150798
3.166055
1.095636
1.121184
0.733581
0.927305
0.678516
1.124122
1.177930
1.004733
1.294416
0.555243
1.510918
1.859847
0.920584
1.120473
1.232227
1.047704
1.218818
1.073865
1.299574
1.569786
2.784608
2.212256
1.438463
1.050393
1.276581
1.788975
1.000063
1.606014
2.635790
1.430171
2.209422
2.165704
1.428813
3.000248
2.043737
2.165909
2.453073
1.440716
2.430654
2.395575
2.179478
1.923994
1.721669
2.027685
1.765569
2.492903
2.399668
1.835416
2.900802
2.646078
3.116171
3.010667
3.381769
3.116171
2.825028
3.249761
2.791803
2.791803
3.186144
3.329139
3.751848
-0.537870
2.399668
