141.000000
1005.000000
885.000000
789.000000
1002.000000
832.000000
1185.000000
1335.000000
490.000000
586.000000
757.000000
796.000000
890.000000
712.000000
778.000000
426.000000
19.000000
226.000000
284.000000
942.000000
29.000000
124.000000
966.000000
1104.000000
424.000000
1014.000000
160.000000
1032.000000
436.000000
611.000000
599.000000
226.000000
804.000000
423.000000
17.000000
97.000000
396.000000
229.000000
207.000000
1247.000000
514.000000
958.000000
111.000000
583.000000
1208.000000
12.000000
1000.000000
425.000000
576.000000
942.000000
864.000000
548.000000
651.000000
224.000000
598.000000
889.000000
90.000000
119.000000
7.000000
191.000000
1271.000000
1198.000000
667.000000
1301.000000
552.000000
136.000000
258.000000
195.000000
888.000000
618.000000
15.000000
976.000000
573.000000
206.000000
171.000000
508.000000
938.000000
1290.000000
995.000000
284.000000
170.000000
962.000000
637.000000
597.000000
255.000000
210.000000
983.000000
309.000000
1181.000000
1180.000000
309.000000
230.000000
845.000000
280.000000
280.000000
266.000000
627.000000
593.000000
141.000000
597.000000
