60.470600
48.241900
55.384700
43.044500
50.739900
51.232700
61.392300
63.591200
51.194300
47.584100
47.231500
44.852700
56.426200
26.644000
53.495100
38.732900
48.267100
53.010800
51.038900
53.434600
51.403400
49.561200
51.096900
47.605500
43.639700
56.175800
54.746100
56.253300
49.211800
56.016100
61.627700
64.263300
49.290700
28.071100
55.954100
51.638500
65.405300
40.966600
30.161800
57.857100
72.473700
43.912600
49.897600
29.438400
110.872000
51.867900
63.011500
49.928600
77.290300
31.646100
17.053800
27.853400
48.093400
50.627100
38.254000
51.783300
45.579900
50.193600
32.975000
59.653400
39.583600
53.102400
53.301800
71.169900
69.618800
32.544600
52.156500
53.347100
40.337400
25.521000
53.541100
45.468200
83.015900
13.070300
29.886300
57.097100
86.582900
19.044400
25.425400
56.897400
45.610600
44.511200
63.676700
74.445300
69.861000
64.023400
32.478400
57.909200
47.055100
48.669900
36.623500
43.107800
56.193700
84.858200
61.287200
32.917200
63.847300
38.980700
63.062700
59.219100
