0.115043
0.126082
0.235087
0.201649
0.258877
0.134614
0.270877
0.159500
0.183954
0.148956
0.171093
0.181358
0.236351
0.233088
0.158258
0.193692
0.178878
0.146116
0.148101
0.224980
0.134872
0.185284
0.239144
0.220027
0.165570
0.200049
0.205315
0.191805
0.206192
0.156346
0.179124
0.145345
0.180054
0.133947
0.221315
0.190411
0.232551
0.192516
0.307796
0.293393
0.192648
0.238566
0.169872
0.146514
0.204617
0.161376
0.214067
0.267334
0.230148
0.198369
0.181640
0.249851
0.187922
0.249020
0.193985
0.144292
0.266967
0.248675
0.208128
0.174410
0.168070
0.231589
0.173831
0.215105
0.153913
0.256725
0.202113
0.236506
0.174550
0.233550
0.229657
0.288858
0.228958
0.244279
0.211527
0.208448
0.203173
0.331394
0.206697
0.214867
0.217230
0.206136
0.275949
0.267014
0.169268
0.269588
0.233065
0.241011
0.267969
0.176148
0.249149
0.261319
0.249866
0.236606
0.269923
0.300513
0.237393
0.261304
0.155290
0.195859
