1.100392
1.102857
0.388063
0.826815
0.846091
0.673782
0.239021
0.210870
-0.829913
-0.194084
-0.310962
0.192669
0.933456
0.067629
-0.360169
1.105449
-0.225930
1.316243
0.513791
1.268351
-0.680217
0.306678
0.806873
0.098947
-0.298661
0.746560
0.052504
-0.208025
0.880827
0.038304
-1.129666
0.304811
0.376336
0.440164
-0.413929
-0.621712
-0.105641
0.357134
0.035467
0.646303
0.298023
0.384523
-0.587773
0.305419
0.234651
-0.031557
0.693557
0.361294
-0.041698
0.300986
1.009143
-0.013572
1.877733
-0.182551
-0.093438
-0.243234
0.306064
-0.159457
-0.060163
0.005950
0.270990
-0.143231
0.274888
-0.194854
0.615556
0.838745
-0.168117
0.283785
-0.269494
-0.259168
0.514740
0.545775
0.127773
-0.364206
-0.087644
0.276978
0.168257
-0.242807
0.166625
-0.359993
1.016369
0.884514
0.537064
1.131318
-0.291892
0.242540
0.496309
-0.112487
-0.250009
0.656081
0.628067
0.323381
0.093974
0.101925
-0.055080
-0.113292
-0.069035
-0.103141
0.006103
0.302335
