0.001096
0.013091
0.011251
0.000592
0.001556
0.010224
0.010926
0.008849
0.000929
0.011528
0.001102
0.011211
0.013730
0.013724
0.001070
0.012233
0.010641
0.000993
0.008999
0.009826
0.012219
0.008025
0.001124
0.014135
0.010196
0.012611
0.000923
0.011380
0.010457
0.001230
0.010885
0.001563
0.001356
0.000165
0.001099
0.001074
0.000918
0.012943
0.016756
0.001228
0.001237
0.003886
0.010084
0.000631
0.009303
0.007000
0.001258
0.006421
0.000367
0.001739
0.015811
0.015421
0.001606
0.001085
0.010626
0.001810
0.000696
0.000761
0.001076
0.023045
0.012850
0.005983
0.012019
0.010774
0.001376
0.013389
0.001005
0.000440
0.001031
0.008661
0.001144
0.006553
0.003650
0.008409
0.007988
0.000512
0.000789
0.001361
0.012071
0.009790
0.013171
0.009152
0.001504
0.000634
0.013211
0.011274
0.001662
0.000996
0.000405
0.000417
0.006935
0.007919
0.007919
0.001397
0.009730
0.009869
0.001711
0.000832
0.007673
0.004889
