0.000372
0.003935
0.000257
0.004090
0.002421
0.000237
0.000342
0.005236
0.000438
0.000413
0.005490
0.004485
0.005492
0.000397
0.004256
0.000416
0.000387
0.003766
0.003893
0.004078
0.004470
0.001855
0.000343
0.000368
0.004208
0.003930
0.004552
0.002942
0.003600
0.000463
0.003863
0.000345
0.004354
0.000357
0.003484
0.000429
0.005177
0.001554
0.000542
0.000503
0.003721
0.000252
0.002878
0.004034
0.004706
0.000440
0.000409
0.005140
0.003736
0.000459
0.006342
0.002568
0.000530
0.002565
0.000389
0.002111
0.006324
0.004525
0.000550
0.006168
0.004310
0.000643
0.009218
0.002393
0.000270
0.000418
0.005356
0.000243
0.003515
0.000413
0.000458
0.003464
0.000355
0.003195
0.005268
0.005598
0.000354
0.000544
0.003661
0.004474
0.003233
0.000602
0.000205
0.000310
0.000618
0.000395
0.005284
0.002774
0.000381
0.003167
0.003168
0.001910
0.000162
0.000559
0.000480
0.000591
0.000684
0.000333
0.000383
0.001929
