0.054807
0.049134
0.048737
0.043855
0.032538
0.043778
0.047607
0.049139
0.036129
0.041789
0.041812
0.050626
0.037472
0.041240
0.027191
0.043561
0.039555
0.031748
0.023016
0.024272
0.028491
0.048105
0.048199
0.040645
0.037450
0.048472
0.024360
0.037433
0.040624
0.036331
0.039445
0.035333
0.016812
0.047309
0.047659
0.034486
0.040325
0.041992
0.039062
0.039536
0.047023
0.042612
0.027924
0.048581
0.045626
0.036539
0.051587
0.052309
0.046144
0.032667
0.020523
0.031281
0.008528
0.042984
0.029827
0.033736
0.072568
0.016026
0.016863
0.042257
0.049368
0.032391
0.035816
0.040368
0.037641
0.022363
0.015185
0.044425
0.031797
0.030617
0.039964
0.028103
0.037975
0.048194
0.027222
0.034941
0.031715
0.020249
0.031257
0.024393
0.070625
0.032261
0.024945
0.022832
0.063415
0.018111
0.028340
0.026203
0.018360
0.017662
0.017662
0.011452
0.017662
0.003971
0.031440
0.028634
0.024759
0.039060
0.029565
0.036186
