0.008124
0.010386
0.006151
0.008438
0.002688
0.008050
0.012124
0.009404
0.009109
0.009499
0.010779
0.010004
0.010470
0.010711
0.009969
0.006943
0.008847
0.014350
0.009319
0.009788
0.014497
0.008109
0.006811
0.008536
0.011965
0.009166
0.009540
0.011333
0.009713
0.014238
0.007460
0.005687
0.010501
0.006194
0.004951
0.008537
0.004993
0.007785
0.006143
0.009775
0.008423
0.010218
0.007195
0.007305
0.004177
0.007708
0.007175
0.007175
0.007535
0.012370
0.010041
0.006265
0.007967
0.006810
0.009337
0.009304
0.006097
0.013074
0.006708
0.010832
0.008793
0.009727
0.009356
0.005809
0.006003
0.006718
0.006955
0.006709
0.007895
0.009014
0.000834
0.006163
0.005481
0.005129
0.006024
0.005877
0.003074
0.008393
0.003520
0.007597
0.004126
0.008408
0.006876
0.004763
0.003637
0.007150
0.006330
0.003391
0.002122
0.006696
0.006696
0.003936
0.006696
0.003638
0.004968
0.008212
0.003806
0.001713
0.008505
0.005064
