0.834204
1.199350
0.810504
0.764274
0.533496
0.809074
0.756412
0.752844
0.430305
0.677797
0.802716
0.846194
0.755549
0.655395
0.629857
0.790757
0.707563
0.581415
0.713701
0.750254
0.801517
0.479149
0.397150
1.038450
0.800857
0.479737
0.845157
0.697925
0.940776
0.785676
0.550586
0.634003
0.390733
0.659977
0.795029
0.784945
0.687243
0.749028
0.566293
0.719629
0.613193
0.213598
0.716300
0.790571
0.640606
0.921642
0.925473
0.723179
0.861303
0.871615
0.635799
0.688839
0.697961
0.925858
0.696640
0.747270
0.754488
0.492508
0.469438
0.737116
0.292935
0.186576
0.594495
0.657084
0.832509
0.536500
0.863668
0.515469
0.828475
0.456520
0.456520
0.743812
0.662309
0.518935
0.818118
0.759878
0.753648
0.502742
1.164330
0.826401
0.336454
1.226460
0.484620
0.704211
0.442529
0.723412
0.847852
1.113130
1.429880
0.385039
1.108260
0.385039
0.948789
0.841696
1.426040
0.636181
0.790499
0.753010
1.029610
0.282753
