35.753200
18.641000
54.824400
63.591200
60.470600
64.410100
61.392300
51.418600
38.883600
40.426600
45.149400
56.426200
49.220500
52.103300
47.584100
48.267100
54.368200
44.852700
67.934500
51.926900
48.257800
50.501000
25.591500
53.434600
38.852100
10.536600
37.864500
32.859600
45.684700
36.044600
50.360800
47.813700
110.872000
39.462100
47.782800
77.278600
49.897600
44.184300
58.228500
56.201300
49.290700
63.011500
62.794100
65.405300
61.627700
57.857100
50.866000
47.183600
56.101800
51.783300
42.714600
49.928600
33.180200
58.804500
31.646100
32.176000
31.895400
39.583600
53.508500
60.816100
50.193600
77.290300
69.618800
23.949400
26.948000
39.763100
52.156500
25.521000
47.619800
32.544600
32.544600
53.541100
40.337400
45.610600
56.897400
55.706600
51.670900
63.676700
63.030100
25.425400
65.802800
57.097100
68.298200
75.658100
66.175500
71.356000
32.213200
43.107800
48.669900
61.953200
56.193700
61.953200
57.909200
73.392900
19.278700
32.917200
63.847300
42.738700
50.340800
67.387500
