-59.533700
-60.530300
-56.339100
-58.921900
-57.040700
-56.615000
-57.839800
-56.558100
-59.346100
-59.390400
-60.722600
-57.728500
-55.938500
-58.418600
-59.245600
-56.068600
-57.120600
-57.987200
-55.331300
-58.573000
-58.556100
-58.539800
-57.923400
-57.772900
-58.159400
-54.100400
-56.608400
-59.328000
-57.524800
-56.423800
-58.023000
-56.213400
-56.285200
-58.798600
-59.886600
-57.926600
-55.257600
-57.878100
-55.717800
-59.636700
-57.675600
-58.011700
-58.181700
-59.256800
-56.692700
-54.382700
-58.691500
-58.380400
-56.182700
-58.309400
-55.788400
-58.208800
-56.230100
-55.468800
-57.931900
-57.778300
-57.588100
-57.923400
-57.656500
-58.297300
-56.928300
-58.138400
-54.770900
-56.705000
-54.881000
-55.025100
-58.984500
-55.271600
-57.230800
-55.866500
-57.284500
-58.501800
-58.998400
-54.604500
-57.681100
-58.144700
-54.735600
-57.480700
-56.031700
-54.245600
-56.900700
-59.279100
-59.253000
-57.076500
-55.213900
-58.362500
-56.861200
-58.020700
-57.880200
-57.764800
-57.764800
-54.927400
-58.020700
-55.149100
-56.618600
-55.053200
-58.261200
-56.850000
-56.391200
-56.423800
