32.653900
50.448800
36.353200
43.408400
9.967190
38.182900
31.172100
29.048100
18.626000
50.019100
36.042600
44.169200
36.036600
27.718600
33.045100
38.546000
38.579300
31.783000
30.680000
44.411400
23.516200
35.909300
39.154300
32.490000
37.819500
39.293100
44.640500
41.788900
29.622400
39.226900
26.181800
45.552600
66.224900
27.041600
32.381600
30.235500
37.196500
40.583700
30.411200
42.316800
48.471100
37.294400
35.734200
39.566200
38.249900
30.580600
46.529400
28.236500
54.179500
32.307800
29.848200
59.169300
50.100000
28.189600
36.195200
50.748700
26.146900
44.075400
32.991400
36.475500
64.878200
36.109900
43.637400
34.197200
44.094200
41.001500
46.729100
33.977600
46.862900
43.316300
48.968800
40.261100
37.557800
40.937800
47.206900
46.626600
56.239100
49.034100
29.602700
49.089900
38.469800
50.142300
39.488000
47.881500
33.997600
42.749600
42.588000
54.538300
60.287300
48.412500
48.412500
30.594300
54.538300
48.437200
40.500300
35.947600
47.771000
39.566100
35.726600
39.226900
