-60.530300
-58.584300
-56.361800
-58.292900
-55.517900
-57.839800
-58.061700
-57.800800
-56.615000
-56.068600
-57.784000
-57.287000
-58.408500
-58.330300
-57.728500
-59.390400
-56.399000
-55.891100
-58.494700
-56.438000
-56.920600
-59.328000
-57.238700
-57.772900
-54.826300
-56.588000
-55.497100
-58.151700
-56.090000
-55.331300
-57.037500
-55.717800
-59.893000
-55.923600
-58.181700
-57.006100
-57.675600
-56.821800
-57.717900
-57.878100
-58.798600
-56.692700
-58.306100
-57.822700
-59.886600
-54.420600
-54.382700
-55.502000
-58.208800
-56.182700
-57.096600
-54.770900
-58.380400
-56.230100
-58.138400
-54.881000
-58.483100
-57.588100
-57.923400
-56.919800
-59.007400
-56.436300
-55.468800
-56.705000
-56.528000
-57.284500
-55.271600
-57.230800
-55.991000
-58.079400
-58.663800
-56.444000
-59.636300
-54.735600
-58.141400
-57.622400
-58.914800
-57.480700
-58.616700
-54.604500
-55.840500
-56.750400
-57.681100
-58.859800
-55.476400
-56.966100
-59.118400
-57.764800
-58.020700
-57.764800
-57.880200
-54.927400
-58.020700
-59.555300
-56.618600
-58.261200
-55.343200
-56.459300
-58.104700
-57.177500
