0.002337
0.003274
0.004485
0.007703
0.005188
0.001279
0.003477
0.002090
0.002338
0.005193
0.001952
0.001304
0.005525
0.001013
0.009834
0.003477
0.006625
0.004243
0.002495
0.000605
0.005539
0.001971
0.001700
0.006383
0.002331
0.000805
0.000680
0.002897
0.003992
0.006761
0.003839
0.005660
0.001029
0.007666
0.003782
0.001271
0.003774
0.003903
0.000933
0.002520
0.003400
0.004916
0.005649
0.004979
0.003953
0.000434
0.004392
0.004531
0.006279
0.002740
0.004560
0.003093
0.006914
0.001757
0.002009
0.001431
0.006257
0.005787
0.001182
0.004334
0.003912
0.001054
0.006060
0.001237
0.003513
0.002588
0.003788
0.000943
0.003376
0.002563
0.001497
0.006738
0.006154
0.003592
0.002957
0.007077
0.004664
0.004708
0.006727
0.004119
0.001308
0.005359
0.009834
0.004488
0.001102
0.005515
0.002954
0.004945
0.000985
0.008563
0.008683
0.000934
0.002451
0.002341
0.001158
0.001084
0.008717
0.002802
0.005976
0.001024
