0.007673
0.010623
0.001062
0.009837
0.001096
0.006052
0.000642
0.001448
0.000929
0.011528
0.013730
0.001102
0.009532
0.013724
0.000993
0.007745
0.000817
0.001040
0.008025
0.012611
0.010457
0.000858
0.012219
0.012262
0.001157
0.009826
0.000923
0.012124
0.010196
0.009000
0.008710
0.013486
0.000824
0.000883
0.012943
0.001125
0.001108
0.011888
0.001024
0.009657
0.000165
0.007000
0.011765
0.001356
0.001066
0.001099
0.007194
0.015811
0.012850
0.000780
0.001148
0.000830
0.000918
0.001810
0.009339
0.001085
0.001076
0.006421
0.000367
0.000949
0.005983
0.001325
0.015421
0.006414
0.001019
0.001005
0.008661
0.013389
0.013934
0.000622
0.016596
0.001144
0.000958
0.000885
0.012071
0.010153
0.008083
0.009152
0.000512
0.007988
0.001504
0.013171
0.014218
0.010203
0.000401
0.013372
0.004924
0.000405
0.000953
0.000405
0.000417
0.006935
0.000953
0.009730
0.005936
0.009869
0.001711
0.000832
0.004889
0.000967
