0.004787
0.004870
0.007248
0.000745
0.002283
0.001247
0.000761
0.001863
0.002358
0.003929
0.001943
0.003176
0.002075
0.000966
0.003713
0.001073
0.001109
0.008863
0.003642
0.001747
0.002057
0.000322
0.001283
0.005606
0.003412
0.000913
0.006069
0.003964
0.004276
0.006802
0.006941
0.006740
0.006249
0.009897
0.002938
0.001215
0.003514
0.002352
0.000816
0.004009
0.002618
0.000982
0.001240
0.002118
0.003233
0.000960
0.004259
0.012083
0.005873
0.000830
0.005412
0.000866
0.008546
0.006799
0.000601
0.002108
0.006814
0.004136
0.002897
0.006478
0.001312
0.002208
0.001786
0.004207
0.004207
0.005783
0.004405
0.002118
0.001984
0.006583
0.001287
0.004999
0.002959
0.003785
0.003318
0.003449
0.003793
0.004167
0.004195
0.003548
0.001007
0.000710
0.002655
0.002108
0.006433
0.002945
0.005383
0.003392
0.002781
0.004022
0.004574
0.001885
0.004925
0.002305
0.002690
0.002057
0.002197
0.000937
0.006236
0.005230
