0.075992
0.123701
0.076186
0.090832
0.171525
0.086856
0.110732
0.094510
0.073117
0.111489
0.096489
0.122837
0.097204
0.112891
0.122829
0.112145
0.063839
0.115079
0.125992
0.160091
0.116514
0.099271
0.115264
0.097759
0.111264
0.090098
0.103873
0.103592
0.139255
0.106976
0.120055
0.105033
0.174133
0.118853
0.104920
0.076345
0.111080
0.102979
0.080924
0.099860
0.101552
0.110632
0.095252
0.121019
0.162182
0.125706
0.088568
0.169488
0.143927
0.123627
0.114051
0.083783
0.109492
0.109560
0.093381
0.185947
0.159545
0.134088
0.199406
0.144092
0.144020
0.137742
0.139965
0.139148
0.143312
0.165029
0.074846
0.092146
0.111137
0.074846
0.107105
0.099128
0.108836
0.084931
0.092693
0.140549
0.116278
0.196372
0.130156
0.150022
0.164806
0.188191
0.140549
0.158449
0.153907
0.181279
0.104015
0.119885
0.161999
0.161999
0.132056
0.140418
0.147850
0.183054
0.144043
0.187720
0.138024
0.138138
0.145575
0.112145
