0.101678
0.003957
0.015265
0.006103
0.001819
0.002938
0.006567
0.077664
0.000818
0.005458
0.017709
0.024434
0.008204
0.008386
0.008440
0.003924
0.001253
0.002357
0.203111
0.096732
0.002398
0.091855
0.089988
0.025554
0.134909
0.080742
0.003164
0.010258
0.053019
0.064446
0.491005
0.083763
0.028873
0.120693
0.117490
0.072459
0.322152
0.571240
0.035689
0.001611
0.088421
0.030712
0.018430
0.148512
0.103163
0.116861
0.116873
0.136339
0.159385
0.118938
0.081813
0.017549
0.138738
0.281916
0.120633
1.085921
0.029752
0.079956
0.399054
0.591668
0.764081
0.096798
0.087390
0.103581
0.165029
0.348793
0.084470
0.672752
0.795341
0.115127
0.057091
0.271127
0.108706
0.168988
0.011939
0.722032
0.535591
0.702836
0.513671
0.637064
0.479386
0.034057
0.722032
0.534361
0.252098
0.363615
0.099871
0.932173
1.593705
3.974983
0.762349
0.030822
0.873871
0.156417
7.621147
0.752204
10.302220
5.512727
0.205215
0.003924
