0.000642
0.000875
0.004823
0.000929
0.001556
0.007916
0.008849
0.001096
0.000592
0.013724
0.001040
0.012233
0.010007
0.000993
0.001171
0.009414
0.009532
0.011211
0.001001
0.014135
0.010825
0.012624
0.012124
0.009733
0.012611
0.000709
0.009826
0.010457
0.011174
0.012219
0.001563
0.000883
0.001356
0.009361
0.001066
0.001125
0.008710
0.001074
0.001024
0.011765
0.003903
0.000980
0.001258
0.007000
0.000165
0.000861
0.016756
0.001376
0.001739
0.001076
0.001148
0.001019
0.005983
0.013050
0.000830
0.001810
0.011183
0.012850
0.000649
0.001606
0.023045
0.000675
0.001325
0.001470
0.010265
0.001005
0.013389
0.003650
0.000947
0.013389
0.000440
0.006553
0.000622
0.014218
0.000789
0.009152
0.009790
0.009513
0.007988
0.012071
0.010153
0.013994
0.009152
0.009648
0.000775
0.011274
0.015082
0.004775
0.000405
0.000405
0.007919
0.006935
0.000417
0.000739
0.001631
0.001711
0.009869
0.006714
0.000696
0.009414
