63.062700
51.418600
51.082500
51.232700
18.641000
38.841700
18.145300
51.194300
30.672500
26.644000
54.368200
56.800500
47.184700
48.410200
48.267100
47.231500
53.495100
46.650400
36.044600
47.605500
51.403400
56.253300
53.434600
67.387500
49.561200
32.859600
56.016100
43.639700
57.658400
30.562300
43.912600
50.360800
49.897600
62.794100
44.184300
47.813700
65.378500
58.317800
50.866000
39.573100
55.954100
29.438400
30.943800
19.653100
49.290700
45.252800
110.872000
56.101800
57.749800
42.400900
51.783300
45.579900
32.176000
26.948000
29.155800
53.301800
71.169900
27.853400
49.928600
38.254000
61.704500
23.949400
50.193600
47.183600
31.348800
58.891100
52.156500
53.541100
60.830100
54.530300
36.181400
40.337400
50.116900
51.670900
66.515100
45.610600
29.286500
63.676700
56.897400
37.996500
57.097100
63.030100
44.511200
69.861000
49.950500
75.658100
71.356000
61.953200
47.055100
48.669900
47.055100
71.620900
36.623500
61.287200
39.298300
32.917200
85.116300
42.738700
47.055100
64.023400
