0.000936
0.004664
0.005350
0.002513
0.003203
0.001237
0.001809
0.002897
0.002563
0.003992
0.006727
0.006438
0.002249
0.000805
0.006517
0.006816
0.005961
0.005181
0.006472
0.003128
0.004334
0.000934
0.002954
0.004119
0.009834
0.003400
0.008683
0.001308
0.006060
0.001134
0.004414
0.002588
0.009834
0.002908
0.003777
0.007703
0.004112
0.006413
0.005663
0.003788
0.001315
0.000985
0.002337
0.005193
0.001102
0.002520
0.004488
0.001081
0.000768
0.002691
0.001029
0.002939
0.003615
0.002802
0.003048
0.001497
0.005649
0.001284
0.004709
0.002610
0.002564
0.002140
0.009834
0.001964
0.004916
0.005233
0.003354
0.002341
0.006383
0.002957
0.002588
0.002740
0.007405
0.004291
0.005639
0.006539
0.003274
0.001158
0.001178
0.006914
0.003533
0.004392
0.004560
0.000977
0.004243
0.002238
0.000943
0.005539
0.006814
0.001735
0.003284
0.002871
0.001147
0.005976
0.004788
0.003378
0.003477
0.002495
0.006761
0.001952
