0.010233
0.008748
0.008124
0.009404
0.011965
0.005557
0.007169
0.013070
0.002688
0.008030
0.010779
0.009221
0.010711
0.011172
0.009499
0.008574
0.007763
0.010470
0.011605
0.010708
0.011572
0.012606
0.008372
0.010344
0.011471
0.007646
0.010597
0.011333
0.008963
0.009788
0.004177
0.008423
0.004874
0.009482
0.010202
0.010013
0.008542
0.007305
0.008858
0.008505
0.010501
0.011394
0.011368
0.008728
0.007468
0.008710
0.009581
0.006708
0.010007
0.006097
0.010998
0.006003
0.007993
0.005809
0.006271
0.007967
0.007304
0.007175
0.004988
0.007535
0.004924
0.011052
0.013074
0.004049
0.006265
0.006984
0.002753
0.009586
0.007232
0.006709
0.007221
0.005348
0.008900
0.002674
0.010534
0.001688
0.006025
0.005129
0.004126
0.012766
0.007597
0.008408
0.003711
0.006330
0.001449
0.003723
0.004413
0.002122
0.003391
0.005920
0.002122
0.003936
0.004248
0.003638
0.004920
0.008212
0.009039
0.000247
0.003806
0.014497
