0.013565
0.000875
0.008849
0.001448
0.000854
0.011251
0.001096
0.010926
0.000642
0.000993
0.013724
0.001040
0.000817
0.013185
0.007745
0.000790
0.001031
0.011528
0.007138
0.001124
0.009000
0.001157
0.000923
0.008999
0.004637
0.008949
0.014135
0.001001
0.012219
0.009800
0.003903
0.003886
0.001125
0.010084
0.001099
0.000913
0.011765
0.012943
0.000824
0.000631
0.000883
0.000981
0.000863
0.010885
0.008710
0.000165
0.009657
0.006640
0.011312
0.001810
0.000675
0.010626
0.000949
0.010311
0.005983
0.011183
0.001325
0.015856
0.000649
0.006421
0.013050
0.001739
0.001470
0.012019
0.001606
0.000622
0.016596
0.000888
0.000440
0.013934
0.003650
0.000718
0.008661
0.000789
0.009513
0.014218
0.013171
0.012071
0.001361
0.013994
0.008083
0.007988
0.000885
0.000401
0.013211
0.001545
0.000989
0.000953
0.004775
0.006935
0.000953
0.000417
0.007919
0.001397
0.001631
0.001476
0.001711
0.006714
0.009869
0.001090
