0.810504
0.756412
0.430305
0.770625
0.886504
0.887928
0.675808
1.199350
0.809074
0.655395
0.570899
0.732641
0.790757
0.707563
0.710446
0.802716
0.755549
0.515750
0.801517
0.800857
0.845157
0.940776
1.038450
0.479149
0.709370
0.813395
0.435142
0.697925
0.713701
0.959344
0.784945
0.456384
0.155552
0.687243
0.695115
0.838432
0.566293
0.795029
0.925473
0.719629
0.488120
0.488331
0.390733
0.749220
0.613193
0.737567
0.634003
0.289897
0.492508
0.635799
0.435333
0.925858
0.688839
0.681380
0.648212
0.934044
0.657084
0.292935
0.697961
0.737116
0.521725
0.723179
0.700664
0.659256
0.173453
1.081730
0.758477
0.673192
0.536500
0.473007
1.233010
0.456520
0.994288
0.826401
0.818118
0.726824
0.518935
0.545540
0.759878
0.812620
0.584407
1.226460
0.396148
0.414880
0.865339
0.723412
0.543443
0.385039
1.108260
1.429880
0.533261
0.603754
1.113130
0.057768
0.640246
0.790499
0.636181
0.753010
0.792337
0.629946
