0.005783
0.003436
0.007248
0.003891
0.001786
0.001011
0.000601
0.004363
0.002108
0.005906
0.004640
0.004581
0.001675
0.003449
0.006478
0.002118
0.004226
0.002305
0.000682
0.002057
0.007051
0.005498
0.008212
0.004167
0.000731
0.002276
0.001247
0.001674
0.001558
0.003747
0.000858
0.001055
0.007470
0.000934
0.001747
0.000960
0.003199
0.001461
0.006236
0.001201
0.002959
0.002938
0.001279
0.000687
0.000887
0.006576
0.004574
0.006740
0.001312
0.003793
0.002016
0.004475
0.002420
0.005383
0.006302
0.003548
0.001078
0.006814
0.003182
0.001073
0.000746
0.005979
0.007687
0.000710
0.001863
0.008546
0.003553
0.004787
0.007954
0.002859
0.002380
0.001287
0.004808
0.001147
0.005075
0.004207
0.001109
0.002239
0.002781
0.002667
0.001453
0.003323
0.000830
0.002655
0.000940
0.001608
0.006249
0.001007
0.001283
0.000816
0.012083
0.004000
0.003642
0.006022
0.000959
0.001575
0.006433
0.003760
0.001215
0.004195
