0.003592
0.001158
0.004485
0.002871
0.002802
0.005961
0.004192
0.006438
0.001964
0.004785
0.005539
0.002711
0.006413
0.007077
0.001996
0.001308
0.006727
0.005649
0.004024
0.003903
0.001828
0.005219
0.004414
0.003047
0.003093
0.005188
0.001431
0.000983
0.005976
0.007140
0.006154
0.003035
0.002038
0.002610
0.006279
0.002295
0.004476
0.002313
0.006625
0.003887
0.000987
0.007667
0.007405
0.006375
0.003720
0.001079
0.000943
0.003169
0.005233
0.005787
0.005193
0.001103
0.000605
0.002872
0.006914
0.002926
0.003477
0.003513
0.000829
0.001809
0.001934
0.006517
0.002090
0.005660
0.001147
0.001178
0.001134
0.005181
0.003310
0.002520
0.002563
0.006761
0.005525
0.006056
0.004788
0.009834
0.004745
0.002495
0.000934
0.000962
0.002564
0.003962
0.000947
0.001657
0.000811
0.006273
0.002513
0.004979
0.001279
0.001081
0.004914
0.006814
0.008683
0.007909
0.002691
0.001855
0.003376
0.006059
0.002451
0.003533
