-1.264390
-0.469522
-0.547294
-0.552204
-0.789359
-1.050781
-0.590745
-0.568758
-0.776736
-0.016406
-0.197992
-0.141897
0.140084
-0.218623
-0.710379
-0.146377
-0.633212
-0.147794
0.554349
0.404228
0.689292
0.413820
0.545581
0.198591
0.579993
1.746456
0.223194
0.718024
0.405287
0.767317
1.085098
0.852356
0.854704
1.294416
1.317612
1.664462
1.383987
0.864734
1.156987
1.121184
1.124122
1.053551
0.678516
1.082841
0.929254
1.279428
1.320253
1.218818
1.073865
0.886782
1.606014
1.438463
1.232227
1.405459
1.717285
1.788975
1.194183
1.444827
1.432767
1.276581
1.120473
1.216302
1.510918
0.920584
1.752345
1.569148
2.068630
1.229439
2.418302
2.021411
1.898462
1.428813
2.165704
2.027685
2.270257
1.923994
1.765569
2.492903
1.440716
1.788006
2.395575
2.609907
2.430654
3.055549
2.871707
3.644332
2.900802
3.010667
2.289007
3.292204
3.116171
2.825028
3.942129
2.979332
2.791803
3.329139
3.186144
3.851470
3.751848
0.243203
