1033.000000
654.000000
490.000000
269.000000
495.000000
472.000000
1185.000000
662.000000
897.000000
749.000000
602.000000
423.000000
226.000000
1024.000000
1013.000000
426.000000
1081.000000
757.000000
445.000000
495.000000
160.000000
784.000000
794.000000
1130.000000
42.000000
489.000000
284.000000
1104.000000
436.000000
762.000000
226.000000
945.000000
294.000000
12.000000
497.000000
120.000000
442.000000
599.000000
1112.000000
207.000000
111.000000
209.000000
958.000000
1339.000000
1315.000000
671.000000
804.000000
224.000000
598.000000
616.000000
552.000000
191.000000
548.000000
765.000000
214.000000
667.000000
1270.000000
251.000000
665.000000
1198.000000
864.000000
322.000000
425.000000
942.000000
1219.000000
256.000000
169.000000
847.000000
769.000000
431.000000
1265.000000
618.000000
888.000000
170.000000
88.000000
995.000000
962.000000
637.000000
171.000000
1294.000000
938.000000
1211.000000
508.000000
583.000000
1247.000000
198.000000
210.000000
1181.000000
934.000000
959.000000
309.000000
230.000000
568.000000
931.000000
280.000000
627.000000
266.000000
278.000000
593.000000
966.000000
