34.612400
12.820400
36.662000
36.353200
18.626000
30.472400
43.408400
52.792200
38.182900
43.218600
41.136600
42.626000
39.043900
35.494100
33.045100
38.579300
27.718600
47.045400
39.293100
41.788900
26.225600
36.262000
35.729500
37.250300
34.096400
29.622400
32.490000
35.726600
30.680000
26.419200
36.632500
30.580600
35.693200
25.891100
45.552600
34.336300
30.411200
38.249900
48.471100
66.224900
32.931200
42.316800
46.113300
44.496500
36.304600
34.081300
35.734200
44.075400
26.146900
36.977700
33.921200
28.236500
59.169300
34.197200
36.109900
43.637400
37.145600
38.630500
50.748700
32.991400
24.229100
36.475500
47.372700
47.997400
27.888800
53.414800
43.316300
26.194000
41.001500
22.664200
46.079200
48.968800
37.815400
38.469800
33.916100
29.602700
36.315900
26.749100
26.740700
46.626600
48.072200
45.699000
27.519700
50.265800
48.502100
23.090000
32.295900
54.538300
48.412500
31.583900
48.412500
54.538300
30.594300
48.437200
40.500300
60.336800
47.771000
39.566100
26.225600
35.405200
