0.192658
0.115043
0.161861
0.143029
0.235087
0.165796
0.159500
0.201649
0.183954
0.211983
0.161680
0.193692
0.129274
0.181358
0.163255
0.149091
0.178878
0.186572
0.110521
0.201690
0.205315
0.134872
0.200049
0.232870
0.165570
0.186819
0.160524
0.148101
0.167639
0.224980
0.175653
0.236617
0.159926
0.191377
0.204617
0.221182
0.202530
0.161376
0.235237
0.163289
0.195821
0.221608
0.169365
0.192648
0.293393
0.190345
0.192516
0.230148
0.267334
0.234018
0.203949
0.213293
0.168070
0.193320
0.207565
0.211671
0.158764
0.215105
0.233996
0.187922
0.208128
0.223610
0.266967
0.116859
0.205287
0.229657
0.288858
0.217772
0.193632
0.220994
0.274654
0.202113
0.174550
0.160107
0.244279
0.203173
0.268047
0.275949
0.275473
0.214867
0.146283
0.208448
0.213285
0.269015
0.091962
0.264215
0.169268
0.261265
0.267969
0.245675
0.267969
0.261265
0.249149
0.360487
0.271824
0.237393
0.300513
0.326825
0.205315
0.180054
