0.057058
0.077664
0.002938
0.003380
0.007058
0.001821
0.006567
0.000818
0.006103
0.008440
0.017709
0.024434
0.000029
0.002357
0.029675
0.007383
0.135486
0.001253
0.011090
0.045662
0.091901
0.064446
0.134909
0.089942
0.039987
0.023308
0.058299
0.036533
0.084796
0.003164
0.083763
0.059633
0.120693
0.017572
0.178936
0.098452
0.078218
0.148512
0.076284
0.563140
0.001611
0.010234
0.072459
0.022316
0.107476
0.322152
0.004507
0.249126
0.037454
0.145120
0.174747
0.306832
0.079956
0.303058
0.014006
0.120633
0.087390
0.718967
0.096798
0.591668
0.118938
0.025394
0.205215
0.399054
0.372323
0.085280
0.271127
0.682939
0.006396
0.949667
0.795341
0.348793
0.138620
0.702836
0.916361
0.011939
0.126786
0.252829
0.034057
0.535591
0.479386
0.232503
0.784898
0.518327
0.109992
2.047195
0.500157
1.279449
1.854881
0.932173
1.593705
0.890452
0.030822
7.621147
14.465038
0.752204
10.302220
5.512727
0.091901
0.028873
