-57.839800
-61.443700
-56.768000
-58.921900
-55.517900
-57.800800
-60.530300
-56.615000
-58.292900
-60.722600
-55.891100
-58.330300
-59.245600
-57.120600
-57.987200
-56.399000
-58.953800
-58.816000
-54.826300
-55.331300
-59.499600
-59.927000
-58.556100
-54.100400
-55.000800
-58.573000
-57.524800
-56.438000
-57.923400
-58.494700
-59.038500
-57.717900
-55.257600
-57.674500
-58.011700
-56.082200
-58.240400
-59.256800
-59.886600
-55.923600
-57.476400
-58.205500
-57.914200
-59.893000
-54.382700
-58.023000
-58.181700
-54.881000
-56.947900
-58.744300
-55.788400
-56.919800
-56.928300
-55.591500
-58.138400
-57.478900
-58.208800
-59.335400
-57.046300
-58.209000
-59.007400
-57.778300
-54.770900
-57.588100
-56.890600
-58.079400
-57.016300
-57.542800
-54.702600
-55.271600
-55.025100
-58.984500
-57.726300
-58.854700
-59.279100
-56.528600
-56.446500
-57.480700
-57.622400
-54.245600
-54.735600
-57.480700
-58.616700
-57.494900
-56.966100
-57.469100
-58.041500
-58.020700
-54.927400
-57.705800
-57.764800
-57.035200
-57.764800
-56.618600
-55.311600
-55.053200
-55.343200
-56.459300
-58.261200
-58.409300
