0.169934
0.223165
0.161861
0.159500
0.115043
0.197402
0.155290
0.183954
0.165796
0.175710
0.161680
0.233088
0.163255
0.149091
0.162913
0.129274
0.181358
0.158258
0.205416
0.167639
0.232870
0.238944
0.234046
0.110521
0.147321
0.186541
0.186819
0.200049
0.191805
0.185284
0.293393
0.209732
0.238566
0.187284
0.178097
0.192648
0.146514
0.180893
0.230775
0.175653
0.234311
0.307796
0.195592
0.191377
0.236617
0.236229
0.192516
0.249020
0.198369
0.153913
0.228678
0.205287
0.173831
0.232016
0.207565
0.174410
0.168070
0.229120
0.234018
0.266967
0.231589
0.233996
0.211671
0.267334
0.203949
0.210099
0.180453
0.228958
0.176766
0.233550
0.193632
0.170406
0.274654
0.275473
0.213916
0.244279
0.268047
0.206136
0.146283
0.199295
0.183075
0.206136
0.208448
0.169268
0.254793
0.267014
0.214774
0.261265
0.249149
0.241011
0.267969
0.261319
0.267969
0.271824
0.202685
0.289875
0.237393
0.261304
0.300513
0.168477
