0.008068
0.008748
0.006945
0.008124
0.007169
0.009404
0.010724
0.009785
0.009387
0.010409
0.009221
0.010779
0.007763
0.008847
0.008574
0.010711
0.010004
0.009053
0.012606
0.011572
0.014238
0.008109
0.007646
0.009540
0.011974
0.014497
0.009319
0.009713
0.008004
0.009166
0.007785
0.004993
0.008423
0.009391
0.011394
0.006956
0.008505
0.007460
0.007195
0.010501
0.008180
0.006196
0.010013
0.008858
0.006194
0.011368
0.007305
0.013643
0.011052
0.009727
0.006708
0.007993
0.004049
0.010053
0.010832
0.008535
0.007895
0.010041
0.008013
0.010045
0.006271
0.010998
0.009267
0.007535
0.009167
0.006984
0.005348
0.007221
0.006163
0.008900
0.008467
0.011329
0.005772
0.012766
0.006024
0.006189
0.010227
0.006876
0.003520
0.009194
0.003711
0.006876
0.008393
0.001449
0.007310
0.004763
0.005368
0.002122
0.005920
0.005208
0.006696
0.004248
0.006696
0.007536
0.002342
0.008212
0.009039
0.001713
0.003806
0.009261
