-0.547294
-0.789359
-1.050781
-0.466012
-0.902808
-0.520778
-0.732946
-1.008793
-0.392254
-0.218623
-0.016406
0.143108
-0.082026
0.092983
-0.633212
-0.068871
-0.105509
-0.710379
0.423549
0.159284
0.444123
0.599754
0.243203
0.404228
0.198591
0.695316
0.474713
0.994160
0.579993
0.348469
1.177930
1.082841
0.684213
1.278496
0.864734
1.317612
0.625505
1.368782
1.121184
0.527643
0.927305
0.854704
0.897868
1.150798
1.320253
0.852356
1.004733
1.480845
1.299574
1.555895
1.120473
2.784608
0.920584
2.807208
1.569786
1.077076
1.073865
0.886782
1.510918
1.788975
1.218818
1.548759
1.438463
1.232227
2.055845
2.021411
1.759988
1.569148
2.209422
2.635790
3.457105
2.165909
1.622664
2.179478
2.430654
1.988700
2.407766
2.395575
1.788006
1.440716
1.923994
2.395575
2.609907
1.976942
2.803232
2.871707
3.055549
3.010667
3.381769
3.249761
3.116171
3.942129
3.116171
2.791803
3.779844
4.170508
3.329139
3.751848
3.186144
0.405287
