0.003167
0.000350
0.000389
0.002421
0.004249
0.000237
0.004500
0.005236
0.000579
0.003766
0.004003
0.004347
0.000428
0.004893
0.004611
0.000413
0.000469
0.004256
0.005050
0.001855
0.000246
0.002942
0.000436
0.004068
0.000368
0.000450
0.004905
0.000284
0.005044
0.003737
0.000429
0.002878
0.006703
0.003863
0.005023
0.004706
0.000580
0.000392
0.000440
0.000353
0.001561
0.000495
0.000491
0.000345
0.000426
0.000329
0.000066
0.003736
0.009218
0.006324
0.004106
0.005140
0.000530
0.000588
0.000434
0.000643
0.000259
0.004525
0.006168
0.000407
0.004125
0.004473
0.000278
0.002656
0.000695
0.000552
0.000402
0.003464
0.000176
0.000427
0.004236
0.000458
0.006639
0.000205
0.004061
0.000316
0.003661
0.003661
0.003057
0.002912
0.000602
0.003805
0.005687
0.000395
0.000253
0.001970
0.000310
0.000167
0.000381
0.000162
0.000398
0.002774
0.003168
0.000480
0.000296
0.003948
0.000684
0.002686
0.000450
0.003930
