54.091600
67.863600
54.824400
38.883600
51.082500
43.044500
55.384700
48.241900
30.672500
54.368200
51.533800
40.426600
53.495100
38.732900
47.584100
47.184700
56.800500
48.267100
10.536600
68.881400
67.387500
50.501000
54.313400
67.934500
38.852100
51.096900
37.864500
30.562300
56.175800
40.647900
51.638500
47.813700
30.161800
50.866000
46.855900
60.268500
58.317800
39.462100
55.954100
30.943800
60.793100
72.473700
57.857100
19.653100
56.201300
44.184300
28.071100
31.895400
59.653400
17.053800
52.057100
39.583600
53.508500
42.400900
50.627100
48.093400
33.180200
60.816100
27.853400
29.155800
31.348800
23.949400
45.579900
39.917100
31.646100
37.980900
52.156500
25.521000
53.347100
40.525500
47.619800
53.541100
36.181400
57.097100
14.747700
86.582900
44.511200
44.511200
68.298200
29.286500
63.676700
37.996500
51.670900
34.516600
74.445300
66.752300
60.880600
48.669900
61.953200
47.055100
57.909200
36.623500
43.107800
50.785800
50.340800
32.917200
63.847300
42.738700
54.019300
53.434600
