0.086856
0.123701
0.092070
0.092705
0.097175
0.073117
0.102077
0.106711
0.113634
0.112145
0.097204
0.103260
0.098683
0.122837
0.099648
0.108701
0.122829
0.095379
0.099271
0.150570
0.115121
0.094575
0.120299
0.107309
0.097353
0.123167
0.130229
0.090098
0.111264
0.071439
0.102979
0.097717
0.088568
0.135558
0.093152
0.099860
0.129576
0.110632
0.092138
0.105033
0.101552
0.099143
0.123620
0.127949
0.104920
0.116151
0.162182
0.159150
0.144020
0.113272
0.143312
0.134088
0.139965
0.139148
0.131418
0.144092
0.199406
0.145187
0.105796
0.083783
0.171120
0.159545
0.145575
0.060880
0.143927
0.135749
0.165029
0.124307
0.107105
0.113999
0.119614
0.102882
0.101337
0.120098
0.164806
0.092693
0.140549
0.140549
0.132607
0.107167
0.136636
0.196372
0.084931
0.060144
0.104895
0.116243
0.153907
0.147850
0.124080
0.161999
0.146287
0.140418
0.121587
0.138261
0.183054
0.138024
0.187720
0.138138
0.076345
0.103873
