0.590085
-0.090432
0.535049
1.175920
-0.499160
0.826815
0.388063
1.102857
1.399941
0.549579
0.369058
1.138805
-0.360169
1.105449
-0.194084
0.177044
0.994393
-0.225930
-0.368164
0.285711
0.218643
0.277312
0.294957
0.584655
0.348249
0.806873
-0.004321
0.015351
0.746560
0.414901
-0.621712
0.891062
0.035467
0.645220
-0.403464
0.446005
-0.126043
-0.227499
-0.413929
0.602426
0.428249
0.298023
0.646303
2.115767
0.191053
0.124505
0.440164
-0.281508
0.005950
1.009143
0.610869
0.270990
0.807236
0.915701
-0.182551
1.877733
0.250469
1.008929
-0.013572
0.463532
0.422252
0.124031
0.306064
0.324373
0.300986
0.358218
-0.168117
-0.259168
0.283785
-0.399665
-0.389826
0.514740
-0.121593
0.276978
0.570374
0.168257
0.884514
0.884514
0.031128
-0.043227
0.537064
0.442581
0.665019
0.130047
1.131318
-0.320788
0.193237
0.656081
0.376854
-0.250009
-0.112487
0.628067
0.323381
-0.260360
0.538010
-0.113292
-0.069035
0.636413
-0.027709
1.268351
