4.556535
6.179153
11.834490
5.652655
8.675854
8.373075
10.737612
7.774817
5.775764
8.369188
9.469039
5.255539
8.858915
7.927761
8.990820
7.559746
10.336881
6.359674
7.589254
9.810303
7.957275
7.261119
5.386679
13.585299
10.271554
7.427960
10.405931
11.023449
6.937847
9.443026
12.380869
10.924003
5.119741
12.197312
12.589333
9.941379
11.196456
8.678304
9.810303
11.478767
7.291691
10.129066
12.237415
9.872544
6.658056
9.520911
11.041574
10.110132
6.705581
9.401812
4.723042
6.918621
9.810303
8.424412
4.621813
8.652397
7.789998
9.118001
7.198592
5.477625
7.895492
7.279263
8.177497
8.168036
4.887875
6.679742
8.693888
5.075127
12.055906
10.491412
10.274410
11.427935
6.959389
5.105274
12.238956
7.397742
6.936091
6.146863
7.655398
5.506193
11.045282
5.291600
7.539873
6.196937
11.800550
6.353721
11.539215
8.599691
5.636450
5.172858
4.892558
11.298675
9.481984
12.250212
10.407604
9.875588
6.059407
12.845791
4.851998
10.118458
