0.004090
0.000216
0.000257
0.000579
0.000237
0.003167
0.001929
0.004249
0.000350
0.000387
0.000441
0.004256
0.000327
0.003766
0.000428
0.000469
0.005490
0.005274
0.004330
0.002855
0.000343
0.003920
0.005050
0.000400
0.004887
0.004470
0.000492
0.000368
0.000284
0.000246
0.000357
0.000409
0.002878
0.004034
0.004270
0.000450
0.000066
0.000329
0.000365
0.000429
0.003744
0.005023
0.004706
0.000503
0.000443
0.003484
0.004354
0.000695
0.000332
0.000434
0.006168
0.006342
0.000389
0.005140
0.004473
0.003736
0.006324
0.002111
0.000259
0.000430
0.002565
0.004808
0.005220
0.000278
0.000550
0.000383
0.000464
0.004236
0.000379
0.000176
0.003370
0.000552
0.001460
0.003661
0.003916
0.004828
0.000463
0.003364
0.000602
0.005598
0.004474
0.003057
0.000205
0.000160
0.000618
0.000395
0.004509
0.000162
0.001910
0.000398
0.003167
0.000162
0.000162
0.000653
0.000480
0.000591
0.000684
0.002686
0.000622
0.000530
