0.007674
0.009897
0.001007
0.012083
0.004309
0.001984
0.001201
0.000830
0.003929
0.002897
0.002845
0.009740
0.001073
0.001079
0.001453
0.003127
0.000959
0.002118
0.006236
0.004207
0.006941
0.002108
0.002959
0.000387
0.001002
0.001283
0.001561
0.001747
0.006973
0.002082
0.000972
0.001189
0.008863
0.001279
0.000601
0.001549
0.001558
0.001461
0.004207
0.001109
0.005075
0.002938
0.001011
0.001953
0.003514
0.001988
0.002409
0.000746
0.004167
0.001152
0.005606
0.003785
0.004207
0.000878
0.008546
0.001786
0.001247
0.003300
0.003257
0.003026
0.002690
0.004858
0.000816
0.004953
0.006802
0.005873
0.004226
0.012801
0.000866
0.001664
0.000369
0.000887
0.004607
0.007051
0.000682
0.003176
0.004276
0.005810
0.005979
0.004259
0.001522
0.006478
0.004993
0.002183
0.000966
0.001863
0.000902
0.002592
0.006249
0.003233
0.003318
0.001312
0.002075
0.000823
0.001055
0.000960
0.006433
0.000710
0.005412
0.000865
