-0.575323
-0.438779
-0.552204
-0.520778
-0.389962
-1.050781
-0.341436
-0.969374
-0.789359
0.001278
0.080978
0.140084
-0.068871
-0.218623
-0.710379
-0.147794
0.143108
-0.146377
0.599754
0.337602
0.163047
0.718024
0.705726
0.554349
0.474847
0.767317
0.455582
0.404228
0.346107
0.444123
0.733581
1.082841
1.320253
1.294416
0.927305
0.501853
1.279428
1.150798
0.897868
1.760448
1.431360
0.555243
1.207931
1.095636
0.835597
1.810528
3.166055
1.299574
1.438463
1.480845
1.357473
1.216302
2.055845
1.073865
1.194183
1.569786
1.126520
0.886782
1.432767
1.405459
1.678570
0.920584
1.717285
1.788975
1.555895
1.766277
2.165909
2.328027
1.622664
1.229439
2.043737
1.898462
1.569148
2.395575
2.270257
2.027685
1.440716
1.988700
2.689370
2.179478
2.430654
1.721669
2.609907
1.835416
2.646078
2.399668
2.744689
3.116171
2.825028
3.249761
2.289007
3.116171
3.116171
4.344182
2.979332
4.170508
3.329139
3.851470
-0.550042
1.047704
