-56.339100
-58.584300
-56.558100
-57.040700
-59.533700
-57.800800
-58.921900
-57.464100
-58.352200
-57.262200
-57.728500
-57.287000
-57.987200
-58.408500
-60.722600
-57.784000
-55.891100
-55.938500
-54.100400
-56.090000
-56.112600
-56.588000
-58.159400
-55.331300
-58.409300
-56.043600
-54.826300
-59.892500
-57.238700
-58.573000
-55.923600
-58.306100
-58.181700
-59.636700
-56.213400
-56.301900
-57.006100
-57.717900
-55.717800
-56.692700
-58.023000
-57.674500
-57.926600
-57.858000
-56.492500
-54.382700
-58.205500
-56.890600
-57.588100
-58.959300
-58.981800
-57.478900
-55.591500
-58.104700
-58.309400
-59.335400
-56.436300
-56.182700
-56.230100
-56.528000
-61.348400
-57.046300
-57.923400
-58.297300
-58.208800
-57.560900
-57.230800
-56.444000
-58.998400
-57.537800
-58.233800
-57.542800
-58.984500
-54.604500
-59.279100
-58.144700
-59.253000
-58.854700
-57.480700
-57.480700
-56.528600
-56.900700
-57.622400
-55.476400
-59.118400
-58.041500
-55.213900
-54.927400
-54.340500
-58.020700
-57.764800
-57.705800
-57.764800
-57.220700
-58.055000
-55.343200
-58.261200
-56.850000
-59.636700
-55.535200
