0.012124
0.009722
0.010233
0.013070
0.006151
0.009404
0.008124
0.009046
0.008438
0.006943
0.008030
0.008085
0.008574
0.009969
0.010409
0.014350
0.009221
0.009838
0.009540
0.008939
0.008750
0.006811
0.010012
0.011572
0.009261
0.011605
0.012606
0.010597
0.008963
0.014497
0.010501
0.008542
0.007305
0.004951
0.013887
0.005687
0.004874
0.004993
0.007038
0.005488
0.011368
0.009391
0.009284
0.004177
0.007403
0.006194
0.006196
0.009167
0.007535
0.004988
0.004924
0.008535
0.010053
0.007325
0.006003
0.010041
0.007304
0.008223
0.006097
0.001273
0.005809
0.008013
0.012370
0.010007
0.007895
0.006955
0.000834
0.007895
0.006718
0.006091
0.005064
0.007221
0.011329
0.008408
0.006024
0.005877
0.003074
0.012766
0.006876
0.006876
0.006189
0.010534
0.003520
0.006330
0.007150
0.005368
0.003637
0.005920
0.006803
0.002122
0.006696
0.005208
0.006696
0.003638
0.001174
0.009039
0.003806
0.000247
0.004951
0.007901
