0.092801
0.097175
0.100318
0.111747
0.106711
0.113634
0.110732
0.073117
0.092070
0.122837
0.112891
0.086169
0.104543
0.063839
0.112145
0.128077
0.096489
0.097204
0.097353
0.102552
0.090098
0.103873
0.125749
0.089920
0.107309
0.111692
0.107612
0.160091
0.106976
0.120299
0.105033
0.099860
0.144277
0.117755
0.138017
0.120055
0.076345
0.080924
0.082425
0.121019
0.127949
0.125706
0.097202
0.101552
0.095252
0.097717
0.088568
0.118767
0.109628
0.199406
0.109560
0.144020
0.143312
0.146692
0.103418
0.145005
0.139965
0.145857
0.185947
0.083783
0.171120
0.106529
0.133348
0.145187
0.134088
0.107315
0.074846
0.102882
0.139778
0.112522
0.144083
0.092146
0.146600
0.130156
0.146239
0.116278
0.132607
0.188191
0.140549
0.140549
0.065718
0.196372
0.164806
0.225372
0.116243
0.153907
0.164476
0.140418
0.132056
0.124080
0.161999
0.146287
0.161999
0.131007
0.123360
0.187720
0.138024
0.138138
0.117755
0.071439
