0.622450
-0.499160
-0.280432
0.239021
1.102857
1.399941
0.210870
0.826815
0.535049
1.105449
1.316243
-0.310962
1.136037
1.579743
0.549579
0.933456
1.627848
0.369058
0.348249
-0.298661
0.015351
1.268351
-0.955441
0.139380
0.584655
-0.169893
-0.048682
0.098947
-0.680217
0.294957
0.602426
0.446005
0.357134
0.347056
0.234651
0.304811
-0.027709
0.652516
-0.432909
-0.031557
2.115767
-0.007075
-0.105641
0.428249
0.693557
0.891062
0.035467
-0.336706
0.361294
0.250469
0.043059
0.005950
0.610869
0.302335
-0.093438
0.673372
0.807236
-0.001780
-0.243234
0.463532
0.422252
-0.325151
-0.041698
1.008929
0.270990
0.581362
0.838745
0.514740
0.481959
-0.192403
-0.269494
0.127773
0.063889
-0.087644
-0.218070
-0.359993
0.031128
0.167502
0.884514
0.884514
-0.364206
0.442581
0.570374
0.269347
-0.320788
0.193237
0.496309
0.628067
0.093974
0.376854
-0.250009
-0.112487
-0.250009
0.101925
-0.238936
-0.069035
-0.113292
0.636413
0.347056
0.414901
