0.000541
0.010623
0.013565
0.010926
0.013091
0.001448
0.008849
0.000592
0.000971
0.012233
0.000993
0.001102
0.000790
0.009532
0.009414
0.013730
0.001040
0.010007
0.000921
0.010196
0.000709
0.009826
0.010519
0.009000
0.010169
0.007138
0.001157
0.014135
0.012219
0.001090
0.000883
0.011765
0.012943
0.012066
0.009303
0.001563
0.001125
0.001024
0.013486
0.007000
0.000863
0.000861
0.000918
0.003903
0.001258
0.007194
0.016756
0.000972
0.006421
0.000649
0.013050
0.023045
0.010265
0.004889
0.010626
0.005279
0.001325
0.000780
0.001810
0.001019
0.010311
0.000948
0.000367
0.011312
0.012850
0.008786
0.013389
0.001144
0.008426
0.001297
0.001031
0.003650
0.001159
0.007988
0.011186
0.009790
0.007642
0.013994
0.009152
0.009152
0.008409
0.009513
0.010153
0.000401
0.004924
0.000775
0.001662
0.006935
0.007919
0.000953
0.000405
0.000996
0.000405
0.001397
0.010066
0.001711
0.009869
0.006714
0.012066
0.009342
