38.883600
51.082500
48.241900
51.418600
43.044500
27.187200
63.591200
50.739900
18.145300
47.584100
56.426200
40.426600
38.913200
56.800500
49.220500
51.533800
52.103300
47.184700
67.387500
49.999800
36.044600
68.881400
10.536600
53.434600
67.934500
46.147600
45.684700
51.403400
30.562300
49.211800
58.228500
45.252800
57.857100
56.201300
50.360800
77.278600
51.638500
54.019300
46.855900
64.263300
39.462100
61.627700
30.161800
40.966600
34.994700
47.813700
60.268500
59.653400
32.975000
54.429700
31.348800
39.583600
26.948000
31.895400
42.500600
48.093400
61.704500
46.088700
69.618800
53.301800
49.928600
38.254000
77.290300
45.579900
47.183600
57.049200
58.891100
50.915500
25.521000
48.393000
36.181400
86.753400
32.544600
36.049800
14.747700
63.676700
25.425400
29.286500
51.670900
63.030100
68.298200
65.802800
19.044400
69.861000
49.950500
71.356000
60.880600
48.669900
47.055100
61.953200
36.623500
47.055100
57.909200
61.287200
63.424600
85.116300
63.847300
38.980700
43.912600
60.830100
