0.361738
0.125524
0.339696
0.198051
0.272104
0.103507
0.198940
0.251016
0.049070
0.145349
0.354240
0.289673
0.511274
0.372536
0.380063
0.282441
0.349586
0.202583
0.178275
0.061582
0.108686
0.095383
0.093511
0.419027
0.272591
0.115167
0.058441
0.059223
0.168281
0.328158
0.139075
0.144509
0.202537
0.191914
0.228526
0.186833
0.055600
0.143147
0.066775
0.105026
0.093221
0.034862
0.094734
0.208164
0.071394
0.274652
0.248596
0.068309
0.237612
0.112387
0.170630
0.131857
0.092293
0.093268
0.172069
0.495854
0.106653
0.097833
0.309438
0.184074
0.172752
0.147225
0.132860
0.200815
0.119972
0.098899
0.084707
0.191189
0.122501
0.156793
0.049281
0.083128
0.246789
0.075126
0.239257
0.204506
0.145110
0.070341
0.273570
0.065129
0.061601
0.180797
0.068554
0.082194
0.154729
0.076672
0.142475
0.223893
0.059551
0.182462
0.208626
0.059551
0.156552
0.076452
0.049245
0.047835
0.096234
0.056960
0.255193
0.239164
