0.678470
0.678953
1.429099
0.573553
0.795646
0.236075
0.238459
0.815914
0.123404
0.421595
0.359607
0.400110
0.000000
0.872954
0.852289
0.886979
0.952438
0.239187
0.182454
0.794764
0.059864
0.152131
0.000000
0.226099
0.484799
0.236578
0.000000
0.000000
0.115171
0.623430
0.210109
0.099615
0.398584
0.187560
0.485426
0.276453
0.070577
0.161585
0.342194
0.117489
0.058558
0.000000
0.046283
1.158579
0.359348
0.577625
0.324885
0.000000
0.354410
0.203102
0.231447
0.506871
0.051684
0.246614
0.519732
1.795145
0.101455
0.382642
0.786341
0.473259
0.337206
0.542593
1.037456
0.124981
0.167934
0.738330
0.132384
0.592737
0.077251
0.102837
0.071760
0.320510
0.550327
0.482802
0.477559
0.555882
0.092080
0.105759
0.515208
0.093176
0.371271
0.750017
0.865813
0.334481
0.285126
0.084310
0.153801
0.491775
0.326999
0.456195
0.745107
0.326999
0.322937
0.080251
0.254415
0.089422
0.557480
0.415612
0.247097
0.686975
