0.037469
0.077307
0.035062
0.044076
0.043778
0.050950
0.030530
0.048689
0.058769
0.039555
0.027191
0.045467
0.038190
0.030490
0.045310
0.044062
0.037472
0.038174
0.048199
0.028491
0.037450
0.031538
0.039405
0.048429
0.032113
0.024360
0.038593
0.037866
0.039258
0.042120
0.045924
0.028336
0.051587
0.029749
0.015612
0.037992
0.020997
0.047659
0.033469
0.043145
0.022349
0.049325
0.047023
0.035168
0.039062
0.040325
0.036539
0.048495
0.032667
0.040368
0.039815
0.035456
0.038613
0.033980
0.029583
0.036093
0.072568
0.046036
0.016026
0.031392
0.037641
0.039782
0.020523
0.034956
0.048404
0.033353
0.034349
0.030957
0.028103
0.049011
0.015185
0.022363
0.036178
0.032261
0.039026
0.070625
0.024393
0.031715
0.031257
0.048194
0.024945
0.019278
0.036423
0.063415
0.018111
0.022832
0.028340
0.018360
0.017662
0.017662
0.011452
0.034328
0.018360
0.043287
0.031440
0.024759
0.028634
0.028231
0.036197
0.031748
