18.626000
15.164900
39.785400
50.448800
19.296100
36.791700
12.820400
31.172100
30.985100
38.579300
47.045400
33.045100
36.036600
36.042600
41.136600
42.462500
38.546000
44.032000
26.419200
44.411400
35.909300
38.220900
35.726600
37.819500
23.516200
39.293100
34.208600
39.154300
32.490000
45.035600
34.081300
26.181800
34.336300
30.235500
27.041600
33.632100
25.891100
42.316800
30.411200
39.415800
37.294400
44.496500
37.196500
34.264500
40.985700
37.727600
37.632500
47.372700
44.075400
35.199100
36.475500
30.544100
64.878200
30.685900
34.952100
33.921200
50.100000
50.748700
32.803300
43.637400
32.307800
37.145600
38.589800
32.327300
54.763600
41.993400
44.827300
46.892400
32.710600
48.968800
22.664200
37.557800
33.977600
40.937800
29.602700
37.142200
27.519700
39.488000
48.072200
42.881900
49.034100
33.916100
37.229100
33.997600
23.090000
40.176300
48.502100
54.538300
48.412500
48.412500
60.287300
41.907500
54.538300
48.304300
35.818400
47.771000
35.947600
39.566100
44.094200
32.124900
