0.388063
0.846091
0.021573
0.006103
1.016948
-0.499160
1.100392
1.175920
-0.090432
1.138805
1.579743
0.177044
0.369058
0.549579
1.627848
0.055905
-0.194084
1.123858
1.268351
0.294957
-0.625879
0.584655
0.513791
-0.955441
-0.409666
0.348249
-0.048682
-0.208025
-0.004321
-0.270883
-0.596847
2.115767
-0.454473
-0.105641
0.440164
-0.413929
0.124505
0.347056
-0.432909
-1.129666
0.396485
0.298023
0.384523
0.141989
0.718144
0.652516
-0.621712
0.306064
-0.041698
0.422252
1.008929
0.302335
0.274888
-0.143231
0.043059
-0.336706
-0.243234
-0.380388
0.915701
0.025141
-0.093438
0.807236
0.673372
1.009143
0.610869
-0.121593
0.283785
0.127773
0.232138
-0.168117
0.581362
0.481959
-0.259168
-0.087644
0.168257
-0.242807
-0.335912
0.031128
0.570374
0.166625
0.884514
-0.364206
1.016369
0.496309
-0.320788
1.131318
0.269347
0.376854
-0.250009
-0.250009
0.656081
0.323381
0.376854
-0.238936
-0.055080
-0.113292
-0.191686
0.636413
-0.182551
0.933456
