-0.665826
-0.550042
-0.341436
-0.732946
-0.590745
-0.969374
-0.902808
-0.547294
-0.789359
0.092983
-0.447051
-0.082026
0.188820
-0.218623
-0.016406
-0.146377
0.085040
0.001278
0.545581
0.695316
0.767317
0.405287
0.521483
0.413820
0.243203
0.404228
0.423549
0.579993
0.689292
0.099535
1.810528
0.852356
1.383987
1.290429
1.279428
1.124122
1.150798
1.085098
1.073567
3.166055
0.864734
1.317612
0.684213
0.897868
0.733581
1.082841
1.760448
1.788975
1.050393
1.606014
1.276581
1.859847
0.920584
1.218818
1.717285
2.055845
1.000063
1.548759
1.752345
1.438463
1.539816
1.047704
0.886782
1.126520
2.807208
1.430171
1.229439
1.569148
2.209422
2.170797
2.165704
2.043737
2.635790
2.453073
2.492903
1.786361
2.239467
1.721669
1.788006
2.027685
2.395575
1.988700
1.765569
3.503873
2.516878
2.871707
1.835416
3.010667
3.116171
3.116171
3.292204
3.942129
3.010667
3.119335
2.583919
3.186144
4.170508
3.851470
1.480845
-0.063289
