0.007058
0.001819
0.015265
0.024074
0.042458
0.003117
0.077664
0.078289
0.003957
0.007383
0.001253
0.029675
0.008204
0.003924
0.017709
0.038574
0.038954
0.007097
0.003164
0.019493
0.053019
0.008147
0.036533
0.134988
0.004331
0.011090
0.038382
0.020708
0.058299
0.089988
0.322152
0.067416
0.098452
0.114450
0.103163
0.434733
0.017572
0.010234
0.078218
0.069550
0.028144
0.022316
0.009653
0.010126
0.023484
0.035689
0.571240
0.205215
0.249126
0.013242
0.025394
0.055903
0.091263
0.138738
0.281916
0.174747
1.085921
0.096798
0.103581
0.120633
0.272752
0.087390
0.020219
0.184023
0.165029
0.790167
0.057091
0.672752
0.050669
0.348793
0.949667
0.699714
0.387989
0.513671
0.011939
0.896909
0.784898
0.324132
0.479386
0.637064
0.722032
0.916361
0.421334
0.930036
2.047195
1.342911
0.109992
1.279449
3.974983
1.593705
0.873871
0.694417
0.890452
0.845302
2.477519
10.302220
0.077403
16.053053
0.765406
0.014305
