0.011251
0.001556
0.004823
0.007673
0.001062
0.010623
0.001096
0.006052
0.000875
0.010868
0.009532
0.001031
0.010007
0.009414
0.001040
0.013185
0.011528
0.000967
0.009826
0.001090
0.011174
0.010169
0.008999
0.010519
0.008949
0.000921
0.001157
0.011380
0.012262
0.012124
0.008710
0.000863
0.011888
0.000918
0.000165
0.001099
0.000824
0.012066
0.013486
0.010885
0.000981
0.001237
0.003886
0.000913
0.000892
0.001024
0.001074
0.000696
0.000367
0.010311
0.011312
0.004889
0.012019
0.005983
0.013050
0.000972
0.001810
0.000675
0.001470
0.000830
0.010626
0.001325
0.005279
0.015811
0.010265
0.016596
0.000440
0.003650
0.001033
0.001005
0.008786
0.008426
0.008661
0.007988
0.000789
0.001361
0.008083
0.007642
0.010153
0.012071
0.009152
0.008409
0.013171
0.001662
0.004924
0.000634
0.000401
0.000953
0.000405
0.000405
0.000417
0.007919
0.000953
0.010066
0.009730
0.009869
0.001476
0.006714
0.001085
0.013730
