0.155290
0.201649
0.165796
0.164694
0.169077
0.159500
0.161861
0.143029
0.163143
0.129274
0.149091
0.178878
0.181358
0.079895
0.161680
0.175710
0.162913
0.146116
0.168722
0.165570
0.183750
0.239144
0.176048
0.167639
0.201690
0.206835
0.222205
0.220027
0.156346
0.174312
0.221608
0.195592
0.178097
0.187284
0.169365
0.230775
0.190345
0.129921
0.195821
0.221315
0.232551
0.236229
0.179124
0.202530
0.163289
0.190411
0.238566
0.181640
0.144292
0.228678
0.116859
0.205287
0.249020
0.064433
0.195508
0.198369
0.207565
0.153913
0.213293
0.211671
0.158764
0.148739
0.174410
0.231589
0.215105
0.274654
0.256725
0.193632
0.252261
0.223761
0.308398
0.210099
0.256725
0.203173
0.275473
0.170631
0.331394
0.275949
0.208448
0.213916
0.199295
0.214867
0.206136
0.288516
0.233065
0.264215
0.254793
0.261265
0.261319
0.249149
0.241011
0.261265
0.267969
0.287910
0.236606
0.237393
0.289875
0.261304
0.182944
0.146116
