0.147159
0.272104
0.409691
0.125524
0.394599
0.198940
0.303152
0.198051
0.052822
0.478040
0.289673
0.067718
0.182517
0.511274
0.349586
0.253167
0.380063
0.494508
0.297230
0.195891
0.251893
0.272056
0.115167
0.147317
0.105263
0.093511
0.211422
0.219446
0.185379
0.168281
0.186833
0.228526
0.099051
0.182010
0.143147
0.191914
0.114485
0.138373
0.248596
0.084134
0.120858
0.512005
0.034862
0.161507
0.066775
0.055600
0.255193
0.240714
0.084076
0.206227
0.168523
0.162939
0.086029
0.183264
0.172069
0.229095
0.093268
0.309438
0.106653
0.072849
0.272227
0.100989
0.068309
0.111167
0.105995
0.084707
0.246789
0.156793
0.093182
0.131564
0.098899
0.101425
0.246789
0.180883
0.180797
0.061601
0.068554
0.204506
0.221326
0.075126
0.107238
0.095268
0.315437
0.237469
0.180216
0.052433
0.127511
0.182462
0.246709
0.208626
0.156552
0.182462
0.059551
0.049245
0.064768
0.096234
0.047835
0.056960
0.190219
0.494508
