0.000372
0.000622
0.000342
0.003069
0.004500
0.003935
0.004090
0.000216
0.000350
0.003766
0.004611
0.000397
0.000327
0.004347
0.005490
0.000428
0.005492
0.000387
0.004850
0.000369
0.004068
0.000368
0.005654
0.000284
0.004887
0.001855
0.003580
0.002942
0.003600
0.002855
0.000491
0.003744
0.000252
0.000345
0.004755
0.006703
0.000409
0.004270
0.000329
0.000429
0.003484
0.004706
0.000580
0.002878
0.001561
0.000392
0.000542
0.000459
0.000643
0.000259
0.000270
0.000588
0.000367
0.004808
0.002565
0.004310
0.000379
0.000434
0.009218
0.002111
0.000312
0.006168
0.004250
0.003736
0.000278
0.000379
0.000413
0.000427
0.003515
0.005574
0.006639
0.000176
0.000249
0.004474
0.000544
0.003661
0.003057
0.000463
0.000354
0.005598
0.000316
0.000602
0.000205
0.005349
0.000251
0.000160
0.000618
0.003168
0.000381
0.000162
0.001910
0.000162
0.002774
0.000559
0.004027
0.000591
0.003948
0.002686
0.000653
0.000425
