0.733800
0.785430
0.809074
0.636782
0.656789
0.499531
0.548279
0.752844
0.886504
0.707563
0.629857
0.732641
0.391837
0.677797
0.597808
0.710446
0.846194
0.748750
0.632023
0.517719
0.713701
0.800857
0.287581
0.738179
0.533834
0.435142
0.629946
0.479149
0.667799
0.785676
0.921642
0.671788
0.907811
0.836427
0.566293
0.155552
0.749220
0.836457
0.749028
0.775702
0.821058
0.731563
0.524557
0.634003
0.514788
0.659977
0.613193
0.800501
0.737601
0.697961
0.832509
0.173453
0.660265
0.659256
0.714793
0.745598
0.700664
0.474072
0.915847
0.635799
0.945951
0.738230
0.655649
0.754488
0.934044
0.779131
0.662309
0.770967
0.994288
0.877537
0.700425
0.673192
0.473007
0.396148
0.404357
0.584407
0.484620
0.759878
0.726824
0.336454
0.545540
0.502742
1.226460
0.509100
0.704211
0.442529
0.889266
1.113130
0.385039
0.533261
0.603754
0.533261
0.647155
0.505387
0.860698
0.670649
0.636181
0.753010
1.426040
0.675808
