0.090832
0.171525
0.044133
0.074683
0.102077
0.160002
0.113120
0.092801
0.123701
0.112145
0.099648
0.112891
0.122740
0.103260
0.111489
0.098683
0.128077
0.083728
0.115264
0.084240
0.107309
0.097353
0.160091
0.090098
0.106976
0.150570
0.079688
0.094575
0.118599
0.111692
0.123620
0.118853
0.131414
0.125706
0.129261
0.088568
0.080924
0.097294
0.116151
0.102979
0.111080
0.099860
0.129576
0.097717
0.101552
0.110632
0.174133
0.114051
0.144092
0.199406
0.137742
0.139148
0.126259
0.084170
0.119259
0.136756
0.106529
0.131418
0.144020
0.145005
0.145857
0.105796
0.103418
0.159150
0.145575
0.111137
0.144083
0.113999
0.107315
0.113012
0.101337
0.107105
0.108836
0.146239
0.141757
0.140549
0.132607
0.111130
0.129073
0.188191
0.092693
0.136636
0.120098
0.167193
0.171190
0.225372
0.090407
0.121587
0.124080
0.161999
0.119885
0.161999
0.140418
0.131007
0.123360
0.175556
0.138024
0.138138
0.144043
0.057962
