-1.008793
-0.550042
-0.776736
-0.732946
-0.665826
-0.392254
-0.575323
-0.438779
-0.789359
-0.218623
0.085040
-0.141897
-0.068871
0.092983
0.143108
-0.710379
-0.063289
0.001278
0.099535
0.142356
0.405287
0.404228
0.142893
0.346107
0.474847
0.223194
0.243203
0.198591
0.521483
0.337602
1.177930
1.431360
0.625505
1.278496
1.383987
0.854704
1.082841
0.927305
1.150798
1.760448
1.810528
1.207931
1.368782
1.320253
0.400856
1.404466
0.929254
2.212256
1.258911
1.432767
1.548759
1.752345
2.632879
0.920584
1.678570
1.469784
1.510918
1.480845
1.077076
0.886782
1.655208
1.357473
1.539816
1.569786
1.788975
1.622664
2.946645
3.000248
2.165704
1.738861
1.430171
1.229439
2.021411
2.430654
1.786361
2.395575
1.721669
1.440716
1.923994
2.179478
2.492903
2.689370
2.609907
2.803232
2.529874
1.835416
2.646078
3.942129
3.010667
3.116171
2.825028
3.116171
3.381769
3.399458
3.119335
4.170508
3.186144
3.851470
4.344182
-0.590745
