1045.000000
1005.000000
897.000000
582.000000
582.000000
1002.000000
816.000000
885.000000
495.000000
1024.000000
796.000000
423.000000
759.000000
1038.000000
778.000000
1013.000000
192.000000
1029.000000
430.000000
111.000000
436.000000
495.000000
230.000000
125.000000
464.000000
284.000000
966.000000
1130.000000
1014.000000
242.000000
583.000000
10.000000
293.000000
443.000000
442.000000
294.000000
1339.000000
514.000000
97.000000
17.000000
10.000000
722.000000
163.000000
804.000000
266.000000
113.000000
1315.000000
7.000000
1299.000000
665.000000
559.000000
1219.000000
37.000000
942.000000
1242.000000
876.000000
425.000000
513.000000
298.000000
616.000000
211.000000
174.000000
424.000000
90.000000
667.000000
299.000000
803.000000
15.000000
888.000000
844.000000
258.000000
847.000000
431.000000
508.000000
595.000000
938.000000
284.000000
171.000000
995.000000
1290.000000
637.000000
1193.000000
1211.000000
242.000000
1333.000000
255.000000
983.000000
568.000000
1181.000000
309.000000
230.000000
309.000000
1180.000000
281.000000
180.000000
611.000000
266.000000
278.000000
1003.000000
1185.000000
