0.000929
0.001556
0.000854
0.007673
0.011251
0.009837
0.010224
0.000541
0.000875
0.009414
0.011528
0.000993
0.000817
0.010868
0.013724
0.001070
0.013730
0.000967
0.012124
0.000923
0.010169
0.000921
0.014135
0.000709
0.012219
0.004637
0.008949
0.007354
0.008999
0.007138
0.001228
0.009361
0.000631
0.000861
0.011888
0.016756
0.001024
0.010674
0.000824
0.001074
0.008710
0.011765
0.001450
0.007194
0.003903
0.000980
0.001356
0.001148
0.001606
0.000649
0.000675
0.001470
0.000918
0.012019
0.006414
0.010774
0.000948
0.001085
0.023045
0.005279
0.000780
0.015421
0.010626
0.009339
0.000696
0.000947
0.001031
0.001068
0.008786
0.013934
0.016596
0.000440
0.000622
0.011186
0.001361
0.009152
0.007642
0.001157
0.000885
0.013994
0.000789
0.001504
0.000512
0.013372
0.000628
0.000401
0.001545
0.007919
0.000953
0.000405
0.004775
0.000405
0.006935
0.001397
0.010066
0.001476
0.009869
0.006714
0.001631
0.001062
