0.846957
0.815914
0.551054
0.090351
0.401877
0.794383
0.622449
0.573553
0.421279
0.375307
0.421595
0.240822
0.432949
0.400110
0.235216
0.354322
0.359607
1.211377
0.206036
0.235101
0.484799
0.202567
0.274919
0.115171
0.000000
0.152131
0.794764
0.454108
0.403306
0.059864
0.398584
0.099615
0.207413
0.237329
0.210109
0.046283
0.355689
0.359348
0.236863
0.070577
0.201245
0.324885
0.271155
0.577625
0.189808
0.058558
1.228409
0.203102
1.795145
0.220953
0.051684
0.570156
0.101455
0.473259
0.206312
0.296897
0.199903
0.094694
0.000000
0.656038
0.382642
0.139410
0.542593
0.246614
0.124981
0.132384
0.227216
0.109230
0.328337
0.351811
0.071760
0.836254
0.196808
0.482802
0.865813
0.482783
0.371271
0.203050
0.356736
0.750017
0.624473
0.555882
1.128434
0.125343
0.934455
0.094269
0.623050
0.192496
0.456195
0.326999
0.080172
0.326999
0.745107
0.386341
0.254415
0.089422
0.053291
0.230728
0.563183
0.924156
