60.470600
18.641000
38.841700
52.210400
51.194300
51.418600
35.753200
51.082500
43.044500
56.426200
40.426600
46.650400
47.184700
53.010800
44.852700
53.495100
47.584100
45.149400
10.536600
53.434600
50.501000
64.004300
43.933600
40.647900
49.999800
51.198300
46.147600
32.859600
68.881400
51.038900
77.278600
56.201300
50.866000
64.263300
55.954100
43.912600
40.966600
58.317800
49.290700
54.019300
65.405300
44.184300
60.793100
49.897600
30.943800
39.573100
51.472900
42.500600
31.895400
60.816100
31.348800
52.057100
47.183600
59.219100
59.653400
56.101800
26.948000
50.627100
61.704500
58.804500
69.618800
71.169900
50.193600
39.583600
17.053800
36.803300
58.891100
48.393000
86.753400
32.544600
70.488100
50.514600
83.015900
66.515100
13.070300
65.802800
44.511200
45.610600
25.425400
56.897400
57.097100
44.511200
51.670900
34.516600
72.306100
74.445300
69.861000
57.909200
48.669900
61.953200
61.953200
47.055100
47.055100
63.424600
61.287200
85.116300
63.847300
38.980700
50.785800
47.605500
