0.077664
0.038216
0.001821
0.042458
0.006103
0.003380
0.008046
0.003117
0.000818
0.014305
0.007383
0.007097
0.029675
0.008386
0.002357
0.003651
0.038954
0.038574
0.091855
0.003164
0.004955
0.045662
0.023308
0.010564
0.004331
0.038382
0.053019
0.018507
0.039677
0.036533
0.010234
0.117490
0.099513
0.491005
0.434733
0.009653
0.004507
0.346678
0.028873
0.072459
0.114450
0.017572
0.088421
0.183240
0.083763
0.076284
0.116861
0.281916
0.014006
0.025394
0.013242
0.165029
0.064514
0.055903
0.764081
0.372323
0.096798
0.765406
0.306832
0.120633
0.136339
0.718967
0.256094
0.079956
0.184023
0.451614
0.795341
0.006396
0.075706
0.084470
0.019931
0.949667
0.672752
0.290639
0.916361
0.034057
0.722032
0.421334
0.637064
0.535591
0.232503
0.722032
0.168988
0.785407
0.518327
1.342911
0.500157
0.239384
0.873871
1.279449
0.890452
1.854881
1.593705
0.845302
2.477519
0.077403
0.752204
5.109369
2.091044
0.096732
