0.651833
0.710330
0.794383
0.924156
0.846957
0.573553
0.197436
0.678953
0.795646
0.359607
0.400110
1.211377
0.239187
0.240822
0.079759
0.354322
0.421595
0.265111
0.000000
0.226099
0.454108
0.168291
0.858376
1.583880
0.794764
0.137736
0.236578
0.449987
0.152131
0.403306
0.276453
0.187560
1.170670
0.117489
0.279980
0.247097
1.158579
0.271155
1.228409
0.161585
0.222095
0.236863
0.189808
0.103169
0.819856
0.562552
0.237329
0.519732
0.246614
1.329068
0.231447
0.684350
0.167934
0.748523
0.000000
0.331069
0.051684
0.094694
0.101455
0.195196
0.786341
0.296897
0.051963
0.506871
1.266268
0.054941
0.132384
0.102837
0.320510
0.550327
0.351811
0.328337
0.055982
0.356736
0.250547
0.750017
0.482783
0.655368
0.092080
0.082555
1.128434
0.482783
0.515208
0.377051
0.623050
0.296571
0.334481
0.322937
0.491775
0.456195
0.456195
0.326999
0.326999
0.254415
0.080251
0.089422
0.557480
0.415612
0.502013
0.274919
