0.002421
0.004370
0.000389
0.004249
0.005236
0.004500
0.001929
0.000372
0.000342
0.000397
0.000428
0.004256
0.000413
0.003813
0.003766
0.005274
0.000469
0.005492
0.005050
0.004078
0.003210
0.000343
0.004470
0.000369
0.000368
0.004887
0.004068
0.003580
0.000436
0.002942
0.000625
0.000580
0.004706
0.000329
0.003744
0.000365
0.000503
0.006703
0.000345
0.004755
0.005023
0.001554
0.004270
0.000450
0.000353
0.001561
0.004827
0.000430
0.000643
0.002568
0.002111
0.000270
0.006342
0.004310
0.004808
0.006168
0.009218
0.000407
0.000459
0.002656
0.000259
0.000695
0.000530
0.000278
0.004473
0.005356
0.004236
0.000249
0.005356
0.000402
0.000552
0.000413
0.000243
0.000463
0.005687
0.004828
0.003661
0.003805
0.003195
0.003057
0.003661
0.005598
0.003916
0.000665
0.000310
0.004081
0.000160
0.003167
0.000162
0.000398
0.002774
0.000167
0.000381
0.000296
0.003892
0.000684
0.003948
0.002686
0.002375
0.000342
