0.430305
0.756412
0.810504
0.670463
0.613854
0.656789
1.061540
0.733800
0.809074
0.732641
0.710446
0.790757
0.646351
0.470485
0.707563
0.802716
0.515750
0.846194
0.479737
0.814171
0.722432
0.657397
0.959344
0.517719
0.800857
0.533834
0.713701
0.629946
0.281659
0.479149
0.488331
0.524557
0.731563
0.749028
0.671788
0.550586
0.213598
0.155552
0.456384
0.566293
0.986125
0.757437
0.836457
0.795519
0.966678
0.514788
0.784945
0.681380
0.737601
0.688839
0.635799
0.832509
0.723179
0.745598
0.659256
0.738230
0.915847
0.909076
0.800501
0.521725
0.697961
0.696640
0.469438
0.934044
0.657084
0.456520
0.828475
0.473007
0.456520
0.863668
1.233010
0.662309
1.104550
0.759878
0.753648
0.826401
0.584407
0.575872
0.513414
0.484620
0.584407
0.336454
0.818118
0.492293
0.414880
0.543443
0.442529
1.108260
0.533261
0.948789
0.647155
1.429880
0.385039
1.029610
0.964616
0.790499
0.636181
0.753010
0.640246
0.809074
