38.883600
61.392300
54.824400
51.082500
48.241900
55.384700
27.187200
51.194300
64.410100
53.010800
53.495100
48.267100
47.184700
20.449900
54.368200
45.149400
56.800500
56.426200
10.536600
43.639700
49.561200
64.004300
46.147600
54.746100
38.852100
51.403400
67.934500
49.999800
54.313400
50.501000
64.263300
58.317800
60.268500
44.184300
45.252800
50.360800
63.011500
30.161800
19.653100
58.228500
46.855900
43.912600
34.994700
54.019300
30.943800
60.793100
77.278600
32.975000
48.093400
49.928600
42.714600
26.948000
47.183600
71.169900
53.301800
27.853400
59.653400
29.155800
54.429700
39.917100
33.180200
31.646100
53.508500
45.579900
23.949400
32.544600
47.619800
50.116900
32.544600
52.156500
37.980900
40.337400
86.753400
55.706600
51.670900
25.425400
44.511200
37.996500
29.886300
68.298200
44.511200
65.802800
56.897400
32.478400
60.880600
49.950500
66.175500
56.193700
47.055100
57.909200
36.623500
48.669900
61.953200
50.340800
61.287200
63.847300
32.917200
42.738700
39.298300
64.410100
