0.008068
0.013070
0.008438
0.009722
0.006151
0.005557
0.008455
0.009785
0.011965
0.008030
0.009053
0.007262
0.007763
0.009969
0.010409
0.011172
0.008338
0.014350
0.010145
0.008939
0.009166
0.008294
0.011965
0.008372
0.009540
0.008963
0.009261
0.007646
0.014497
0.011974
0.005687
0.007460
0.008542
0.008858
0.009775
0.010013
0.007403
0.006196
0.011368
0.007175
0.007958
0.008423
0.008180
0.004874
0.010501
0.004177
0.004951
0.009337
0.006265
0.007535
0.010041
0.010998
0.007175
0.009356
0.004049
0.008793
0.008535
0.001273
0.008889
0.006708
0.004988
0.011052
0.007304
0.010045
0.007967
0.000834
0.006625
0.006984
0.000834
0.008798
0.005157
0.005064
0.009014
0.009194
0.001688
0.005129
0.006876
0.010534
0.008408
0.003074
0.006876
0.012766
0.005877
0.003637
0.005368
0.007660
0.006330
0.006803
0.006696
0.005208
0.005920
0.003936
0.002122
0.009043
0.004968
0.009039
0.003806
0.000247
0.007536
0.011965
