0.000977
0.006383
0.004208
0.002926
0.003903
0.001952
0.001103
0.000768
0.003038
0.003720
0.003797
0.001964
0.008563
0.004709
0.005554
0.002313
0.003167
0.003477
0.002711
0.000805
0.000985
0.005233
0.001855
0.006413
0.001809
0.004560
0.005539
0.001237
0.007909
0.005188
0.001304
0.007607
0.003903
0.002513
0.000962
0.002563
0.003912
0.001934
0.000912
0.002748
0.001271
0.001971
0.003679
0.002419
0.003219
0.001828
0.003615
0.001147
0.002249
0.006273
0.000895
0.004745
0.006059
0.002588
0.002513
0.001308
0.002691
0.001279
0.001308
0.002495
0.004119
0.006517
0.004243
0.002238
0.008683
0.007909
0.006761
0.002451
0.002665
0.003212
0.003169
0.003400
0.001431
0.004916
0.000680
0.000434
0.009834
0.001054
0.004788
0.001497
0.005525
0.001081
0.004914
0.003242
0.000933
0.004923
0.006060
0.003887
0.002331
0.002872
0.002295
0.001492
0.002564
0.000934
0.001102
0.003962
0.004881
0.003378
0.006472
0.004979
