41.013700
36.353200
30.472400
31.172100
12.820400
34.612400
50.448800
39.785400
38.325000
42.462500
27.718600
31.423500
44.169200
36.042600
26.265900
32.124900
31.783000
38.579300
37.198900
44.411400
37.819500
34.096400
53.970300
36.907900
23.516200
35.909300
39.293100
39.154300
45.035600
39.226900
27.041600
25.891100
51.813300
37.294400
36.632500
47.137700
40.985700
39.566200
34.081300
30.580600
34.264500
42.316800
34.517400
32.931200
46.529400
37.632500
45.552600
32.803300
59.169300
44.094200
32.991400
36.195200
44.075400
35.199100
64.878200
34.952100
47.372700
28.236500
30.685900
38.630500
28.189600
62.139600
36.475500
32.307800
46.455700
45.727300
26.194000
46.862900
46.729100
46.892400
23.429600
40.261100
40.379500
47.206900
49.089900
33.916100
50.142300
39.488000
40.937800
56.239100
26.740700
46.626600
29.602700
42.588000
44.958000
33.997600
50.265800
54.538300
54.538300
48.412500
34.792600
48.412500
48.412500
40.500300
48.304300
35.947600
60.336800
39.566100
41.001500
48.502100
