6.216455
9.380418
7.789998
8.572948
11.298675
4.892558
9.201719
7.957275
8.373075
6.380228
6.263266
5.518194
10.274410
7.285087
6.705581
13.585299
10.728152
8.888836
10.336881
11.240862
9.443026
7.291691
9.955097
10.091621
11.045282
6.937847
5.658486
10.580685
10.271554
11.478767
11.919900
11.073689
6.088397
6.373147
6.656102
6.155465
9.781793
9.776967
11.800550
12.845791
6.961594
5.075127
7.559746
6.081395
7.858889
10.701530
6.179153
11.834490
8.675854
11.023449
5.490753
5.177332
5.386679
10.214561
12.083656
5.399514
6.146863
7.021312
11.427935
5.614474
10.134484
11.389701
11.754696
6.179153
11.416411
7.624160
8.599691
5.486685
5.291600
7.302547
6.226895
6.658056
7.306707
5.172858
7.894816
5.954946
10.328406
11.977048
6.751779
6.359674
6.196937
11.738666
6.359674
5.074523
6.679742
4.911334
11.450475
9.214133
9.237926
4.887875
9.867685
4.863122
9.872544
4.851998
9.531814
4.630988
10.482204
9.634177
5.157503
4.621813
