0.590085
0.210870
0.622450
-0.829913
-0.090432
1.100392
0.021573
0.535049
0.846091
-0.310962
0.369058
0.933456
-0.360169
-0.225930
-0.194084
1.138805
0.192669
1.316243
0.880827
-0.298661
-0.083040
0.584655
0.806873
0.038304
-0.368164
0.671445
-0.680217
0.682779
0.746560
0.285711
0.035467
-0.227499
0.124505
0.718144
0.602426
0.446005
-0.007075
0.384523
0.234651
-0.525729
0.646303
-0.432909
-0.621712
0.693557
-0.027709
-0.403464
0.645220
0.270990
-0.093438
-0.370728
-0.182551
0.615556
0.025141
-0.001780
1.877733
0.463532
0.361294
-0.243234
0.005950
1.009143
-0.060163
0.324373
-0.380388
0.302335
0.124031
0.481959
-0.193315
-0.259168
0.838745
-0.316823
0.216937
0.051737
0.358218
-0.087644
0.168257
0.884514
0.031128
0.537064
0.884514
1.016369
0.570374
-0.335912
-0.043227
-0.291892
0.023222
-0.085961
-0.222797
-0.289241
-0.112487
0.656081
0.376854
0.093974
0.323381
0.076973
-0.207791
-0.191686
-0.069035
-0.103141
-0.368164
-0.034298
