472.000000
1242.000000
885.000000
1045.000000
495.000000
789.000000
924.000000
1033.000000
1005.000000
19.000000
712.000000
192.000000
1013.000000
226.000000
796.000000
1038.000000
150.000000
423.000000
676.000000
346.000000
445.000000
436.000000
489.000000
29.000000
910.000000
1209.000000
464.000000
1032.000000
488.000000
284.000000
294.000000
113.000000
97.000000
1247.000000
601.000000
722.000000
443.000000
542.000000
958.000000
10.000000
583.000000
1102.000000
17.000000
229.000000
217.000000
1000.000000
1112.000000
598.000000
424.000000
7.000000
513.000000
1249.000000
191.000000
211.000000
1299.000000
621.000000
548.000000
1301.000000
298.000000
926.000000
765.000000
864.000000
559.000000
576.000000
1270.000000
976.000000
49.000000
136.000000
618.000000
431.000000
509.000000
769.000000
1265.000000
206.000000
637.000000
938.000000
284.000000
1193.000000
938.000000
962.000000
1294.000000
92.000000
178.000000
936.000000
268.000000
242.000000
198.000000
230.000000
845.000000
959.000000
1181.000000
934.000000
568.000000
531.000000
280.000000
611.000000
627.000000
593.000000
910.000000
963.000000
