48.241900
55.384700
67.863600
18.641000
52.210400
63.062700
30.672500
63.591200
51.082500
20.449900
44.852700
38.732900
47.584100
47.184700
38.913200
53.495100
45.149400
26.644000
54.746100
51.403400
56.016100
68.881400
45.684700
50.501000
32.859600
40.647900
43.639700
36.044600
53.434600
67.387500
19.653100
55.954100
28.071100
50.866000
51.638500
40.966600
43.912600
49.290700
66.990200
62.794100
60.268500
37.301300
46.855900
57.857100
39.573100
30.161800
51.867900
48.093400
71.169900
46.088700
42.400900
47.183600
31.348800
29.155800
23.949400
32.975000
42.714600
56.101800
50.193600
57.320900
38.254000
54.429700
39.917100
53.508500
61.704500
86.753400
50.915500
25.521000
58.891100
50.116900
32.544600
70.488100
50.288100
14.747700
66.515100
63.676700
25.425400
56.897400
65.802800
45.610600
37.996500
51.670900
63.030100
32.213200
34.516600
40.696400
75.658100
61.953200
61.953200
56.193700
47.055100
57.909200
47.055100
63.424600
39.298300
63.847300
32.917200
38.980700
30.943800
64.263300
