0.006151
0.005557
0.008748
0.010233
0.008050
0.010724
0.009404
0.008124
0.009722
0.009969
0.010004
0.006943
0.010470
0.007763
0.009499
0.009053
0.011172
0.010779
0.008372
0.008963
0.008020
0.011471
0.010012
0.011974
0.009788
0.007901
0.008939
0.011605
0.006811
0.014238
0.011368
0.010202
0.008710
0.009581
0.007708
0.007305
0.008423
0.010218
0.004993
0.006143
0.008542
0.007468
0.007958
0.007785
0.012077
0.006196
0.005488
0.006265
0.009356
0.008223
0.013074
0.007175
0.005809
0.001273
0.007967
0.009337
0.010041
0.007993
0.006810
0.006257
0.006003
0.008889
0.006708
0.007304
0.009304
0.009014
0.011329
0.008900
0.005772
0.006984
0.000834
0.006709
0.006163
0.003520
0.003711
0.006761
0.005129
0.005877
0.012766
0.006025
0.010534
0.001688
0.007597
0.002895
0.004413
0.007310
0.008271
0.002122
0.002122
0.006803
0.006696
0.005208
0.006696
0.001174
0.007536
0.009039
0.003806
0.001713
0.010501
0.005687
