1.429099
0.401877
0.421279
0.710330
0.924156
0.090351
1.548500
0.238459
0.678953
0.538683
0.079759
0.538433
0.421595
0.239187
0.000000
0.354322
0.265111
0.235216
0.235101
0.000000
0.166068
0.152131
0.000000
0.454108
0.449987
1.583880
0.380070
0.059864
0.226099
0.182454
0.643809
0.279980
0.352121
1.170670
0.070577
1.158579
0.247097
1.228409
0.355689
0.297461
0.324885
0.201245
0.342194
0.398584
0.562552
0.046283
0.185615
1.795145
0.296897
0.382642
0.570156
0.167934
0.231447
0.283916
0.462305
0.354410
0.656038
0.331069
0.051963
0.206312
0.542593
0.203102
0.731506
0.146926
0.101455
0.320510
0.592737
0.077251
0.132384
0.196808
0.550327
0.351811
0.106308
0.477559
0.356736
0.555882
0.092080
0.082555
0.750017
0.655368
0.244489
0.515208
0.093176
0.089641
0.377051
0.125343
0.934455
0.456195
0.456195
0.259688
0.326999
0.322937
0.326999
0.254415
0.193907
0.557480
0.053291
0.415612
0.819856
0.117489
