6.155465
11.919900
4.723042
11.045282
6.059407
5.658486
8.153711
10.728152
7.895492
5.255539
8.888836
6.679742
9.058059
9.214133
8.652397
6.359674
11.240862
4.863122
7.891559
6.471680
5.075127
5.399514
12.083656
5.395180
5.477625
8.981745
9.867685
4.897411
5.069445
9.810303
9.727181
9.941379
5.172858
6.658056
8.990820
10.730723
11.800550
9.443026
12.813997
7.306707
9.481984
6.380228
5.119741
9.054379
11.450475
13.420757
11.478767
8.572948
9.118001
4.621813
10.274410
7.589254
10.110132
9.009488
10.737612
7.279263
5.291600
11.754696
8.215747
10.701530
9.520911
11.738666
9.443026
9.947666
6.146863
10.134484
12.237415
7.894816
13.268091
10.091621
11.191626
10.118458
5.506193
7.198592
9.456664
6.363538
6.277914
6.982587
5.074523
7.302547
9.810303
11.023449
5.614474
6.226895
5.055773
9.781793
11.988731
11.667071
6.139843
9.626968
4.640299
12.589333
7.712887
12.644636
8.369188
6.936091
7.291691
6.961594
9.776967
9.201719
