0.002688
0.008455
0.009722
0.011965
0.008748
0.009046
0.008050
0.013070
0.009404
0.009499
0.014350
0.008847
0.009838
0.010779
0.011172
0.007262
0.010004
0.007763
0.011471
0.008963
0.012606
0.014238
0.006811
0.009166
0.014497
0.011974
0.011547
0.007646
0.008939
0.010708
0.010218
0.011368
0.007460
0.008423
0.012077
0.007403
0.009581
0.008710
0.008537
0.009775
0.013887
0.007305
0.009482
0.010013
0.007958
0.004993
0.004177
0.008223
0.006708
0.011052
0.007993
0.009267
0.007304
0.007535
0.004049
0.013643
0.001273
0.012370
0.006097
0.010007
0.006265
0.008481
0.006271
0.009356
0.006257
0.005772
0.005348
0.006625
0.006709
0.006718
0.000834
0.008900
0.007232
0.008408
0.002674
0.012766
0.001688
0.010227
0.003520
0.006876
0.009194
0.004126
0.006025
0.007150
0.007660
0.003723
0.001449
0.002122
0.003391
0.006696
0.003936
0.006803
0.006696
0.004920
0.001174
0.008212
0.003806
0.001713
0.008212
0.002753
