0.013565
0.000592
0.000929
0.001096
0.010623
0.011251
0.000875
0.000642
0.008849
0.001102
0.009414
0.000993
0.010868
0.000790
0.000817
0.000967
0.007745
0.009532
0.012262
0.001001
0.008025
0.009733
0.010825
0.009826
0.008949
0.012124
0.012219
0.000615
0.000858
0.012624
0.008710
0.000863
0.001074
0.010674
0.000892
0.003886
0.001125
0.011765
0.007194
0.001228
0.009361
0.001450
0.003903
0.000980
0.001356
0.007000
0.009303
0.010265
0.011312
0.001019
0.010774
0.009339
0.000649
0.000948
0.001085
0.000367
0.000675
0.015421
0.005983
0.001810
0.001325
0.000949
0.006421
0.012850
0.005279
0.001297
0.003650
0.000607
0.008661
0.001068
0.006553
0.001031
0.001005
0.001504
0.013171
0.009513
0.009152
0.008409
0.007988
0.011186
0.009152
0.000789
0.013994
0.015082
0.000634
0.000775
0.001545
0.000953
0.000996
0.004775
0.006935
0.000953
0.000405
0.005936
0.010066
0.009869
0.001711
0.006714
0.008710
0.009826
