0.002108
0.002118
0.006249
0.005904
0.000902
0.001179
0.003434
0.000934
0.002781
0.009120
0.002945
0.001007
0.001953
0.005498
0.005810
0.000796
0.000887
0.000865
0.002859
0.002420
0.000761
0.003275
0.004207
0.001152
0.001664
0.008212
0.001608
0.002380
0.006236
0.000731
0.012801
0.001747
0.000687
0.003323
0.002618
0.002275
0.006576
0.001997
0.001283
0.004167
0.004405
0.001287
0.007470
0.003257
0.000959
0.000913
0.003056
0.003318
0.005412
0.004207
0.003514
0.001312
0.001675
0.001147
0.002197
0.000746
0.000745
0.006802
0.001240
0.003392
0.002352
0.000959
0.002208
0.000878
0.004574
0.002305
0.001055
0.003433
0.003548
0.006022
0.003713
0.002386
0.001453
0.003747
0.000966
0.003964
0.003127
0.002283
0.002118
0.012083
0.001078
0.001247
0.001279
0.004993
0.001561
0.009740
0.001063
0.001988
0.003793
0.003436
0.002301
0.005075
0.002897
0.003642
0.003412
0.002667
0.001575
0.002239
0.008212
0.007248
