472.000000
1241.000000
1002.000000
1033.000000
582.000000
789.000000
897.000000
924.000000
1045.000000
1081.000000
1024.000000
602.000000
19.000000
1029.000000
759.000000
1013.000000
712.000000
226.000000
989.000000
489.000000
1104.000000
676.000000
436.000000
794.000000
29.000000
966.000000
346.000000
284.000000
111.000000
230.000000
722.000000
293.000000
209.000000
1315.000000
1102.000000
599.000000
945.000000
113.000000
111.000000
542.000000
217.000000
1000.000000
10.000000
671.000000
423.000000
396.000000
266.000000
864.000000
1198.000000
665.000000
119.000000
1270.000000
424.000000
224.000000
191.000000
621.000000
251.000000
90.000000
1299.000000
667.000000
1249.000000
765.000000
942.000000
800.000000
425.000000
976.000000
1265.000000
515.000000
15.000000
136.000000
299.000000
431.000000
104.000000
170.000000
962.000000
938.000000
178.000000
1294.000000
171.000000
520.000000
508.000000
206.000000
938.000000
255.000000
268.000000
885.000000
210.000000
309.000000
309.000000
1180.000000
1181.000000
959.000000
568.000000
266.000000
280.000000
266.000000
627.000000
593.000000
188.000000
251.000000
