0.258877
0.270877
0.155290
0.197402
0.223165
0.201649
0.159500
0.143029
0.210238
0.175710
0.171093
0.193692
0.148956
0.201810
0.211983
0.079895
0.194663
0.149091
0.178530
0.168722
0.234046
0.185284
0.232870
0.164652
0.110521
0.160524
0.193550
0.238944
0.167639
0.134872
0.192516
0.133947
0.180893
0.307796
0.191377
0.215517
0.232551
0.145345
0.180054
0.221608
0.202530
0.187284
0.236229
0.195592
0.179124
0.159926
0.236617
0.215310
0.176519
0.249851
0.228678
0.234018
0.208128
0.249020
0.158764
0.198369
0.203949
0.116859
0.187922
0.195508
0.205287
0.211671
0.223610
0.168070
0.193320
0.308398
0.214025
0.252261
0.174550
0.256725
0.145350
0.274654
0.229657
0.206697
0.211527
0.275949
0.183075
0.213916
0.275473
0.146283
0.206136
0.331394
0.214867
0.261319
0.269588
0.254793
0.236267
0.267969
0.261265
0.261265
0.245675
0.267969
0.249149
0.269923
0.360487
0.289875
0.300513
0.326825
0.175710
0.169268
