-60.551600
-55.517900
-59.346100
-58.352200
-59.417700
-60.530300
-56.768000
-57.464100
-56.339100
-57.728500
-57.120600
-57.287000
-56.684700
-55.938500
-57.262200
-57.784000
-58.418600
-58.330300
-56.090000
-56.043600
-59.499600
-58.494700
-55.331300
-56.869300
-57.772900
-58.159400
-55.000800
-58.151700
-56.608400
-56.389800
-54.420600
-57.878100
-56.239600
-57.674500
-56.285200
-56.821800
-55.717800
-59.636700
-58.691500
-54.382700
-57.822700
-59.038500
-58.240400
-57.006100
-58.023000
-56.213400
-58.205500
-55.502000
-54.770900
-57.046300
-56.182700
-56.230100
-58.208800
-57.778300
-57.111500
-58.209000
-57.096600
-57.656500
-58.309400
-57.478900
-55.591500
-57.931900
-60.490200
-57.753000
-56.890600
-56.503800
-57.542800
-57.284500
-58.998400
-55.974800
-55.991000
-57.016300
-55.495700
-56.528600
-57.480700
-59.253000
-55.840500
-59.279100
-56.750400
-58.616700
-58.144700
-54.245600
-56.031700
-55.213900
-55.807800
-56.764200
-58.859800
-57.035200
-57.764800
-57.705800
-57.764800
-54.927400
-57.764800
-56.618600
-58.055000
-55.053200
-58.261200
-56.459300
-56.947900
-61.348400
