0.785430
0.533496
0.656789
0.810504
0.548279
0.636782
0.887928
0.431631
0.752844
0.732641
0.677797
0.798471
0.515750
0.747414
0.792789
0.846194
0.790757
0.597808
0.814171
0.785676
0.282753
0.722432
0.397150
0.435142
0.845157
0.940776
0.479149
0.632023
0.557785
0.479737
0.488120
0.925473
0.716300
0.836427
0.986125
0.566293
0.792463
0.784945
0.659977
0.634003
0.613193
0.921642
0.907811
0.795519
0.456384
0.390733
0.155552
1.055000
0.925858
0.700664
0.945951
0.871615
0.492508
0.832509
0.173453
0.934044
0.800501
0.737601
0.655649
0.915847
0.708161
0.657084
0.745598
0.723179
0.747270
0.770967
1.081730
0.863668
0.632139
1.104550
0.877537
0.548970
0.536500
0.840123
0.584407
0.484620
0.502742
0.396148
0.518935
1.226460
0.818118
0.759878
0.545540
0.492293
0.889266
0.704211
0.543443
1.113130
0.533261
0.948789
0.533261
0.647155
0.533261
0.640246
0.860698
0.670649
0.636181
0.792337
0.696640
0.435333
