0.171525
0.094510
0.102077
0.092070
0.113120
0.074683
0.086856
0.073117
0.092801
0.112891
0.103260
0.086169
0.122829
0.097204
0.122837
0.128077
0.095379
0.111489
0.102552
0.111692
0.115121
0.127762
0.089920
0.150570
0.130229
0.125749
0.094575
0.115264
0.093529
0.099271
0.092138
0.135558
0.107439
0.125706
0.093152
0.129261
0.082425
0.117755
0.110632
0.097717
0.174133
0.123620
0.131414
0.076345
0.127949
0.138017
0.088568
0.113272
0.093381
0.106529
0.145857
0.185947
0.134088
0.137742
0.139148
0.145575
0.114051
0.144092
0.103418
0.144020
0.143312
0.159545
0.136756
0.171875
0.118767
0.113999
0.092146
0.165029
0.139778
0.166878
0.113012
0.106795
0.126078
0.065718
0.140549
0.132607
0.136636
0.146239
0.120866
0.120098
0.116278
0.111130
0.092693
0.164476
0.090407
0.171190
0.163532
0.121587
0.161999
0.146287
0.161999
0.140418
0.161999
0.163182
0.123360
0.175556
0.138024
0.153837
0.143927
0.171120
