1.061540
1.199350
0.834204
0.548279
0.656789
0.670463
0.764274
0.756412
0.499531
0.748750
0.798471
0.470485
0.802716
0.581415
0.710446
0.597808
0.570899
0.646351
0.813395
0.435142
0.632023
0.785676
0.667799
0.282753
0.801517
0.557785
0.713701
0.287581
0.397150
0.940776
0.749028
0.514788
0.757437
0.456384
0.550586
0.986125
0.524557
0.671788
0.687243
0.566293
0.921642
0.213598
0.925473
0.670741
0.488120
0.716300
0.907811
0.925858
0.735958
0.648212
0.521725
0.657084
0.697961
0.186576
1.055000
0.754488
0.492508
0.292935
0.688839
0.737601
0.289897
0.594495
0.714793
0.469438
0.700664
0.456520
0.758477
1.104550
0.643475
0.863668
0.725501
1.233010
1.002000
0.545540
0.584407
0.795001
1.226460
0.396148
0.502742
0.753648
0.584407
0.840123
0.575872
0.889266
0.847852
0.414880
0.492293
1.429880
0.385039
1.113130
0.948789
0.533261
0.603754
0.640246
0.057768
0.790499
0.670649
0.753010
0.841696
0.287581
