0.004945
0.002249
0.003782
0.003797
0.004414
0.001431
0.001134
0.003169
0.000829
0.004753
0.007666
0.007607
0.002460
0.000768
0.004914
0.004291
0.003887
0.003953
0.000895
0.000605
0.004488
0.001237
0.004709
0.002748
0.008871
0.003903
0.002908
0.001308
0.002520
0.002688
0.005233
0.003477
0.003284
0.004334
0.000987
0.001040
0.002711
0.004697
0.006279
0.003400
0.008683
0.001386
0.002513
0.002563
0.005188
0.002610
0.006413
0.003035
0.002213
0.005639
0.006084
0.000977
0.001178
0.001315
0.006273
0.002740
0.001308
0.005539
0.003167
0.003242
0.005193
0.005663
0.006539
0.002331
0.002238
0.004531
0.001855
0.005961
0.004931
0.003720
0.007667
0.001657
0.001492
0.004560
0.007140
0.004485
0.001013
0.001147
0.003219
0.006383
0.000811
0.003992
0.001315
0.002908
0.003615
0.004664
0.003354
0.002252
0.000933
0.005660
0.005976
0.002038
0.009834
0.001084
0.002687
0.000936
0.002691
0.005219
0.001182
0.004024
