-0.341436
-0.568758
-0.537870
-0.575323
-0.665826
-0.969374
-0.466012
-0.469522
-0.392254
0.001278
0.080978
-0.447051
-0.146377
-0.105509
-0.710379
0.143108
-0.197992
-0.082026
1.746456
0.223194
0.099535
0.337602
0.521483
0.444123
0.554349
0.455582
0.405287
0.142893
0.159284
0.413820
1.150798
0.400856
0.684213
0.852356
0.897868
0.555243
1.368782
1.431360
1.294416
1.383987
1.177930
1.095636
1.156987
1.004733
1.124122
0.733581
0.625505
1.438463
1.859847
1.717285
1.120473
1.194183
1.432767
1.050393
1.126520
1.569786
1.073865
1.444827
1.232227
1.258911
1.218818
1.555895
1.678570
1.047704
1.510918
1.428813
2.068630
2.156668
3.457105
2.170797
1.287413
1.898462
2.209422
2.492903
2.395575
2.407766
2.609907
2.430654
2.689370
1.748354
2.395575
1.988700
2.289613
2.646078
2.126504
3.055549
3.503873
3.292204
3.010667
3.942129
3.249761
3.116171
2.825028
2.791803
2.979332
3.329139
4.170508
3.851470
3.779844
0.142893
