0.004823
0.013565
0.001353
0.010224
0.011251
0.010623
0.008849
0.010926
0.009837
0.000967
0.001102
0.009532
0.013185
0.011211
0.001070
0.013724
0.007745
0.001031
0.001124
0.004637
0.012124
0.007138
0.008999
0.000615
0.001001
0.001230
0.010169
0.014135
0.009000
0.010519
0.000824
0.003903
0.003886
0.000863
0.000913
0.012559
0.001450
0.009361
0.010084
0.011888
0.001228
0.001258
0.009657
0.012943
0.001099
0.000892
0.000631
0.000830
0.004889
0.013050
0.006640
0.011183
0.000649
0.000367
0.015811
0.009339
0.012850
0.000761
0.006421
0.001606
0.005983
0.001376
0.006414
0.001325
0.000948
0.013389
0.001297
0.000607
0.001046
0.001005
0.006553
0.001381
0.001033
0.000789
0.009152
0.007279
0.000512
0.011186
0.001504
0.014218
0.009152
0.008409
0.009513
0.001545
0.015082
0.000775
0.001662
0.000417
0.000953
0.007919
0.000996
0.000405
0.004775
0.005936
0.001201
0.001711
0.001476
0.006714
0.000372
0.014135
