-58.584300
-56.361800
-55.517900
-58.352200
-56.558100
-56.768000
-58.292900
-58.061700
-56.339100
-58.418600
-56.684700
-58.330300
-55.938500
-57.120600
-56.087000
-55.891100
-60.722600
-57.287000
-56.869300
-58.159400
-58.556100
-56.608400
-56.090000
-55.497100
-54.826300
-55.331300
-57.238700
-57.772900
-59.499600
-58.409300
-55.529600
-56.285200
-56.821800
-58.691500
-58.240400
-59.038500
-57.476400
-56.646300
-57.717900
-57.926600
-56.213400
-55.923600
-55.257600
-59.636700
-57.037500
-58.181700
-55.717800
-57.046300
-55.502000
-59.063200
-58.981800
-57.111500
-60.490200
-57.778300
-58.380400
-58.208800
-55.788400
-56.528000
-59.007400
-58.209000
-56.890600
-58.138400
-58.744300
-57.096600
-57.931900
-55.974800
-58.233800
-57.560900
-57.899400
-58.998400
-59.636300
-58.501800
-55.025100
-57.622400
-56.900700
-58.141400
-59.091100
-56.750400
-56.031700
-54.735600
-56.446500
-55.840500
-56.528600
-58.071800
-57.494900
-56.966100
-58.859800
-58.020700
-56.149900
-54.927400
-57.764800
-57.880200
-57.705800
-55.311600
-59.555300
-58.261200
-55.343200
-56.459300
-59.555300
-58.859800
