0.097175
0.057962
0.094510
0.092070
0.100318
0.086856
0.160002
0.075992
0.092801
0.095379
0.122829
0.111489
0.097204
0.103260
0.092746
0.096489
0.112145
0.086169
0.150570
0.125749
0.079688
0.093529
0.102552
0.084240
0.107612
0.089920
0.106976
0.130229
0.115121
0.107309
0.118853
0.093152
0.129261
0.110632
0.131414
0.123620
0.097294
0.102979
0.080924
0.097202
0.138017
0.105033
0.086703
0.117755
0.111080
0.144277
0.082425
0.106529
0.113272
0.121234
0.109560
0.139148
0.136756
0.137742
0.126259
0.134088
0.060880
0.083783
0.109492
0.145575
0.118767
0.159150
0.169488
0.114051
0.159545
0.166878
0.144083
0.107315
0.107105
0.139778
0.108543
0.135749
0.113645
0.164806
0.196372
0.150022
0.141757
0.120866
0.092693
0.129073
0.107167
0.136636
0.065718
0.158449
0.101342
0.167193
0.163532
0.124080
0.119885
0.140418
0.161999
0.147850
0.146287
0.184969
0.136304
0.138024
0.187720
0.153837
0.136304
0.163532
