-0.499160
1.016948
1.100392
0.535049
-0.280432
0.590085
1.458619
-0.120897
0.622450
-0.225930
0.994393
0.067629
0.369058
1.138805
0.055905
1.627848
0.549579
-0.310962
0.285711
-0.955441
-0.409666
0.038304
-0.298661
0.052504
-0.048682
0.139380
-0.680217
-0.004321
0.218643
0.584655
-0.525729
-0.403464
-0.454473
-0.227499
0.305419
0.646303
-0.215087
-0.621712
0.652516
-0.105641
0.234651
0.602426
0.384523
0.347056
-0.596847
0.357134
-0.432909
-0.325151
1.009143
-0.159457
0.043059
0.915701
-0.194854
-0.380388
-0.474811
0.270990
0.324373
0.463532
-0.143231
0.306064
-0.336706
-0.281508
0.615556
-0.370728
0.124031
0.078459
-0.269494
0.581362
0.283785
0.481959
0.085611
0.358218
-0.193315
0.570374
0.442581
0.166625
-0.242807
1.016369
0.168257
2.232083
-0.043227
0.537064
-0.364206
-0.222797
-0.291892
-0.085961
0.217415
0.376854
-0.289241
0.628067
-0.250009
0.656081
-0.112487
0.076973
-0.055080
-0.113292
-0.069035
-0.103141
-0.055080
0.217415
