0.160002
0.092070
0.102077
0.092705
0.123701
0.111747
0.116018
0.044133
0.171525
0.097204
0.086169
0.112891
0.099648
0.095379
0.111489
0.122740
0.150961
0.103260
0.103873
0.088918
0.115121
0.095099
0.097759
0.125992
0.118599
0.123167
0.115264
0.111692
0.116514
0.150570
0.117755
0.097202
0.120055
0.104920
0.116151
0.101552
0.095252
0.162182
0.086703
0.105033
0.119861
0.135558
0.131414
0.080924
0.138017
0.088568
0.106811
0.199406
0.103418
0.144092
0.114051
0.109628
0.137742
0.171120
0.118767
0.126259
0.139148
0.171875
0.159545
0.159150
0.121002
0.084170
0.146692
0.060880
0.145005
0.119614
0.092146
0.106795
0.108836
0.113012
0.139778
0.101337
0.124307
0.065718
0.116278
0.164806
0.196372
0.120098
0.150022
0.129073
0.107167
0.130156
0.188191
0.090407
0.225372
0.116243
0.158449
0.161999
0.140418
0.119885
0.161999
0.121587
0.161999
0.163182
0.144043
0.175556
0.187720
0.138138
0.143927
0.104895
