0.794383
0.864421
0.401877
0.678470
0.421279
0.293047
0.197436
0.551054
0.815914
0.886979
0.227193
0.240822
0.421595
0.088620
0.235216
0.432949
0.000000
0.400110
0.226099
0.102979
0.182454
0.168291
0.430372
0.240077
0.403306
0.360717
0.206036
0.059864
0.000000
0.152131
0.276453
0.222095
0.117489
0.187560
0.236863
0.189808
0.334678
0.352121
0.247097
0.819856
0.000000
1.170670
0.207413
0.355689
0.342883
0.046283
0.103169
0.220953
0.542593
1.795145
0.203102
0.337206
0.051684
0.231447
0.092840
0.101455
0.570156
0.167934
0.462305
0.246614
0.331069
0.473259
0.748523
0.731506
0.656038
0.155561
0.055982
0.320767
0.196808
0.351811
0.686975
0.071760
0.077251
0.250547
0.082555
0.477559
0.244489
1.128434
0.092080
0.356736
0.105759
0.087791
0.750017
0.623050
0.094269
0.103284
0.084310
0.326999
0.745107
0.080172
0.326999
0.192496
0.326999
0.193907
0.563183
0.089422
0.557480
0.230728
0.225382
0.296571
