0.003935
0.005236
0.003069
0.003540
0.000216
0.000541
0.000438
0.001929
0.000372
0.005490
0.000316
0.005274
0.004893
0.000441
0.004256
0.005492
0.000413
0.004485
0.004330
0.004183
0.000450
0.004850
0.004905
0.000400
0.005654
0.002855
0.004068
0.000492
0.000284
0.003600
0.000353
0.000252
0.004354
0.005395
0.001554
0.000367
0.000429
0.000066
0.002878
0.000365
0.000450
0.000443
0.005177
0.000345
0.000329
0.004270
0.000426
0.000380
0.000407
0.000434
0.004250
0.000379
0.000389
0.001956
0.000588
0.006324
0.005140
0.000430
0.004310
0.000367
0.004473
0.000695
0.004525
0.006342
0.002656
0.000249
0.000427
0.000552
0.003515
0.000379
0.000402
0.000413
0.003464
0.000463
0.004061
0.005598
0.003364
0.000316
0.004828
0.005268
0.002912
0.003057
0.003661
0.005284
0.000253
0.003859
0.000618
0.001910
0.003168
0.000381
0.003167
0.002774
0.000167
0.003892
0.002375
0.000684
0.000591
0.002686
0.000259
0.001956
