38.841700
48.241900
63.062700
63.591200
51.418600
35.753200
60.470600
27.187200
51.194300
26.644000
49.220500
45.149400
38.732900
47.231500
48.267100
56.426200
47.184700
44.852700
57.658400
49.211800
51.096900
61.465800
37.864500
48.257800
47.605500
36.044600
67.934500
56.016100
30.562300
51.038900
30.943800
29.438400
61.627700
65.378500
43.912600
65.405300
51.638500
28.071100
47.813700
50.360800
54.019300
39.573100
40.966600
51.472900
44.184300
34.994700
56.201300
56.101800
29.155800
50.627100
38.254000
57.749800
32.176000
59.219100
42.400900
17.053800
39.583600
32.975000
71.169900
61.704500
23.949400
31.646100
60.816100
47.183600
39.917100
50.116900
40.525500
37.980900
50.514600
58.891100
52.156500
40.337400
25.521000
55.706600
14.747700
65.802800
13.070300
86.582900
25.425400
45.610600
29.286500
68.298200
44.511200
69.861000
74.445300
71.356000
72.306100
71.620900
43.107800
61.953200
56.193700
36.623500
48.669900
61.287200
39.298300
63.847300
85.116300
42.738700
33.180200
59.219100
