0.009387
0.006151
0.010724
0.008124
0.012124
0.010386
0.007169
0.008455
0.009785
0.010779
0.008574
0.011172
0.006943
0.008085
0.007262
0.014350
0.007763
0.010004
0.008109
0.008975
0.010708
0.011547
0.009076
0.011333
0.010597
0.011605
0.009261
0.008020
0.008750
0.010344
0.010501
0.008505
0.008728
0.007038
0.008423
0.009284
0.007708
0.008710
0.006194
0.010013
0.004874
0.012077
0.007305
0.009391
0.008858
0.008180
0.007195
0.007993
0.001273
0.013643
0.006003
0.008013
0.009167
0.007325
0.013074
0.008481
0.007895
0.009337
0.009356
0.009304
0.007967
0.011052
0.010007
0.007175
0.006708
0.006984
0.008560
0.005157
0.006955
0.005772
0.008798
0.005064
0.008900
0.009194
0.003520
0.012766
0.006189
0.002674
0.005129
0.006025
0.010227
0.003074
0.006876
0.001449
0.004763
0.007702
0.003723
0.003391
0.004248
0.002122
0.006803
0.005920
0.003936
0.004968
0.007536
0.009039
0.008212
0.000247
0.004988
0.007325
