0.009837
0.013091
0.007673
0.008849
0.000541
0.001353
0.001096
0.004823
0.000929
0.013724
0.000790
0.013185
0.012233
0.001102
0.010641
0.013730
0.001031
0.011211
0.010825
0.010457
0.001124
0.012124
0.012262
0.001001
0.014135
0.007138
0.010169
0.001230
0.000709
0.008999
0.000883
0.000631
0.010885
0.013486
0.003886
0.000918
0.001074
0.000165
0.007194
0.000913
0.001125
0.001108
0.012943
0.000861
0.000824
0.010674
0.001066
0.000949
0.001019
0.001085
0.010626
0.000948
0.000972
0.004889
0.001470
0.015811
0.012850
0.001076
0.010774
0.000918
0.011183
0.001739
0.011312
0.015856
0.006640
0.000622
0.001068
0.001381
0.008786
0.000947
0.001005
0.001031
0.008661
0.001157
0.010153
0.013994
0.008409
0.000789
0.012071
0.013171
0.007279
0.007642
0.009152
0.013211
0.000634
0.009648
0.001545
0.004775
0.007919
0.000953
0.007919
0.006935
0.000417
0.009730
0.005936
0.001711
0.001476
0.006714
0.000649
0.004889
