0.794383
1.429099
0.090351
0.238459
0.573553
0.197436
0.651833
0.236075
0.846957
0.235216
0.852289
0.265111
0.538433
0.227193
0.088620
0.359607
0.239187
0.079759
0.000000
0.623430
0.360717
0.206036
0.109984
0.240077
0.274919
0.059864
0.484799
0.166068
0.115171
0.403306
0.819856
0.207413
0.000000
0.347311
0.247097
0.222095
0.070577
0.352121
0.577625
0.485426
0.161585
0.562552
1.158579
0.237329
0.236863
0.359348
0.187560
0.331069
0.283916
0.094694
0.542593
0.199903
0.092840
0.748523
0.570156
1.266268
0.506871
0.354410
0.296897
0.101455
0.462305
0.225382
1.329068
0.167934
0.731506
0.196808
0.109230
0.791024
0.328337
0.132384
0.454384
0.227216
0.077251
0.203050
0.477559
0.750017
0.250547
0.624473
0.092080
0.655368
0.105759
0.371271
0.482783
0.334481
0.296571
0.084310
0.623050
0.080172
0.192496
0.456195
0.259688
0.745107
0.491775
0.080251
0.193907
0.557480
0.089422
0.230728
0.220953
0.748523
