11.196456
10.118458
7.261119
7.712887
5.775764
6.961594
5.395180
5.350748
6.226895
7.774817
6.353721
9.810303
6.658056
12.845791
8.858915
7.655398
6.380228
11.416411
9.867685
7.087370
6.363538
8.168036
11.389701
7.858889
10.924003
10.491412
10.140659
7.821324
6.471680
4.621813
9.727181
11.041574
7.302547
10.091621
7.128016
6.263266
6.725055
9.941379
13.112511
9.875588
8.990820
10.134484
11.191626
9.781793
7.957275
11.073689
5.110193
5.636450
8.478357
7.539873
6.196937
9.443026
8.678304
7.469688
9.481984
9.737029
9.531814
11.738666
4.556535
9.009488
6.705581
6.216455
10.271554
8.675854
9.401812
7.672313
10.328406
8.182256
8.693888
4.911334
7.927761
6.277914
4.863122
8.177497
13.268091
12.237415
7.285087
9.214133
4.682472
9.469039
10.737612
7.021312
7.624160
10.455191
12.589333
5.075127
9.776967
11.834490
13.420757
5.291600
9.380418
7.894816
8.888836
4.887875
6.353721
6.359674
10.214561
9.810303
7.198592
9.201719
