0.887928
0.752844
0.533496
0.785430
0.636782
0.548279
0.546054
1.061540
0.756412
0.515750
0.677797
0.792789
0.732641
0.597808
0.802716
0.391837
0.707563
0.747414
0.785676
0.667799
0.497440
0.657397
0.698501
0.940776
0.435142
0.713701
0.517719
0.959344
0.709370
0.397150
0.390733
0.550586
0.795029
0.836427
0.456384
0.514788
0.925473
0.749028
0.634003
0.792463
0.703476
0.640606
0.687243
0.566293
0.488120
0.986125
0.659977
0.737601
0.655649
0.635799
0.738230
0.681380
0.945951
0.186576
0.659256
0.723179
0.289897
0.745598
0.800501
0.934044
0.435333
0.688839
0.594495
0.492508
0.909076
1.081730
0.536500
0.089404
0.662309
0.643475
0.456520
0.673192
0.656220
1.164330
0.545540
0.818118
0.575872
0.584407
0.840123
0.404357
0.726824
1.226460
0.513414
0.543443
0.847852
0.723412
1.164840
0.948789
0.647155
0.533261
0.603754
1.429880
0.533261
0.640246
0.841696
0.636181
0.670649
0.753010
0.753010
0.886504
