0.001558
0.000865
0.002108
0.002239
0.003929
0.003713
0.002781
0.009120
0.003412
0.000830
0.001863
0.004207
0.003514
0.000710
0.001073
0.005979
0.002655
0.000937
0.003642
0.002275
0.007248
0.004953
0.001063
0.001575
0.001189
0.001664
0.000745
0.004999
0.002283
0.008546
0.002966
0.002409
0.003056
0.002016
0.002859
0.001674
0.003891
0.001549
0.000687
0.000960
0.001453
0.001240
0.001675
0.002618
0.006941
0.000894
0.003182
0.006249
0.004363
0.004993
0.002183
0.002082
0.001461
0.002208
0.002075
0.002276
0.002945
0.001126
0.007674
0.001902
0.004167
0.004692
0.001002
0.004309
0.001152
0.006302
0.002358
0.004877
0.004226
0.004960
0.001079
0.004581
0.002197
0.000816
0.000484
0.001011
0.002352
0.003747
0.007741
0.002845
0.001201
0.004195
0.002380
0.000994
0.000601
0.012801
0.002319
0.001007
0.000430
0.006478
0.001215
0.004640
0.004000
0.006802
0.001863
0.002118
0.000796
0.004207
0.003257
0.002057
