0.303152
0.198051
0.356057
0.251016
0.147159
0.250225
0.391251
0.103507
0.159330
0.372536
0.289673
0.327394
0.494508
0.231814
0.190219
0.478040
0.253167
0.282441
0.108686
0.278372
0.079357
0.105263
0.054547
0.058441
0.095383
0.272591
0.189754
0.115167
0.176292
0.147317
0.141947
0.228526
0.099051
0.182010
0.512005
0.138373
0.293370
0.219859
0.274652
0.161507
0.121292
0.034862
0.098204
0.139075
0.084134
0.066775
0.093221
0.495854
0.147225
0.305883
0.103579
0.237612
0.097833
0.132860
0.184074
0.119972
0.111167
0.105995
0.112387
0.200815
0.170630
0.172752
0.309438
0.131857
0.100989
0.088040
0.166342
0.191189
0.072776
0.156793
0.246789
0.177611
0.098899
0.065129
0.180883
0.095268
0.219317
0.315437
0.073381
0.068554
0.232567
0.221326
0.136801
0.154729
0.115553
0.076672
0.082194
0.156552
0.208626
0.059551
0.135254
0.223893
0.059551
0.076089
0.115009
0.068994
0.047835
0.153879
0.153879
0.167790
