4.556535
6.146863
6.471680
7.128016
7.927761
7.077575
6.373147
5.652655
11.539215
8.678304
5.399514
9.947666
7.496819
11.298675
7.891559
8.675854
9.781793
11.478767
5.105274
6.101535
5.069445
10.701530
7.397742
7.469688
7.821324
8.215747
9.380418
4.728707
12.307273
10.580685
7.377004
5.153909
7.637112
9.531814
9.810303
9.430102
6.380228
10.407604
10.129066
8.858915
13.420757
5.446869
6.353721
9.941379
6.363538
11.045282
8.326711
10.091621
6.081395
7.793612
11.800550
7.789998
11.023449
7.672313
7.302547
6.216455
10.271554
5.874781
9.810303
6.277914
7.279263
4.887875
13.112511
4.682472
10.728152
4.640299
11.754696
5.350748
6.370892
6.959389
6.961594
4.851998
6.932410
5.029554
6.059407
6.272110
5.255395
6.656102
11.073689
9.520911
12.083656
13.268091
11.893283
5.333051
11.667071
10.140659
5.395180
10.336881
7.957275
7.306707
5.477625
10.491412
11.977048
8.182256
12.644636
7.539873
9.481984
12.048164
7.559746
7.894816
