0.004500
0.003069
0.000425
0.004249
0.005426
0.000216
0.004370
0.000622
0.000438
0.004347
0.000413
0.005492
0.004893
0.005490
0.003098
0.000316
0.000397
0.000428
0.005654
0.000492
0.004905
0.003600
0.000343
0.005044
0.003737
0.000368
0.002855
0.003580
0.004850
0.000450
0.000542
0.000353
0.000393
0.000440
0.000252
0.004706
0.000392
0.004354
0.003744
0.000426
0.000491
0.000367
0.001561
0.003863
0.002800
0.000409
0.000443
0.003736
0.002565
0.000434
0.000259
0.000588
0.000550
0.002393
0.002111
0.000389
0.000367
0.000304
0.000407
0.004106
0.000270
0.000332
0.002568
0.004473
0.000147
0.000243
0.000249
0.000519
0.000413
0.000287
0.003370
0.000427
0.004236
0.000544
0.003805
0.000354
0.000316
0.003916
0.003364
0.002912
0.004474
0.003233
0.005268
0.000253
0.001970
0.004509
0.000310
0.000381
0.000162
0.002774
0.003167
0.000162
0.000398
0.003892
0.000149
0.003948
0.000684
0.002686
0.005220
0.002421
