55.384700
63.062700
52.210400
51.082500
18.641000
51.418600
61.392300
50.739900
60.470600
40.426600
47.184700
56.426200
38.732900
26.644000
38.913200
49.220500
53.010800
53.495100
47.605500
56.016100
37.864500
25.591500
64.004300
56.175800
40.647900
38.852100
36.044600
49.999800
61.465800
51.096900
49.290700
30.943800
47.782800
55.954100
29.438400
60.268500
39.462100
61.627700
45.252800
56.201300
57.857100
65.405300
60.793100
50.866000
51.867900
66.990200
39.573100
31.895400
57.320900
50.627100
33.180200
42.400900
69.618800
53.102400
42.714600
32.176000
61.704500
50.193600
29.155800
52.057100
26.948000
58.804500
49.928600
23.949400
77.290300
86.753400
50.116900
36.803300
40.337400
54.530300
60.830100
40.525500
47.619800
19.044400
37.996500
66.515100
86.582900
56.897400
13.070300
29.286500
36.049800
63.030100
45.610600
74.445300
66.752300
64.023400
60.880600
61.953200
47.055100
36.623500
56.193700
47.055100
57.909200
61.287200
73.392900
32.917200
63.847300
42.738700
42.500600
38.883600
