0.037469
0.044076
0.043778
0.050950
0.015899
0.047607
0.058242
0.077307
0.030530
0.039555
0.045467
0.031748
0.043561
0.041812
0.041789
0.039465
0.044424
0.042193
0.049332
0.039231
0.039258
0.029465
0.037948
0.040624
0.048852
0.024360
0.037941
0.032113
0.042120
0.046060
0.042612
0.016812
0.022349
0.037992
0.029565
0.036167
0.034486
0.043145
0.039536
0.027924
0.041992
0.029749
0.045626
0.036500
0.045594
0.040325
0.035929
0.042257
0.050899
0.036197
0.043449
0.016026
0.032391
0.033980
0.020523
0.036093
0.033736
0.042984
0.022494
0.048404
0.046036
0.031392
0.046144
0.008528
0.032667
0.030617
0.022761
0.045550
0.036186
0.017532
0.022363
0.038253
0.032487
0.070625
0.013695
0.045847
0.039026
0.034941
0.019278
0.022776
0.027222
0.024393
0.036423
0.022832
0.018111
0.046030
0.030827
0.018360
0.017662
0.018751
0.050502
0.017662
0.036398
0.031440
0.035067
0.024759
0.027088
0.028231
0.029583
0.048689
