0.102077
0.074683
0.057962
0.097175
0.100318
0.092801
0.111747
0.171525
0.094510
0.103260
0.108701
0.128077
0.122837
0.111489
0.150961
0.104543
0.112891
0.098683
0.160091
0.093529
0.130229
0.089920
0.095099
0.111264
0.071439
0.097353
0.111692
0.079688
0.115264
0.123167
0.174133
0.105033
0.115972
0.092138
0.131414
0.099860
0.110632
0.119861
0.118853
0.104920
0.123620
0.097202
0.101552
0.135558
0.121019
0.080924
0.142560
0.159150
0.119259
0.131418
0.199406
0.139148
0.169488
0.109492
0.145005
0.118767
0.126259
0.121234
0.083783
0.143312
0.137742
0.093381
0.109628
0.159545
0.133348
0.166878
0.108836
0.112522
0.144083
0.106795
0.139778
0.113999
0.119614
0.141757
0.196372
0.129073
0.092693
0.116278
0.065718
0.107167
0.146239
0.120139
0.120866
0.104895
0.116243
0.181279
0.153907
0.124080
0.161999
0.140418
0.132056
0.161999
0.146287
0.136304
0.184969
0.138024
0.187720
0.138138
0.109560
0.092705
