0.388063
0.006103
1.016948
-0.499160
-0.280432
0.622450
0.239021
0.846091
1.100392
1.138805
0.177044
0.933456
1.105449
0.067629
1.986303
1.136037
1.316243
-0.360169
0.098947
0.038304
-0.004321
0.139380
0.193219
0.746560
0.414901
0.348249
-0.169893
-0.409666
-0.270883
0.806873
0.376336
0.602426
0.396485
-0.413929
0.305419
0.446005
-0.227499
-1.129666
-0.525729
0.191053
0.646303
-0.105641
0.428249
0.645220
-0.031557
0.652516
-0.008591
-0.281508
0.529227
-0.182551
0.250469
0.915701
0.615556
-0.143231
0.673372
-0.336706
-0.474811
-0.159457
0.463532
0.610869
-0.380388
0.025141
0.361294
0.124031
-0.041698
0.078459
-0.316823
-0.192403
-0.269494
0.216937
0.481959
-0.399665
-0.389826
-0.242807
0.442581
2.232083
0.168257
-0.359993
-0.364206
-0.043227
-0.218070
-0.335912
1.016369
1.131318
-0.320788
0.242540
0.193237
0.376854
-0.250009
0.628067
0.093974
-0.250009
-0.112487
-0.055080
0.076973
-0.113292
-0.069035
0.636413
0.043059
1.175920
