-0.665826
-0.732946
-0.590745
-0.969374
-0.568758
-0.438779
-0.469522
-0.550042
-0.902808
0.092983
-0.082026
-0.063289
0.166873
0.143108
-0.197992
-0.633212
-0.141897
-0.710379
0.142893
0.455582
0.689292
0.159284
0.163047
0.994160
0.312001
0.404228
0.337602
0.243203
0.099535
1.746456
0.929254
0.527643
0.864734
1.124122
0.625505
1.207931
1.404466
3.166055
1.431360
1.121184
1.177930
1.290429
0.400856
1.156987
1.664462
1.082841
0.835597
1.569786
1.678570
1.480845
1.432767
1.752345
1.555895
1.218818
0.886782
2.055845
2.632879
1.444827
1.291533
2.807208
1.548759
1.438463
1.232227
1.194183
1.050393
2.156668
2.021411
2.068630
2.946645
1.759988
2.043737
3.000248
2.328027
1.786361
2.289613
1.923994
2.492903
2.270257
1.988700
2.407766
2.430654
2.239467
1.765569
2.871707
2.516878
2.744689
3.055549
3.010667
3.116171
3.381769
2.289007
3.116171
3.249761
2.583919
3.779844
3.186144
3.329139
3.851470
1.717285
-0.547294
