0.007058
0.024074
0.042458
0.003117
0.038216
0.003380
0.045289
0.001819
0.077664
0.007383
0.029675
0.014305
0.024434
0.005458
0.011269
0.010628
0.008386
0.003651
0.096732
0.082669
0.058299
0.084796
0.045662
0.134909
0.010564
0.011090
0.201557
0.004331
0.089988
0.056010
0.028873
0.083763
0.028144
0.434733
0.251045
0.001611
0.030712
0.069550
0.120693
0.117490
0.107476
0.114450
0.088421
0.099513
0.148512
0.035689
0.076284
0.014006
0.303058
0.765406
0.399054
0.103581
0.136339
0.138738
0.020219
0.174747
0.306832
0.256094
0.017549
0.165029
0.096798
0.120633
0.037454
0.029752
0.249126
0.075706
0.108706
0.451614
0.138620
0.288369
0.699714
0.011820
0.038018
0.896909
0.702836
0.290639
0.011939
0.535591
0.916361
0.126786
0.079345
0.784898
0.421334
1.342911
2.047195
0.363615
0.252098
1.279449
1.593705
0.030822
0.762349
1.854881
0.239384
2.477519
1.649927
10.302220
0.752204
5.512727
0.281916
0.078289
