-55.517900
-58.061700
-60.530300
-56.558100
-58.352200
-60.551600
-61.443700
-57.808400
-61.001400
-57.987200
-56.684700
-55.938500
-58.816000
-58.953800
-57.728500
-60.722600
-57.287000
-56.068600
-55.497100
-57.772900
-55.535200
-56.391200
-58.409300
-57.757000
-56.869300
-57.923400
-56.389800
-55.331300
-56.438000
-56.112600
-57.926600
-55.923600
-55.215500
-54.420600
-55.529600
-56.082200
-56.285200
-57.878100
-57.914200
-56.213400
-58.798600
-58.181700
-58.306100
-55.717800
-56.430600
-56.492500
-57.822700
-57.923400
-59.007400
-56.230100
-55.591500
-56.436300
-58.104700
-58.138400
-56.928300
-59.063200
-56.528000
-58.744300
-57.478900
-57.753000
-56.890600
-56.705000
-61.348400
-58.208800
-57.931900
-55.271600
-57.284500
-54.702600
-57.016300
-55.866500
-58.079400
-55.025100
-57.899400
-58.914800
-56.750400
-56.031700
-57.480700
-54.604500
-58.144700
-57.622400
-57.681100
-58.141400
-55.840500
-55.476400
-56.966100
-58.859800
-56.764200
-57.764800
-57.880200
-54.340500
-56.149900
-57.764800
-58.020700
-59.639000
-55.149100
-55.053200
-55.343200
-56.850000
-57.926600
-55.025100
