0.007169
0.002688
0.010724
0.010233
0.008438
0.009171
0.008748
0.008455
0.011965
0.008574
0.008338
0.009838
0.009053
0.010004
0.008030
0.010409
0.008085
0.010470
0.008372
0.009076
0.007901
0.010344
0.009261
0.009788
0.011471
0.008004
0.010145
0.011572
0.009713
0.008750
0.009284
0.010501
0.009482
0.010202
0.009775
0.006956
0.007958
0.009581
0.010013
0.013887
0.008710
0.007305
0.008542
0.007038
0.008728
0.007403
0.010218
0.012370
0.006271
0.006097
0.010053
0.007304
0.007325
0.010832
0.004049
0.006810
0.001273
0.009727
0.008535
0.007175
0.009167
0.006257
0.005809
0.007895
0.007967
0.008900
0.008798
0.006163
0.005348
0.007780
0.006984
0.008467
0.007232
0.007597
0.006025
0.002674
0.006876
0.008408
0.005877
0.003520
0.001688
0.005129
0.006761
0.006330
0.007310
0.007660
0.008271
0.006696
0.003936
0.006803
0.003391
0.006696
0.002122
0.005689
0.004920
0.008212
0.009039
0.000247
0.009284
0.008467
