1.199350
0.887928
0.764274
0.770625
0.733800
0.546054
0.431631
0.810504
0.430305
0.755549
0.581415
0.391837
0.748750
0.629857
0.515750
0.597808
0.802716
0.707563
0.667799
0.287581
0.373010
0.397150
0.479149
0.629946
0.814171
1.038450
0.845157
0.709370
0.497440
0.479737
0.921642
0.687243
0.155552
0.390733
0.986125
0.775702
0.821058
0.488120
0.634003
0.749220
0.790571
0.792463
0.737567
0.925473
0.784945
0.456384
0.514788
0.800501
0.700664
0.861303
0.648212
0.688839
0.697961
0.435333
0.832509
0.737601
0.173453
0.708161
0.635799
0.915847
0.738230
0.681380
0.871615
0.696640
0.186576
0.662309
0.456520
0.863668
0.656220
0.994288
0.089404
1.002000
0.673192
0.795001
0.396148
0.726824
0.818118
0.759878
0.584407
1.226460
0.826401
0.518935
0.812620
0.252425
0.759276
0.543443
0.847852
0.533261
1.108260
1.113130
0.533261
0.948789
0.603754
1.029610
0.964616
0.636181
0.790499
0.792337
0.373010
1.108260
