0.015899
0.052616
0.054807
0.032538
0.042583
0.049139
0.056570
0.043855
0.048689
0.039465
0.050626
0.041240
0.038174
0.037472
0.049081
0.041812
0.044062
0.030490
0.039405
0.049332
0.048852
0.029465
0.045069
0.032113
0.035675
0.048199
0.039258
0.037866
0.038593
0.032737
0.041992
0.038769
0.063561
0.041416
0.034571
0.036539
0.045924
0.037992
0.047309
0.040325
0.029749
0.033469
0.015612
0.036500
0.047659
0.028336
0.045626
0.035516
0.046757
0.029830
0.029583
0.046144
0.043449
0.040368
0.046036
0.031281
0.016026
0.048404
0.020523
0.047590
0.049368
0.029827
0.072568
0.052407
0.032667
0.036186
0.039964
0.049011
0.037975
0.015185
0.033757
0.028103
0.034349
0.022776
0.027222
0.045847
0.034941
0.023390
0.024945
0.020249
0.048194
0.036423
0.031257
0.046030
0.028552
0.021925
0.040629
0.017662
0.050502
0.034328
0.017662
0.036398
0.026203
0.000688
0.031440
0.024759
0.027088
0.039060
0.048852
0.050502
