10.328406
6.656102
6.705581
7.427960
9.941379
7.789998
6.363538
9.955097
7.891559
10.118458
9.781793
7.894816
9.443026
9.810303
10.110132
10.407604
8.168036
13.420757
6.081395
10.924003
11.298675
7.006009
8.215747
7.198592
8.369188
9.781793
7.793612
6.972896
5.069445
6.959389
6.196937
6.394613
5.029554
12.055906
13.112511
6.263266
11.919900
11.988731
7.496819
7.637112
10.274410
10.580685
7.377004
11.478767
4.892558
10.325067
10.405931
4.999162
12.083656
4.556535
5.255395
8.858915
5.506193
5.652655
10.140659
10.482204
6.359674
7.087370
6.139843
6.353721
10.336881
10.728152
9.481984
7.690555
11.416411
7.655398
7.559746
12.589333
6.216455
7.397742
11.073689
9.054379
12.644636
11.977048
9.810303
4.911334
6.373147
7.469688
7.927761
10.491412
7.087370
7.821324
6.226895
8.153711
7.589254
8.373075
6.179153
4.851998
7.676143
4.915654
11.389701
9.380418
6.725055
8.478357
10.728152
6.059407
10.134484
6.932410
6.961594
12.238956
