0.002358
0.006574
0.004167
0.001283
0.001549
0.001247
0.007248
0.003120
0.003323
0.000865
0.002618
0.004640
0.002082
0.004207
0.000746
0.001055
0.004953
0.000430
0.004870
0.001189
0.001312
0.003275
0.002858
0.003257
0.002897
0.002618
0.004808
0.003548
0.002420
0.004607
0.002183
0.003582
0.004292
0.000866
0.000687
0.001674
0.000959
0.001147
0.001997
0.004787
0.000369
0.000322
0.003434
0.001109
0.003318
0.000934
0.001561
0.004022
0.001556
0.007674
0.004405
0.001073
0.004259
0.012083
0.000745
0.001943
0.002118
0.002275
0.004405
0.001863
0.000959
0.001078
0.002075
0.004302
0.000937
0.005979
0.003127
0.000601
0.004692
0.003176
0.000894
0.001885
0.000858
0.001287
0.004207
0.004960
0.006069
0.002208
0.001079
0.001664
0.002275
0.004999
0.003412
0.006022
0.006236
0.001984
0.009897
0.005412
0.002127
0.006092
0.001063
0.001215
0.003891
0.004363
0.001078
0.006433
0.001240
0.005906
0.003713
0.000682
