38.883600
30.672500
51.232700
64.410100
38.841700
43.044500
35.753200
52.210400
54.091600
20.449900
53.010800
51.533800
38.913200
38.732900
26.644000
56.426200
46.650400
53.495100
56.253300
43.639700
56.175800
36.044600
10.536600
51.926900
56.016100
49.999800
64.004300
54.746100
47.605500
54.313400
44.184300
39.573100
47.782800
66.990200
30.943800
37.301300
65.378500
29.438400
57.857100
54.019300
64.263300
60.268500
51.638500
39.462100
28.071100
51.472900
50.360800
47.183600
57.749800
61.704500
29.155800
27.853400
26.948000
53.102400
33.180200
42.400900
23.949400
31.348800
48.093400
60.816100
54.429700
49.928600
59.219100
17.053800
32.176000
50.116900
48.393000
39.763100
40.525500
53.541100
58.891100
50.288100
53.347100
51.670900
37.996500
13.070300
56.897400
19.044400
25.425400
55.706600
44.511200
63.030100
36.049800
74.445300
66.752300
75.658100
64.023400
36.623500
47.055100
61.953200
56.193700
61.953200
47.055100
73.392900
50.785800
63.847300
85.116300
42.738700
29.155800
54.746100
