0.092705
0.113634
0.113120
0.044133
0.160002
0.073117
0.116018
0.057962
0.086856
0.063839
0.112891
0.097204
0.150961
0.122837
0.111489
0.128077
0.083728
0.098683
0.088918
0.102552
0.111264
0.111692
0.099271
0.097759
0.093529
0.079688
0.095099
0.084240
0.160091
0.120299
0.116151
0.142560
0.115972
0.080924
0.105033
0.111080
0.082425
0.131414
0.123620
0.076345
0.120055
0.099860
0.102979
0.110632
0.162182
0.125706
0.120409
0.171875
0.106529
0.126259
0.083783
0.105796
0.137742
0.109492
0.199406
0.139148
0.159545
0.171120
0.144092
0.145187
0.114051
0.109628
0.146692
0.113272
0.118767
0.108836
0.113645
0.126078
0.113999
0.102882
0.111137
0.110924
0.107105
0.084931
0.196372
0.065718
0.116278
0.141757
0.150022
0.111130
0.140549
0.120139
0.146239
0.104895
0.116243
0.171190
0.181279
0.140418
0.161999
0.124080
0.132056
0.124080
0.161999
0.184969
0.138261
0.187720
0.175556
0.138138
0.083783
0.084240
