-0.547294
-0.520778
-0.575323
-0.776736
-0.392254
-0.389962
-0.537870
-0.590745
-1.050781
-0.447051
-0.141897
0.188820
-0.197992
0.166873
0.143108
-0.063289
0.001278
-0.710379
0.579993
1.104093
0.994160
0.337602
0.705726
0.644868
0.455582
0.243203
0.163047
0.142356
0.142893
0.695316
1.150798
0.835597
0.864734
1.082841
0.527643
1.810528
1.073567
0.625505
1.177930
0.501853
1.053551
1.207931
1.760448
1.404466
1.279428
1.278496
0.897868
1.216302
1.510918
2.632879
1.291533
1.357473
1.548759
1.218818
1.432767
1.752345
1.194183
1.606014
1.258911
1.276581
2.212256
1.232227
1.859847
1.126520
2.055845
2.021411
3.457105
2.418302
3.000248
2.633736
1.622664
2.209422
1.229439
1.748354
2.289613
1.988700
2.270257
1.786361
2.027685
1.440716
2.395575
2.239467
2.430654
2.871707
2.516878
2.529874
2.744689
3.381769
3.116171
3.010667
2.289007
3.010667
3.116171
3.779844
2.979332
3.329139
4.170508
3.851470
1.291533
0.142356
