490.000000
1241.000000
816.000000
897.000000
1002.000000
1335.000000
141.000000
1185.000000
472.000000
890.000000
423.000000
712.000000
602.000000
586.000000
778.000000
192.000000
1029.000000
1013.000000
42.000000
346.000000
488.000000
242.000000
910.000000
1032.000000
29.000000
966.000000
253.000000
111.000000
230.000000
1229.000000
97.000000
521.000000
599.000000
1339.000000
601.000000
10.000000
1102.000000
293.000000
583.000000
217.000000
209.000000
722.000000
17.000000
113.000000
671.000000
443.000000
423.000000
322.000000
425.000000
37.000000
621.000000
174.000000
559.000000
224.000000
665.000000
1219.000000
1270.000000
552.000000
1299.000000
1198.000000
7.000000
548.000000
576.000000
926.000000
127.000000
431.000000
49.000000
769.000000
15.000000
545.000000
299.000000
195.000000
847.000000
604.000000
520.000000
188.000000
88.000000
595.000000
170.000000
171.000000
938.000000
92.000000
508.000000
1247.000000
272.000000
1333.000000
1320.000000
1180.000000
309.000000
1181.000000
934.000000
1181.000000
309.000000
531.000000
931.000000
627.000000
611.000000
278.000000
621.000000
111.000000
