0.678470
1.548500
0.622449
0.551054
0.794383
0.795646
0.197436
0.924156
0.991818
0.538683
0.240822
0.886979
0.000000
0.538433
0.235216
0.359607
1.211377
0.354322
0.102979
0.380070
0.233031
0.059864
0.000000
0.430372
0.166068
0.794764
0.168291
0.235101
0.274919
0.353473
0.236863
0.562552
0.529975
0.355689
0.819856
0.201245
0.347311
0.207413
0.398584
0.161585
0.117489
0.324885
0.070577
0.058558
0.352121
0.237329
0.485426
0.167934
0.199903
0.101455
0.283916
0.139410
0.051684
0.091394
0.220953
0.570156
0.462305
0.231447
1.795145
1.329068
0.203102
0.337206
0.748523
1.266268
0.092840
0.196808
0.102837
0.557281
0.109230
0.441096
0.132384
0.106308
0.836254
0.515208
0.244489
0.250547
0.082555
0.865813
0.092080
0.203050
0.482783
0.093176
0.482802
0.296571
0.103284
0.934455
0.360649
0.745107
0.326999
0.456195
0.259688
0.456195
0.326999
0.111707
0.502013
0.557480
0.089422
0.230728
0.283916
0.235101
