0.000438
0.002421
0.003935
0.000216
0.005236
0.004370
0.003069
0.000257
0.000372
0.004347
0.005490
0.003098
0.000387
0.000469
0.000428
0.003813
0.000441
0.003766
0.003737
0.003210
0.002855
0.000246
0.003893
0.005050
0.000492
0.005044
0.000400
0.003580
0.003600
0.000368
0.000503
0.000252
0.000409
0.000440
0.000625
0.004270
0.000392
0.000495
0.005177
0.000365
0.000367
0.003484
0.000443
0.000429
0.002878
0.000353
0.005023
0.004125
0.006342
0.009218
0.004310
0.002111
0.001956
0.004250
0.000147
0.002393
0.005140
0.000430
0.005220
0.000278
0.000643
0.002568
0.004106
0.000434
0.000259
0.000355
0.000552
0.000519
0.001460
0.000413
0.000458
0.000402
0.002621
0.003364
0.002912
0.005598
0.003057
0.003661
0.003916
0.000354
0.000602
0.000463
0.004828
0.004081
0.001970
0.005284
0.000310
0.003167
0.000162
0.002774
0.000162
0.000381
0.000398
0.002375
0.000296
0.000684
0.000591
0.002686
0.000684
0.002686
