0.005916
0.003777
0.006084
0.004753
0.004208
0.001308
0.002090
0.002588
0.003962
0.000829
0.000943
0.005350
0.004485
0.003477
0.005554
0.004861
0.008717
0.003274
0.002238
0.001308
0.001182
0.005203
0.007703
0.003378
0.006816
0.001279
0.004788
0.000811
0.002451
0.006517
0.001657
0.004119
0.000983
0.004291
0.005181
0.004243
0.004488
0.003679
0.001081
0.004881
0.001024
0.003782
0.003167
0.003354
0.000895
0.002748
0.000947
0.001809
0.002665
0.006738
0.006597
0.002295
0.004531
0.000912
0.002460
0.004931
0.009834
0.004697
0.007077
0.001102
0.005660
0.000985
0.004560
0.003912
0.008683
0.006413
0.005787
0.000895
0.001757
0.002820
0.005359
0.004709
0.001147
0.002249
0.000987
0.002588
0.002926
0.001054
0.001386
0.000962
0.002331
0.002688
0.004392
0.000934
0.001178
0.004664
0.003788
0.003953
0.001952
0.002252
0.003035
0.001828
0.004114
0.007909
0.006273
0.001965
0.001079
0.003038
0.003128
0.004945
