0.102077
0.044133
0.106711
0.092801
0.097175
0.092070
0.090832
0.110732
0.116018
0.083728
0.095379
0.112891
0.104543
0.086169
0.122829
0.115079
0.099648
0.097204
0.103873
0.107612
0.106976
0.099271
0.125992
0.097353
0.079688
0.089920
0.115264
0.139255
0.130229
0.125749
0.099860
0.097294
0.123620
0.082425
0.105033
0.102979
0.120409
0.095252
0.118853
0.121019
0.144277
0.131414
0.127949
0.142560
0.125706
0.119861
0.120055
0.143927
0.171875
0.169488
0.139965
0.144020
0.121002
0.105796
0.109492
0.137742
0.114051
0.133348
0.118767
0.139148
0.145857
0.159150
0.134088
0.136756
0.060880
0.119614
0.108543
0.092146
0.101337
0.110924
0.126078
0.112522
0.146600
0.120139
0.146239
0.196372
0.164806
0.140549
0.065718
0.141757
0.140549
0.092693
0.116278
0.167193
0.090407
0.181279
0.101342
0.161999
0.124080
0.140418
0.119885
0.146287
0.147850
0.131007
0.183054
0.138024
0.175556
0.138138
0.150022
0.095252
