0.011251
0.000854
0.013091
0.000541
0.010623
0.000971
0.000929
0.008849
0.001353
0.000967
0.010641
0.000993
0.000790
0.001102
0.001171
0.011211
0.011528
0.010007
0.009826
0.001157
0.012219
0.012624
0.001001
0.000921
0.008949
0.009000
0.012124
0.011174
0.012262
0.010519
0.011765
0.010674
0.001228
0.013486
0.000883
0.001074
0.000913
0.001258
0.009361
0.007000
0.012943
0.000631
0.000863
0.001108
0.000861
0.010885
0.001563
0.001739
0.015856
0.001376
0.001325
0.023045
0.000949
0.015421
0.005983
0.000675
0.001148
0.000367
0.000972
0.001470
0.000780
0.009339
0.012850
0.010774
0.006640
0.010591
0.000958
0.003650
0.016596
0.001033
0.000888
0.001297
0.001159
0.008083
0.011186
0.009513
0.010153
0.009152
0.008409
0.001361
0.009152
0.000789
0.009790
0.013372
0.001545
0.011274
0.013211
0.000405
0.000953
0.006935
0.004775
0.000996
0.000417
0.001397
0.000739
0.009869
0.001476
0.006714
0.012071
0.001258
