61.392300
64.410100
51.194300
35.753200
67.863600
18.641000
30.672500
43.044500
63.062700
48.410200
49.220500
56.800500
20.449900
26.644000
48.267100
47.184700
47.231500
53.010800
54.313400
38.852100
32.859600
46.147600
49.561200
40.647900
30.562300
25.591500
67.934500
51.038900
57.658400
68.881400
47.782800
58.228500
39.573100
43.912600
19.653100
44.184300
29.438400
56.201300
51.638500
34.994700
54.019300
30.943800
30.161800
60.793100
110.872000
55.954100
51.867900
42.714600
29.155800
31.895400
33.180200
59.219100
77.290300
71.169900
51.783300
26.948000
39.583600
58.804500
53.102400
32.975000
59.653400
23.949400
50.193600
60.816100
56.101800
50.288100
32.544600
53.541100
47.619800
86.753400
40.525500
60.830100
54.530300
65.802800
63.676700
51.670900
25.425400
14.747700
19.044400
68.298200
37.996500
57.097100
66.515100
66.752300
40.696400
34.516600
72.306100
43.107800
47.055100
71.620900
57.909200
61.953200
56.193700
73.392900
39.298300
63.847300
32.917200
38.980700
49.950500
38.732900
