0.270877
0.163143
0.183954
0.169710
0.223165
0.210238
0.197402
0.201649
0.155290
0.129274
0.162913
0.211983
0.186572
0.233088
0.178878
0.163255
0.171093
0.146116
0.186541
0.110521
0.183750
0.176048
0.185284
0.222205
0.174312
0.167639
0.168477
0.148101
0.238944
0.111869
0.178097
0.221182
0.235237
0.238566
0.236229
0.191377
0.146514
0.230775
0.190411
0.234311
0.169365
0.175653
0.307796
0.129921
0.204617
0.221315
0.161376
0.229120
0.148739
0.207565
0.116859
0.195859
0.230148
0.215105
0.144292
0.233996
0.168070
0.211671
0.231589
0.208128
0.174410
0.064433
0.248675
0.223610
0.205287
0.176766
0.256725
0.229657
0.214025
0.145350
0.223761
0.175432
0.180453
0.275473
0.275949
0.220170
0.206697
0.146283
0.331394
0.170631
0.160107
0.208448
0.183075
0.264215
0.254793
0.338173
0.269015
0.261319
0.267969
0.245675
0.241011
0.261265
0.249866
0.202685
0.271824
0.237393
0.300513
0.261304
0.236267
0.193692
