0.010926
0.000854
0.000929
0.001353
0.000875
0.013565
0.001448
0.000592
0.007673
0.000817
0.000790
0.001171
0.009532
0.013724
0.010641
0.001031
0.001102
0.000993
0.001090
0.000921
0.009800
0.011174
0.008025
0.009342
0.000709
0.009000
0.010169
0.008999
0.010825
0.004637
0.000981
0.011888
0.001108
0.003886
0.000863
0.000824
0.000631
0.001066
0.001074
0.010674
0.001125
0.000883
0.016756
0.003903
0.009303
0.001099
0.007000
0.005279
0.001019
0.009339
0.000649
0.004889
0.000367
0.010774
0.001810
0.000675
0.012850
0.000830
0.005983
0.001076
0.023045
0.011183
0.000761
0.011312
0.000949
0.001033
0.013389
0.001144
0.010591
0.000607
0.001068
0.008426
0.000718
0.013994
0.001504
0.014218
0.012071
0.010153
0.001361
0.007642
0.009513
0.000512
0.000885
0.004924
0.013372
0.000989
0.001545
0.007919
0.000405
0.004775
0.000996
0.000953
0.007919
0.000372
0.005936
0.001711
0.009869
0.000832
0.010203
0.012233
