0.001819
0.003380
0.006103
0.042458
0.025430
0.008046
0.000818
0.024074
0.197037
0.029675
0.038954
0.014305
0.011269
0.000029
0.024434
0.010628
0.001253
0.007097
0.004955
0.038382
0.201557
0.089942
0.053019
0.025554
0.082669
0.000292
0.091855
0.023308
0.011090
0.039677
0.103163
0.571240
0.018430
0.030712
0.117490
0.116861
1.463893
0.072459
0.028873
0.088421
0.099513
0.035689
0.001611
0.116873
0.022316
0.120693
0.322152
0.091263
0.205215
0.103581
0.145120
1.085921
0.017549
0.256094
0.281916
0.174747
0.087390
0.025394
0.184023
0.372323
0.165029
0.249126
0.010546
0.473806
0.399054
1.548992
0.387989
0.790167
0.699714
0.075706
0.038018
0.084470
0.006396
0.916361
0.232503
0.421334
0.479386
0.126786
0.513671
0.722032
0.784898
0.011939
0.722032
0.930036
0.534361
0.785407
0.500157
1.279449
0.890452
0.239384
1.854881
0.030822
0.873871
2.477519
2.091044
0.752204
0.077403
16.053053
0.001819
0.055903
