0.000579
0.004090
0.000622
0.000438
0.003540
0.000237
0.000216
0.004500
0.004370
0.000316
0.000469
0.000397
0.004003
0.003098
0.005492
0.004347
0.000428
0.005490
0.004183
0.000400
0.000450
0.003930
0.004905
0.004552
0.003600
0.004078
0.003210
0.004850
0.003580
0.003737
0.003744
0.000367
0.004755
0.004354
0.004270
0.005023
0.000580
0.000252
0.005177
0.000429
0.002800
0.006703
0.004034
0.000392
0.000353
0.000329
0.004827
0.006342
0.004125
0.000434
0.000550
0.006324
0.004525
0.000588
0.000259
0.009218
0.000407
0.004250
0.000459
0.000389
0.000380
0.005140
0.000147
0.002656
0.000367
0.002621
0.006639
0.000418
0.000379
0.000249
0.003515
0.000287
0.000176
0.004061
0.003661
0.000354
0.005268
0.004828
0.000205
0.003057
0.003805
0.003195
0.003916
0.000310
0.000665
0.000160
0.000395
0.000381
0.003168
0.000162
0.001910
0.000398
0.000167
0.000653
0.003892
0.000684
0.003948
0.000333
0.000684
0.004183
