0.035331
0.025430
0.001819
0.077664
0.006567
0.000818
0.003380
0.007058
0.045289
0.010628
0.008440
0.008386
0.008204
0.011269
0.014305
0.007383
0.003651
0.005458
0.010258
0.203111
0.056010
0.003164
0.058299
0.020708
0.084796
0.039987
0.000292
0.089988
0.004331
0.010564
0.120693
0.114450
0.098452
0.069550
1.463893
0.563140
0.346678
0.251045
0.004507
0.571240
0.148512
0.116873
0.183240
0.030712
0.083763
0.017572
0.010234
0.064514
0.013242
0.765406
0.136339
0.184023
0.025394
0.103581
0.399054
0.764081
0.017549
0.272752
0.081813
0.174747
0.372323
0.079956
0.249126
0.473806
0.306832
0.271127
0.790167
0.006396
0.795341
0.108706
0.949667
0.288369
0.057091
0.479386
0.722032
0.290639
0.421334
0.637064
0.232503
0.324132
0.702836
0.513671
0.535591
0.252098
0.930036
0.109992
0.785407
0.890452
0.694417
1.854881
0.932173
0.239384
0.873871
7.621147
2.477519
0.752204
10.302220
5.109369
0.752204
0.010258
