0.887928
0.785430
0.809074
0.886504
0.810504
0.431631
0.770625
0.764274
0.548279
0.748750
0.792789
0.629857
0.790757
0.581415
0.677797
0.391837
0.646351
0.470485
0.800857
0.698501
1.038450
0.497440
0.667799
0.557785
0.533834
0.479149
0.657397
0.959344
0.814171
0.397150
0.659977
0.566293
0.731563
0.488331
0.456384
0.790571
0.775702
0.703476
0.671788
0.695115
0.986125
0.795519
0.749220
0.749028
0.792463
0.390733
0.757437
0.521725
0.655649
0.737601
0.173453
0.289897
0.945951
0.688839
0.594495
0.832509
0.735958
0.800501
0.648212
0.909076
0.659256
0.708161
0.469438
0.292935
0.738230
0.515469
0.828475
0.770967
0.632139
0.994288
1.081730
0.725501
0.673192
0.584407
0.840123
0.575872
0.584407
0.518935
0.513414
0.753648
1.226460
0.795001
0.396148
0.847852
0.704211
0.543443
0.889266
0.533261
0.385039
1.108260
1.113130
0.385039
0.533261
0.640246
0.640246
0.636181
0.790499
0.792337
0.832509
0.795519
