0.000947
0.002495
0.007667
0.000934
0.004916
0.008481
0.001308
0.002688
0.002140
0.004742
0.002563
0.002460
0.005188
0.000933
0.003047
0.002338
0.004243
0.005976
0.002213
0.001386
0.002295
0.004485
0.002588
0.001237
0.005359
0.000768
0.001103
0.003047
0.006738
0.002926
0.001182
0.002341
0.001054
0.000434
0.000680
0.000680
0.007666
0.005805
0.004931
0.003912
0.001559
0.002331
0.002564
0.003376
0.006814
0.004392
0.000962
0.004414
0.004788
0.001735
0.001996
0.003400
0.004488
0.006273
0.002896
0.002038
0.001284
0.004119
0.000943
0.006413
0.006060
0.002908
0.002238
0.003093
0.003477
0.003203
0.007909
0.004476
0.003242
0.002046
0.003310
0.003035
0.001757
0.002563
0.004208
0.004709
0.003284
0.006084
0.006539
0.008871
0.002802
0.000977
0.004745
0.005539
0.003219
0.001304
0.006660
0.001828
0.009834
0.009834
0.005181
0.001308
0.003788
0.003477
0.001158
0.004192
0.002820
0.005639
0.002588
0.001431
