0.991818
0.815914
0.551054
0.421279
0.864421
0.795646
0.123404
0.238459
0.622449
1.211377
0.538433
0.421595
0.088620
0.079759
0.400110
0.432949
0.239187
0.538683
0.202567
0.000000
0.226099
0.137736
0.403306
0.166068
0.000000
0.454108
0.168291
0.236578
0.380070
0.065065
0.058558
0.210109
0.324885
0.117489
0.643809
0.222095
0.070577
0.562552
0.099615
0.186661
0.342194
0.161585
0.355689
0.236863
0.347311
0.342883
0.247097
0.731506
0.542593
1.795145
0.570156
0.091394
0.382642
0.337206
0.786341
0.051684
0.748523
0.203102
0.519732
0.283916
0.473259
0.684350
0.146926
0.051963
0.139410
0.077251
0.155561
0.109230
0.686975
0.328337
0.055982
0.253046
0.836254
0.482783
0.250547
0.244489
0.482783
0.655368
0.087791
0.515208
1.128434
0.105759
0.482802
0.089641
0.934455
0.285126
0.623050
0.326999
0.456195
0.259688
0.192496
0.456195
0.326999
0.193907
0.193907
0.053291
0.557480
0.415612
0.051684
0.161585
