-1.228839
-0.466012
-0.438779
-0.665826
-0.547294
-0.550042
-1.008793
-0.392254
-1.050781
-0.105509
0.080978
-0.146377
-0.197992
-0.082026
0.001278
-0.447051
-0.218623
0.085040
0.312001
0.554653
0.705726
0.423549
0.689292
1.746456
0.142356
0.455582
0.346107
0.994160
0.474713
0.163047
0.527643
0.929254
3.166055
1.320253
1.664462
0.678516
1.294416
0.555243
1.073567
1.431360
1.810528
1.150798
0.400856
0.501853
0.625505
1.156987
1.279428
1.047704
1.405459
1.480845
1.276581
1.555895
1.569786
1.218818
1.717285
1.539816
1.444827
1.050393
1.357473
0.920584
1.126520
1.438463
2.055845
1.469784
2.212256
3.000248
2.068630
2.635790
3.457105
2.633736
1.766277
2.209422
2.170797
2.609907
2.492903
1.721669
2.689370
2.395575
2.239467
2.407766
1.765569
1.786361
1.988700
3.503873
2.529874
2.871707
3.055549
2.825028
2.289007
3.116171
3.116171
3.249761
3.381769
3.779844
3.595305
3.186144
4.170508
3.851470
0.994160
4.344182
