-60.530300
-60.551600
-61.443700
-56.615000
-58.584300
-56.558100
-55.517900
-58.061700
-57.040700
-56.399000
-58.330300
-57.177500
-57.784000
-56.684700
-57.287000
-57.728500
-55.891100
-56.087000
-58.151700
-55.000800
-59.927000
-57.384000
-56.062500
-56.920600
-57.238700
-55.497100
-58.409300
-54.100400
-57.757000
-56.608400
-58.798600
-56.692700
-56.082200
-55.923600
-58.205500
-58.181700
-58.306100
-55.215500
-57.476400
-56.821800
-57.822700
-56.285200
-57.858000
-57.675600
-56.492500
-56.301900
-56.213400
-58.483100
-56.182700
-56.947900
-54.881000
-57.656500
-58.744300
-56.928300
-57.478900
-58.104700
-59.063200
-59.335400
-57.046300
-58.209000
-56.890600
-57.753000
-58.297300
-57.588100
-56.528000
-57.284500
-54.702600
-58.663800
-57.899400
-57.542800
-55.025100
-57.560900
-58.984500
-56.750400
-54.604500
-58.141400
-58.616700
-59.253000
-55.840500
-54.735600
-56.900700
-54.245600
-56.528600
-59.118400
-58.071800
-55.213900
-58.041500
-54.927400
-57.764800
-54.340500
-57.705800
-56.149900
-57.764800
-59.639000
-56.618600
-58.261200
-55.053200
-56.850000
-57.287000
-55.807800
