0.010724
0.009171
0.008748
0.009785
0.009722
0.010233
0.007169
0.002688
0.013070
0.010711
0.010779
0.008076
0.014350
0.008338
0.008085
0.008030
0.009221
0.011172
0.011547
0.011974
0.008109
0.011333
0.010708
0.008975
0.008963
0.008372
0.009261
0.009540
0.009788
0.008020
0.008710
0.005488
0.006956
0.010501
0.006196
0.007305
0.008542
0.009482
0.008180
0.007175
0.010218
0.007958
0.004177
0.012077
0.007403
0.005687
0.013887
0.009337
0.008223
0.011052
0.013643
0.006265
0.009727
0.004049
0.008535
0.007325
0.006810
0.010041
0.008013
0.010045
0.009167
0.007175
0.010007
0.007535
0.001273
0.008798
0.006163
0.002753
0.007232
0.007221
0.008467
0.006955
0.011329
0.006025
0.008408
0.005129
0.008393
0.003074
0.006761
0.003711
0.010534
0.009194
0.006189
0.007150
0.007702
0.003637
0.005368
0.005920
0.006696
0.006803
0.005208
0.003391
0.006696
0.005689
0.007536
0.003806
0.008212
0.000247
0.008085
0.003723
