0.007673
0.001556
0.000875
0.000929
0.010623
0.013565
0.001096
0.000642
0.010926
0.000817
0.013724
0.000967
0.013730
0.001171
0.001102
0.000993
0.001040
0.013185
0.012124
0.007354
0.010825
0.001001
0.001124
0.010457
0.012219
0.000923
0.010169
0.000921
0.009800
0.001230
0.000165
0.007000
0.001237
0.000883
0.016756
0.012943
0.011765
0.010084
0.010674
0.011888
0.001356
0.012559
0.003903
0.001108
0.001258
0.001563
0.009303
0.001076
0.000780
0.001739
0.001085
0.001606
0.001376
0.012019
0.023045
0.004889
0.000761
0.005279
0.000948
0.000696
0.000972
0.015856
0.011312
0.006421
0.001019
0.001005
0.001033
0.016596
0.000440
0.003650
0.001046
0.008786
0.001159
0.013171
0.007988
0.012071
0.000512
0.007642
0.001504
0.000885
0.009513
0.001157
0.008409
0.004924
0.009648
0.001662
0.000775
0.006935
0.000405
0.007919
0.000996
0.004775
0.000405
0.001201
0.005936
0.009869
0.001476
0.006714
0.001102
0.001545
