0.090351
0.815914
0.421279
0.846957
0.678953
0.710330
0.651833
0.123404
0.293047
0.432949
0.235216
1.211377
0.359607
0.872954
0.227193
0.240822
0.952438
0.265111
0.206036
0.454108
0.000000
0.240077
0.360717
0.623430
0.000000
0.235101
0.484799
0.202567
0.449987
0.166068
0.352121
0.185615
0.186661
0.819856
0.046283
1.158579
0.324885
0.103169
0.359348
0.210109
1.228409
0.342194
0.189808
0.562552
0.334678
0.117489
0.342883
0.354410
0.382642
0.225382
0.094694
1.795145
0.786341
0.473259
0.000000
0.748523
0.051963
0.656038
0.199903
0.124981
0.092840
0.167934
1.329068
0.337206
0.283916
0.454384
0.106308
0.071760
0.836254
0.055982
0.102837
0.328337
0.592737
0.655368
0.087791
0.092080
1.128434
0.371271
0.555882
0.356736
0.244489
0.203050
0.250547
0.103284
0.084310
0.389319
0.153801
0.745107
0.326999
0.259688
0.322937
0.080172
0.326999
0.502013
0.193907
0.053291
0.089422
0.230728
0.227193
0.623050
