0.001929
0.005236
0.004249
0.003069
0.004500
0.000237
0.000541
0.000372
0.000350
0.005492
0.000387
0.003098
0.000413
0.004485
0.004611
0.000469
0.005274
0.000428
0.004552
0.000479
0.001855
0.000368
0.004330
0.000369
0.003920
0.004905
0.004850
0.000450
0.004068
0.004183
0.000429
0.004827
0.000252
0.000353
0.003863
0.004034
0.003744
0.000491
0.000495
0.004270
0.001554
0.000409
0.000580
0.000393
0.000329
0.005395
0.004706
0.004525
0.006324
0.000389
0.000304
0.004106
0.006168
0.000550
0.000270
0.005140
0.000588
0.000367
0.000459
0.000278
0.002568
0.000695
0.005220
0.003736
0.004250
0.003370
0.005356
0.000413
0.006639
0.000243
0.005574
0.000458
0.003464
0.004061
0.003805
0.000544
0.003364
0.000602
0.005598
0.003661
0.003195
0.002912
0.003057
0.000395
0.005349
0.000618
0.003859
0.000162
0.001910
0.003168
0.003167
0.000162
0.000381
0.000480
0.000653
0.003948
0.000591
0.000333
0.004027
0.004236
