-57.808400
-59.533700
-58.584300
-60.530300
-59.346100
-57.464100
-57.600400
-56.615000
-61.443700
-57.784000
-57.177500
-59.390400
-59.245600
-58.953800
-56.068600
-56.684700
-56.087000
-58.816000
-57.923400
-57.524800
-56.869300
-54.100400
-59.927000
-55.497100
-57.757000
-57.772900
-58.151700
-56.062500
-58.409300
-56.920600
-56.646300
-59.636700
-58.240400
-55.923600
-57.878100
-55.215500
-55.529600
-59.038500
-56.082200
-57.476400
-55.257600
-57.717900
-59.256800
-58.011700
-59.893000
-55.717800
-58.306100
-58.297300
-55.502000
-56.890600
-59.063200
-55.591500
-55.468800
-58.744300
-57.778300
-58.208800
-57.111500
-58.380400
-57.096600
-58.209000
-57.588100
-56.947900
-58.981800
-58.138400
-58.309400
-58.998400
-57.230800
-54.702600
-58.663800
-55.974800
-55.991000
-56.444000
-55.271600
-57.622400
-56.900700
-59.091100
-56.528600
-55.840500
-58.854700
-57.480700
-54.604500
-56.446500
-59.253000
-56.861200
-56.966100
-55.807800
-58.071800
-57.764800
-56.149900
-57.035200
-54.340500
-57.764800
-58.020700
-59.639000
-55.149100
-58.261200
-55.053200
-56.459300
-58.055000
-59.277500
