1.061540
0.613854
0.670463
0.636782
0.656789
0.431631
0.834204
0.733800
0.886504
0.846194
0.748750
0.570899
0.646351
0.581415
0.629857
0.515750
0.802716
0.710446
0.709370
1.141840
0.435142
0.800857
0.698501
0.517719
0.697925
0.845157
0.632023
0.813395
0.713701
0.691397
0.775702
0.784945
0.907811
0.966678
0.925473
0.687243
0.671788
0.921642
0.695115
0.836457
0.757437
0.749220
0.524557
0.795029
0.749028
0.792463
0.731563
0.737116
1.055000
0.747270
0.292935
0.708161
0.738230
0.594495
0.832509
0.492508
0.173453
0.660265
0.800501
0.934044
0.688839
0.696640
0.648212
0.754488
0.655649
0.632139
0.456520
1.002000
0.700425
1.104550
0.877537
0.743812
0.515469
0.812620
0.575872
0.404357
0.840123
0.502742
0.336454
0.584407
0.513414
0.795001
0.484620
0.759276
0.509100
0.889266
0.723412
0.533261
0.603754
1.113130
1.108260
0.533261
0.385039
0.057768
1.426040
0.636181
0.670649
0.792337
0.860698
0.828475
