0.272104
0.339696
0.198051
0.246202
0.167790
0.356057
0.103507
0.049070
0.250225
0.465809
0.327394
0.282441
0.494508
0.349586
0.511274
0.182517
0.202583
0.117934
0.211422
0.208686
0.095383
0.176292
0.058441
0.419027
0.230728
0.297230
0.159673
0.246250
0.265694
0.061582
0.192726
0.143147
0.182010
0.196328
0.293370
0.210603
0.098204
0.285462
0.180902
0.139075
0.093221
0.114485
0.274652
0.034862
0.251690
0.116690
0.228526
0.202107
0.103579
0.084359
0.093268
0.112387
0.131857
0.162939
0.105995
0.100989
0.133038
0.147225
0.168523
0.068309
0.305883
0.283448
0.106653
0.172069
0.172752
0.130674
0.122501
0.147467
0.084707
0.093182
0.246789
0.078671
0.166342
0.070341
0.219317
0.180797
0.068554
0.136801
0.315437
0.061601
0.095268
0.273570
0.075126
0.076672
0.237469
0.115553
0.189429
0.059551
0.059551
0.124419
0.223893
0.059551
0.135254
0.200342
0.064768
0.096234
0.047835
0.056960
0.047410
0.465809
