6.725055
13.268091
6.658056
8.373075
5.119741
10.728152
9.947666
5.446869
10.118458
6.028593
7.789998
6.471680
4.892558
7.291691
11.073689
4.682472
12.048164
7.774817
11.023449
4.915654
9.776967
4.723042
11.988731
10.129066
4.630988
10.091621
12.237415
11.478767
6.081395
7.927761
7.128016
11.800550
4.640299
9.810303
5.658486
10.140659
5.686253
7.397742
10.580685
9.875588
7.891559
7.006009
6.959389
5.177332
5.172858
10.407604
5.153909
10.491412
6.370892
8.990820
5.029554
6.961594
9.520911
9.214133
12.380869
9.650485
5.486685
9.781793
6.380228
8.675854
4.911334
7.672313
7.427960
12.197312
6.705581
9.867685
7.261119
11.977048
6.359674
5.652655
11.667071
6.359674
7.302547
8.858915
10.336881
7.539873
10.482204
9.531814
10.271554
4.887875
10.455191
11.041574
10.924003
11.240862
11.450475
4.897411
5.399514
11.427935
6.216455
5.075127
6.679742
7.690555
9.955097
9.443026
10.737612
7.291691
6.088397
7.279263
10.730723
6.226895
