0.834204
0.733800
0.670463
1.061540
0.499531
0.533496
0.810504
0.752844
0.887928
0.707563
0.655395
0.790757
0.646351
0.677797
0.710446
0.581415
0.802716
0.747414
0.845157
0.697925
0.397150
0.667799
0.657397
1.038450
0.709370
0.629946
0.632023
0.959344
0.435142
0.750254
0.925473
0.719629
0.659977
0.488120
0.795519
0.514788
0.687243
0.966678
0.550586
0.640606
0.986125
0.775702
0.155552
0.613193
0.213598
0.671788
0.695115
0.737116
0.469438
0.738230
0.861303
0.925858
0.697961
0.735958
0.909076
0.832509
0.747270
0.696640
0.660265
0.648212
0.659256
0.945951
0.521725
0.186576
0.594495
1.233010
0.656220
1.104550
0.473007
0.828475
0.725501
0.643475
1.081730
0.726824
0.818118
0.584407
0.840123
0.826401
0.396148
0.518935
0.545540
1.164330
0.584407
0.704211
0.759276
0.509100
0.252425
1.429880
0.385039
0.948789
1.108260
0.533261
0.647155
0.964616
0.841696
0.790499
0.670649
0.792337
0.533834
0.790757
