8.168036
11.754696
10.328406
5.490753
9.634177
10.737612
10.455191
6.277914
6.263266
9.955097
7.496819
10.728152
10.482204
11.389701
10.129066
5.074523
6.226895
5.055773
5.029554
6.918621
6.982587
10.140659
13.420757
9.650485
11.893283
6.081395
11.738666
10.325067
7.021312
10.271554
8.215747
4.851998
5.506193
11.834490
6.394613
7.427960
10.336881
4.863122
9.781793
7.087370
11.240862
4.640299
5.399514
5.350748
8.888836
9.872544
11.196456
9.947666
6.380228
11.800550
9.443026
9.810303
6.101535
6.725055
12.055906
7.821324
6.146863
6.751779
10.405931
7.891559
12.813997
4.682472
5.255395
9.867685
10.580685
5.105274
9.201719
11.539215
6.155465
6.373147
11.977048
6.932410
7.637112
12.083656
5.075127
8.326711
8.153711
8.728976
11.023449
8.182256
6.272110
5.172858
8.652397
7.302547
9.776967
9.941379
10.728152
5.446869
7.469688
5.652655
10.730723
5.395180
9.430102
6.353721
9.009488
11.073689
9.054379
9.737029
7.672313
7.279263
