61.392300
63.591200
18.145300
51.232700
63.062700
43.044500
64.410100
51.082500
55.384700
47.184700
45.149400
38.732900
40.426600
56.426200
47.231500
53.495100
51.533800
46.650400
30.562300
56.175800
56.253300
49.999800
51.038900
54.746100
47.605500
25.591500
38.852100
50.501000
49.211800
51.926900
110.872000
46.855900
49.290700
63.011500
58.228500
45.252800
51.472900
37.301300
65.405300
39.573100
60.268500
65.378500
58.317800
77.278600
51.867900
43.912600
30.943800
32.975000
39.917100
51.783300
29.155800
50.193600
52.057100
57.749800
46.088700
59.653400
56.101800
26.948000
71.169900
58.804500
42.500600
33.180200
61.704500
31.895400
59.219100
32.544600
50.288100
60.830100
40.337400
39.763100
40.525500
45.468200
50.116900
57.097100
45.610600
29.286500
29.886300
19.044400
66.515100
51.670900
86.582900
37.996500
63.030100
74.445300
71.356000
69.861000
66.752300
61.953200
57.909200
61.953200
36.623500
47.055100
48.669900
61.287200
63.424600
32.917200
85.116300
42.738700
25.425400
42.400900
