-58.584300
-61.001400
-60.551600
-56.558100
-56.615000
-58.352200
-59.533700
-56.339100
-57.808400
-59.390400
-57.262200
-58.953800
-55.938500
-56.399000
-56.087000
-56.068600
-58.408500
-57.287000
-55.497100
-56.090000
-56.920600
-56.423800
-58.573000
-57.384000
-56.608400
-55.331300
-58.159400
-57.238700
-57.772900
-58.539800
-59.038500
-55.923600
-57.476400
-54.420600
-56.285200
-57.926600
-58.691500
-56.239600
-56.692700
-57.878100
-58.240400
-56.821800
-58.181700
-55.215500
-57.037500
-59.893000
-55.529600
-56.436300
-56.947900
-57.096600
-58.104700
-56.919800
-58.483100
-55.788400
-57.046300
-57.753000
-58.208800
-58.959300
-55.502000
-55.468800
-58.744300
-54.881000
-61.348400
-57.478900
-57.588100
-56.444000
-55.866500
-58.998400
-57.230800
-57.726300
-58.079400
-55.991000
-57.016300
-59.253000
-56.528600
-59.091100
-58.914800
-58.141400
-57.681100
-58.144700
-56.900700
-58.854700
-56.750400
-55.213900
-59.118400
-58.071800
-57.469100
-57.705800
-58.020700
-57.880200
-57.764800
-57.764800
-57.764800
-55.149100
-58.816200
-58.261200
-55.343200
-56.459300
-57.560900
-58.816000
