0.670463
0.809074
0.785430
1.199350
0.733800
0.810504
0.613854
0.752844
1.061540
0.570899
0.792789
0.581415
0.747414
0.391837
0.802716
0.629857
0.470485
0.798471
0.517719
0.814171
0.691397
0.750254
0.281659
0.801517
0.557785
0.397150
0.940776
0.533834
0.845157
0.959344
0.921642
0.966678
0.836457
0.488120
0.986125
0.790571
0.659977
0.716300
0.838432
0.925473
0.907811
0.566293
0.670741
0.687243
0.821058
0.749028
0.671788
0.469438
0.696640
0.800501
0.735958
0.861303
0.681380
0.521725
0.700664
0.723179
0.492508
0.697961
1.055000
0.738230
0.594495
0.474072
0.435333
0.915847
0.688839
0.743812
0.725501
0.632139
0.456520
0.779131
0.473007
0.877537
0.548970
0.484620
0.840123
0.404357
1.164330
0.826401
0.753648
0.818118
0.575872
0.336454
0.518935
0.492293
1.012010
0.723412
0.865339
0.948789
0.385039
1.429880
0.533261
0.533261
0.533261
1.426040
1.029610
0.636181
0.790499
0.792337
0.994288
0.710446
