51.082500
64.410100
50.739900
18.641000
51.194300
54.824400
48.241900
51.418600
27.187200
38.913200
38.732900
44.852700
51.533800
48.410200
45.149400
47.584100
20.449900
47.231500
54.746100
43.639700
49.211800
51.926900
54.313400
48.257800
56.016100
25.591500
45.684700
51.403400
37.864500
46.147600
57.857100
30.943800
34.994700
55.954100
46.855900
65.405300
39.462100
62.794100
51.867900
50.866000
29.438400
58.228500
40.966600
49.897600
37.301300
44.184300
45.252800
53.508500
31.646100
54.429700
59.219100
56.101800
32.975000
39.917100
57.749800
47.183600
39.583600
33.180200
17.053800
27.853400
69.618800
50.627100
31.348800
59.653400
49.928600
53.541100
45.468200
60.830100
32.544600
58.891100
50.116900
70.488100
54.530300
68.298200
13.070300
19.044400
63.030100
25.425400
51.670900
56.897400
37.996500
65.802800
45.610600
32.478400
66.752300
71.356000
74.445300
57.909200
61.953200
48.669900
47.055100
47.055100
47.055100
19.278700
50.340800
32.917200
63.847300
38.980700
50.514600
53.495100
