0.050950
0.025437
0.077307
0.015899
0.042583
0.043855
0.048737
0.047607
0.035062
0.041789
0.043561
0.050626
0.038190
0.041240
0.044062
0.037472
0.027191
0.036765
0.042898
0.035675
0.041841
0.040645
0.028491
0.037433
0.039231
0.029465
0.048429
0.030976
0.039258
0.037450
0.041992
0.016812
0.035442
0.037992
0.034571
0.029749
0.034486
0.039062
0.045594
0.036500
0.029565
0.051587
0.048581
0.038769
0.045924
0.020997
0.039536
0.039782
0.052407
0.035516
0.035456
0.029830
0.029827
0.016863
0.046757
0.052309
0.040485
0.043449
0.034956
0.049368
0.032391
0.036197
0.040368
0.047590
0.046144
0.031797
0.040289
0.022363
0.039964
0.048774
0.022761
0.044425
0.017532
0.031715
0.019278
0.070625
0.024393
0.048194
0.014166
0.034941
0.013695
0.027608
0.036423
0.063415
0.018111
0.026271
0.022832
0.036398
0.018360
0.011452
0.017662
0.017662
0.017662
0.046807
0.000688
0.024759
0.027088
0.039060
0.015185
0.042193
