0.009722
0.011965
0.009171
0.010233
0.009785
0.008438
0.006151
0.012124
0.008455
0.009499
0.006943
0.010004
0.009838
0.010711
0.011172
0.010470
0.009969
0.008085
0.008372
0.008939
0.008975
0.008536
0.014497
0.011333
0.008020
0.011572
0.010012
0.008963
0.009076
0.011965
0.007785
0.010501
0.008180
0.010202
0.007958
0.009284
0.008537
0.006143
0.005488
0.009581
0.008505
0.007175
0.007305
0.009482
0.007468
0.008858
0.009775
0.007304
0.011052
0.008889
0.007325
0.007993
0.009337
0.006708
0.008013
0.007175
0.007895
0.004988
0.008481
0.008793
0.009727
0.013643
0.005809
0.008535
0.007535
0.007895
0.007780
0.006718
0.000834
0.005772
0.006984
0.006709
0.005348
0.003074
0.006189
0.004126
0.007597
0.005129
0.001688
0.005877
0.010534
0.012766
0.006025
0.003637
0.007150
0.007702
0.004763
0.005208
0.002122
0.003936
0.006696
0.006696
0.006696
0.004920
0.009043
0.003806
0.009039
0.001713
0.006955
0.009053
