-0.969374
-0.776736
-0.550042
-0.568758
-1.008793
-1.264390
-1.228839
-0.438779
-0.341436
-0.197992
0.166873
-0.105509
0.188820
-0.068871
-0.146377
0.085040
-0.447051
0.080978
0.142356
1.104093
0.554653
0.644868
0.695316
0.554349
0.455582
0.159284
0.413820
0.474847
0.689292
0.767317
1.177930
0.527643
0.927305
1.124122
0.555243
1.290429
1.404466
0.733581
1.664462
1.156987
0.625505
1.383987
1.004733
1.294416
1.810528
1.150798
1.431360
1.047704
1.299574
2.212256
1.859847
2.784608
1.405459
1.120473
1.510918
1.216302
1.073865
1.432767
1.126520
1.357473
1.555895
1.480845
1.606014
1.077076
1.232227
2.633736
1.287413
2.043737
1.428813
1.622664
2.021411
1.738861
1.759988
1.721669
1.988700
1.786361
2.239467
2.027685
1.748354
2.270257
2.289613
2.179478
1.765569
3.503873
2.516878
3.644332
2.871707
3.249761
3.010667
3.292204
3.116171
3.116171
3.116171
4.344182
3.595305
3.186144
3.329139
3.751848
2.165704
-0.710379
