-0.499160
-0.598076
0.846091
-0.280432
-0.829913
0.535049
1.102857
0.622450
0.021573
1.986303
1.105449
0.192669
0.369058
1.775647
0.055905
-0.194084
1.579743
-0.310962
0.052504
-0.298661
0.880827
0.682779
0.294957
-0.083040
0.038304
0.139380
-0.955441
-0.680217
-0.004321
-0.625879
0.646303
0.602426
-0.215087
-0.413929
-0.403464
-0.105641
-0.227499
0.718144
-0.031557
0.645220
0.305419
-0.454473
0.357134
-0.587773
-0.596847
0.124505
-0.525729
0.807236
0.300986
-0.370728
0.302335
-0.112438
-0.060163
0.324373
-0.325151
0.204357
0.270990
0.250469
1.009143
-0.013572
0.615556
-0.182551
0.422252
0.005950
0.361294
0.514740
0.545775
0.481959
0.838745
0.104804
-0.316823
0.080195
0.216937
0.031128
-0.364206
-0.242807
-0.335912
0.166625
0.665019
-0.359993
0.442581
0.167502
1.016369
0.496309
-0.320788
-0.222797
1.131318
-0.112487
0.376854
0.656081
-0.250009
-0.250009
-0.250009
2.074612
0.538010
-0.113292
-0.069035
-0.103141
0.581362
-0.360169
