0.678953
0.551054
0.815914
0.710330
0.846957
0.864421
1.429099
0.573553
0.236075
0.000000
0.538433
0.079759
0.886979
0.432949
0.265111
0.421595
0.538683
0.227193
0.235101
0.380070
0.623430
0.430372
0.353473
0.240077
0.166068
0.065065
0.000000
0.000000
0.109984
0.236578
0.398584
0.819856
0.359348
0.279980
0.342194
0.222095
0.058558
0.297461
0.185615
1.170670
0.207413
0.210109
1.158579
0.103169
0.201245
0.236863
0.099615
0.146926
0.225382
0.203102
0.748523
0.331069
0.354410
0.731506
0.199903
0.167934
0.506871
0.220953
1.266268
0.139410
0.786341
0.094694
0.231447
0.000000
0.337206
0.441096
0.253046
0.686975
0.550327
0.132384
0.196808
0.351811
0.320767
0.371271
0.250547
0.865813
0.093176
0.092080
0.515208
0.082555
0.244489
0.750017
0.655368
0.389319
0.103284
0.084310
0.296571
0.322937
0.456195
0.491775
0.326999
0.326999
0.326999
0.563183
0.379016
0.053291
0.557480
0.415612
0.328337
0.354322
