0.054807
0.042583
0.048737
0.052616
0.032538
0.044076
0.037469
0.047607
0.056570
0.041240
0.038190
0.037472
0.039465
0.045310
0.044062
0.049081
0.041812
0.030490
0.037941
0.046060
0.037948
0.029465
0.037450
0.037866
0.048199
0.039258
0.030976
0.038593
0.035675
0.031538
0.047659
0.063561
0.016812
0.036167
0.037992
0.022349
0.028336
0.035333
0.047023
0.015612
0.045924
0.031761
0.035929
0.020997
0.036500
0.038769
0.029749
0.042257
0.034956
0.043449
0.036197
0.046435
0.046036
0.049368
0.033980
0.037641
0.029583
0.039782
0.033736
0.022494
0.029830
0.031392
0.032667
0.029827
0.035456
0.039964
0.048774
0.033757
0.033353
0.034870
0.037975
0.028103
0.030617
0.032261
0.019278
0.036423
0.027222
0.013695
0.048194
0.039026
0.027608
0.031257
0.024945
0.046030
0.026719
0.063415
0.056426
0.036398
0.011452
0.018360
0.017662
0.018360
0.017662
0.020646
0.043287
0.027088
0.028634
0.028231
0.051587
0.041416
