-60.551600
-58.061700
-57.800800
-57.808400
-59.346100
-58.584300
-60.530300
-59.417700
-58.292900
-57.987200
-56.684700
-58.418600
-55.938500
-57.287000
-60.722600
-58.330300
-56.087000
-59.390400
-59.892500
-56.423800
-58.556100
-57.524800
-58.539800
-58.573000
-58.494700
-59.328000
-56.090000
-57.772900
-56.043600
-56.112600
-59.886600
-55.923600
-57.674500
-58.023000
-57.675600
-57.006100
-55.257600
-55.529600
-58.181700
-56.213400
-55.717800
-59.038500
-57.717900
-56.239600
-58.240400
-56.646300
-57.878100
-55.788400
-58.297300
-56.890600
-60.490200
-56.182700
-61.348400
-56.705000
-59.007400
-54.770900
-56.928300
-57.778300
-58.209000
-56.947900
-58.483100
-58.744300
-58.138400
-56.919800
-57.046300
-58.663800
-58.984500
-58.079400
-57.899400
-55.866500
-57.542800
-55.991000
-55.271600
-57.480700
-56.031700
-57.480700
-54.735600
-54.245600
-54.604500
-58.616700
-59.091100
-57.622400
-58.141400
-58.859800
-56.861200
-59.118400
-58.071800
-57.764800
-57.035200
-58.020700
-58.020700
-56.149900
-57.705800
-58.816200
-56.618600
-58.261200
-55.053200
-56.459300
-58.798600
-57.035200
