15.164900
49.521300
39.413900
39.785400
18.626000
36.791700
50.448800
32.025600
30.472400
31.783000
43.218600
27.718600
36.036600
33.748700
36.042600
26.265900
42.462500
50.019100
28.941900
39.226900
23.516200
29.622400
35.909300
44.411400
40.127200
41.788900
34.096400
32.490000
37.198900
43.957000
32.381600
36.632500
37.506600
26.181800
48.471100
46.113300
37.196500
35.693200
35.734200
45.552600
30.411200
36.304600
37.727600
40.985700
40.211600
37.632500
40.583700
29.848200
36.475500
33.921200
38.630500
54.179500
35.199100
34.197200
30.685900
43.637400
64.878200
50.748700
47.372700
49.936400
24.229100
46.455700
36.109900
27.888800
36.977700
41.993400
46.729100
29.118900
44.827300
43.316300
46.892400
45.727300
33.977600
49.034100
29.602700
49.034100
56.239100
49.089900
40.937800
45.699000
37.142200
48.072200
42.881900
39.481200
42.588000
23.090000
49.247700
48.412500
41.907500
54.538300
54.538300
31.583900
34.792600
52.897100
40.500300
47.771000
35.947600
48.172300
27.041600
41.907500
