0.846091
-0.120897
1.399941
0.021573
0.388063
-0.499160
0.006103
0.673782
1.458619
1.136037
0.994393
-0.225930
0.369058
-0.310962
0.549579
0.067629
0.055905
1.986303
0.098947
0.682779
-0.409666
0.671445
-0.625879
0.294957
0.306678
0.193219
-0.298661
-0.004321
-0.169893
0.015351
0.191053
0.602426
-0.007075
2.115767
-0.008591
-0.027709
0.384523
-0.525729
0.357134
0.234651
-0.432909
0.646303
0.652516
0.718144
0.305419
-0.621712
0.645220
0.324373
1.008929
-0.336706
-0.194854
-0.001780
0.422252
0.529227
-0.143231
0.025141
0.274888
-0.380388
0.306064
0.300986
-0.060163
0.615556
-0.281508
-0.112438
-0.325151
-0.121593
0.063889
-0.316823
0.283785
0.545775
0.127773
0.080195
-0.259168
0.884514
0.168257
0.884514
2.232083
0.021569
-0.087644
0.276978
-0.242807
0.570374
0.166625
0.217415
0.130047
-0.320788
-0.222797
-0.250009
0.323381
0.376854
0.376854
-0.289241
-0.112487
0.538010
-0.207791
-0.113292
-0.191686
-0.103141
0.440164
0.323381
