0.002295
0.008563
0.006273
0.002954
0.007077
0.002460
0.004334
0.002249
0.005639
0.002313
0.004931
0.007607
0.006279
0.006727
0.001497
0.006625
0.003169
0.003962
0.006814
0.000912
0.003953
0.002610
0.001182
0.003093
0.008683
0.001013
0.001284
0.006914
0.001024
0.006738
0.003477
0.008717
0.003310
0.001054
0.003470
0.005525
0.006660
0.001386
0.006597
0.001757
0.004476
0.003797
0.002908
0.003047
0.005916
0.003212
0.001178
0.005961
0.001492
0.002564
0.001279
0.007667
0.001084
0.003992
0.000768
0.002252
0.004531
0.008481
0.002038
0.004243
0.002341
0.002872
0.005649
0.005181
0.004560
0.003274
0.003513
0.004945
0.000977
0.005233
0.002140
0.002748
0.005639
0.001952
0.001237
0.002213
0.007140
0.005805
0.004291
0.007909
0.002513
0.002691
0.006761
0.002802
0.003903
0.006060
0.001029
0.000605
0.001934
0.004024
0.002338
0.002513
0.004923
0.000962
0.003048
0.001809
0.001315
0.000895
0.000934
0.001735
