-0.550042
-1.264390
-0.969374
-0.776736
-0.547294
-0.341436
-0.466012
-0.732946
-0.552204
0.143108
-0.710379
-0.063289
-0.016406
-0.082026
0.085040
0.166873
-0.197992
-0.068871
0.474847
0.599754
0.767317
0.346107
0.423549
0.099535
0.243203
0.142893
0.223194
0.159284
0.521483
0.348469
1.290429
1.095636
1.317612
1.404466
0.854704
1.278496
1.279428
1.664462
1.294416
0.400856
0.929254
1.320253
0.678516
1.207931
1.150798
0.897868
0.684213
1.788975
1.299574
1.678570
1.510918
1.569786
1.194183
0.886782
2.632879
0.920584
1.717285
1.291533
1.050393
1.120473
1.539816
1.126520
1.752345
1.555895
1.438463
2.021411
1.428813
1.766277
2.165704
2.635790
2.165909
2.209422
2.156668
1.988700
2.270257
2.407766
1.721669
2.239467
2.027685
1.440716
2.179478
1.923994
2.689370
2.803232
3.503873
3.055549
2.529874
3.942129
3.010667
3.249761
3.381769
3.292204
2.825028
2.979332
4.344182
4.170508
3.186144
3.751848
2.126504
2.407766
