0.057962
0.113634
0.171525
0.113120
0.123701
0.092705
0.044133
0.074683
0.102077
0.128077
0.063839
0.095379
0.115079
0.098683
0.086169
0.083728
0.150961
0.092746
0.139255
0.099271
0.107612
0.079688
0.111692
0.160091
0.124585
0.107309
0.127762
0.120299
0.125749
0.084240
0.093152
0.101552
0.116151
0.121019
0.095252
0.115972
0.106811
0.142560
0.125706
0.119861
0.082425
0.092138
0.127949
0.088568
0.099143
0.086703
0.097717
0.139148
0.119259
0.083783
0.114051
0.159545
0.185947
0.169488
0.103418
0.109628
0.159150
0.143312
0.134088
0.093381
0.121234
0.105796
0.084170
0.060880
0.123627
0.102882
0.108836
0.139778
0.113012
0.074846
0.092146
0.106795
0.110924
0.065718
0.132607
0.116278
0.140549
0.188191
0.141757
0.084931
0.164806
0.129073
0.196372
0.171190
0.164476
0.104015
0.163532
0.121587
0.119885
0.124080
0.161999
0.161999
0.147850
0.131007
0.123360
0.138024
0.187720
0.138138
0.097717
0.086703
