0.052616
0.035062
0.048689
0.030530
0.046096
0.058769
0.043855
0.015899
0.047607
0.039555
0.044062
0.041240
0.045310
0.043561
0.037773
0.027191
0.031748
0.050626
0.039231
0.028491
0.042120
0.035675
0.037948
0.030976
0.040624
0.029465
0.040877
0.037866
0.039405
0.048472
0.039445
0.039331
0.033867
0.022349
0.033469
0.015612
0.040325
0.034571
0.039062
0.045626
0.041416
0.051587
0.028336
0.035442
0.029749
0.047309
0.038769
0.029583
0.039815
0.047590
0.031392
0.033736
0.072568
0.040485
0.039782
0.043449
0.036093
0.016863
0.016026
0.022494
0.035516
0.048404
0.046144
0.034956
0.050899
0.033353
0.031797
0.048774
0.039964
0.034870
0.044425
0.036186
0.039086
0.024945
0.031257
0.032261
0.013695
0.034941
0.039026
0.045847
0.024945
0.023390
0.036423
0.023226
0.018111
0.046030
0.030827
0.017662
0.018360
0.050502
0.018360
0.036398
0.017662
0.000688
0.031440
0.024759
0.028634
0.028231
0.033469
0.042898
