0.007916
0.004823
0.006052
0.001096
0.009837
0.000875
0.000971
0.013565
0.000541
0.010868
0.013185
0.000817
0.001040
0.012233
0.010641
0.009532
0.013730
0.011211
0.001230
0.001090
0.012124
0.010196
0.000858
0.012219
0.012611
0.009000
0.000709
0.011380
0.008999
0.008025
0.001450
0.001125
0.001258
0.000981
0.013486
0.000165
0.001024
0.012559
0.000892
0.003903
0.009303
0.011888
0.000863
0.010674
0.000918
0.007194
0.010084
0.013050
0.011312
0.023045
0.000830
0.000918
0.001810
0.012850
0.001325
0.000649
0.000972
0.006640
0.001470
0.001019
0.001148
0.010265
0.006421
0.015811
0.006414
0.016596
0.001144
0.000947
0.013389
0.000888
0.013934
0.001031
0.001046
0.009152
0.010153
0.007988
0.009513
0.009790
0.000789
0.000885
0.009152
0.001157
0.013171
0.013211
0.004924
0.011274
0.000775
0.000405
0.000953
0.007919
0.000953
0.000996
0.000405
0.000739
0.009730
0.009869
0.001476
0.006714
0.013486
0.000923
