-56.615000
-57.600400
-58.292900
-56.339100
-61.443700
-57.464100
-55.517900
-56.768000
-58.352200
-57.784000
-56.684700
-58.418600
-58.330300
-57.987200
-56.068600
-59.390400
-57.177500
-57.120600
-57.772900
-54.100400
-56.389800
-55.497100
-56.391200
-59.927000
-56.062500
-57.524800
-56.920600
-58.556100
-58.159400
-54.826300
-57.476400
-57.914200
-55.257600
-59.886600
-58.798600
-58.181700
-58.691500
-56.285200
-58.240400
-56.821800
-58.306100
-56.082200
-54.382700
-59.256800
-57.674500
-56.692700
-57.006100
-58.380400
-58.744300
-56.528000
-55.788400
-54.881000
-59.063200
-54.770900
-55.468800
-57.111500
-57.778300
-58.483100
-58.981800
-59.007400
-58.209000
-57.588100
-58.104700
-57.096600
-58.309400
-58.998400
-59.277500
-57.542800
-58.501800
-59.636300
-57.899400
-57.230800
-57.726300
-57.681100
-54.735600
-58.144700
-56.446500
-58.914800
-56.900700
-59.253000
-58.616700
-57.622400
-58.141400
-55.807800
-59.118400
-58.362500
-55.476400
-57.764800
-57.764800
-57.705800
-54.340500
-57.880200
-58.020700
-57.220700
-55.149100
-55.053200
-55.343200
-56.459300
-56.112600
-58.330300
