0.183954
0.169710
0.165796
0.143029
0.223165
0.201649
0.115043
0.161861
0.192658
0.236351
0.211983
0.178878
0.233088
0.162913
0.148956
0.079895
0.201810
0.149091
0.160524
0.110521
0.206835
0.205315
0.148101
0.238944
0.239144
0.186819
0.206192
0.234046
0.178530
0.205416
0.234311
0.195592
0.238566
0.230775
0.133947
0.192516
0.215517
0.163289
0.146514
0.221182
0.195821
0.192648
0.236617
0.180893
0.187284
0.161376
0.169365
0.213293
0.153913
0.148739
0.228678
0.249020
0.248675
0.211671
0.249851
0.215310
0.233996
0.208128
0.195508
0.231589
0.266967
0.267334
0.195859
0.176934
0.193985
0.175432
0.214025
0.228958
0.221316
0.308398
0.236506
0.256725
0.274654
0.220170
0.183075
0.214867
0.268047
0.213285
0.160107
0.170631
0.208448
0.146283
0.206697
0.269015
0.264215
0.261319
0.091962
0.267969
0.267969
0.241011
0.249866
0.176148
0.261265
0.236606
0.360487
0.289875
0.237393
0.261304
0.174312
0.233088
