-58.061700
-56.339100
-58.584300
-61.001400
-56.361800
-57.600400
-57.040700
-57.839800
-61.443700
-57.177500
-58.418600
-57.987200
-57.262200
-57.784000
-58.408500
-56.068600
-55.891100
-56.399000
-59.892500
-59.328000
-58.573000
-57.238700
-55.535200
-54.826300
-57.384000
-56.869300
-55.497100
-56.423800
-57.923400
-58.409300
-57.926600
-56.285200
-56.301900
-58.011700
-55.257600
-59.636700
-54.382700
-58.306100
-57.914200
-56.239600
-58.798600
-59.256800
-55.717800
-57.858000
-56.213400
-56.646300
-58.181700
-58.138400
-58.744300
-60.490200
-57.046300
-58.104700
-56.919800
-58.309400
-57.096600
-54.770900
-59.063200
-57.778300
-58.208800
-57.656500
-57.588100
-57.923400
-56.182700
-58.981800
-58.483100
-58.998400
-58.233800
-55.974800
-59.636300
-55.271600
-55.991000
-54.702600
-57.542800
-55.840500
-57.480700
-56.031700
-56.528600
-58.854700
-56.446500
-54.735600
-58.141400
-58.144700
-59.091100
-58.041500
-56.764200
-58.362500
-55.476400
-58.020700
-57.764800
-57.764800
-58.020700
-54.927400
-56.149900
-55.311600
-55.149100
-55.053200
-55.343200
-56.459300
-55.517900
-58.573000
