0.002688
0.012124
0.009722
0.011965
0.008050
0.010386
0.013070
0.008068
0.008748
0.008076
0.007262
0.008574
0.006943
0.014350
0.009969
0.010470
0.009221
0.010711
0.010597
0.008294
0.014497
0.008963
0.007901
0.012606
0.011333
0.011471
0.008372
0.008536
0.008004
0.009261
0.009284
0.007958
0.005687
0.011394
0.008423
0.004951
0.006194
0.008542
0.010013
0.006143
0.008710
0.007460
0.007038
0.004177
0.013887
0.007708
0.007305
0.010832
0.009727
0.009356
0.008013
0.007325
0.007993
0.006003
0.008889
0.009267
0.006810
0.010998
0.007895
0.006265
0.007535
0.012370
0.008223
0.004924
0.009337
0.006718
0.005064
0.009014
0.005481
0.008900
0.006709
0.006163
0.007221
0.006761
0.006876
0.002674
0.006189
0.012766
0.010227
0.003711
0.005129
0.005877
0.004126
0.005368
0.008271
0.002895
0.006330
0.002122
0.006696
0.006696
0.002122
0.005920
0.003391
0.002342
0.004920
0.008212
0.009039
0.001713
0.007169
0.014497
