6.751779
6.028593
5.954946
6.146863
8.424412
9.430102
5.856182
6.380228
6.101535
5.652655
9.867685
8.572948
6.471680
5.775764
9.875588
7.427960
9.201719
11.023449
5.157503
8.572948
5.119741
6.370892
13.585299
5.055773
5.029554
11.450475
12.250212
12.238956
11.196456
10.271554
4.682472
6.059407
9.118001
6.937847
7.793612
11.893283
9.054379
5.399514
6.226895
8.990820
9.810303
8.369188
11.389701
4.640299
6.196937
8.168036
10.455191
6.359674
4.723042
6.155465
4.887875
12.197312
7.637112
6.961594
10.482204
9.456664
6.936091
11.416411
4.999162
9.947666
5.105274
7.539873
13.268091
7.712887
11.919900
11.045282
6.272110
4.621813
10.336881
11.478767
8.599691
6.982587
7.891559
12.644636
10.737612
5.172858
8.675854
11.041574
5.177332
5.395180
6.658056
5.636450
5.614474
8.693888
7.957275
8.215747
8.326711
5.686253
7.559746
7.672313
11.240862
12.055906
11.298675
7.302547
8.177497
7.789998
9.634177
8.153711
6.394613
12.048164
