0.622450
-0.829913
0.673782
1.175920
1.102857
0.021573
-0.598076
1.016948
0.846091
-0.194084
-0.360169
0.177044
0.369058
1.627848
1.138805
1.579743
0.994393
0.055905
-0.542966
0.277312
0.139380
-0.409666
0.038304
0.682779
-0.298661
0.272776
0.513791
0.348249
-0.625879
0.880827
-0.215087
-0.227499
-1.129666
-0.432909
-0.596847
0.124505
0.376336
0.191053
0.693557
0.652516
-0.126043
0.298023
0.428249
-0.105641
-0.031557
0.891062
0.718144
0.807236
-0.041698
0.005950
-0.182551
0.025141
-0.474811
0.124031
-0.370728
0.300986
0.274888
0.324373
-0.159457
-0.243234
0.250469
0.306064
0.610869
0.615556
0.915701
-0.259168
0.838745
0.078459
0.481959
0.080195
0.085611
0.104804
0.232138
0.665019
0.168257
0.884514
0.537064
0.166625
1.016369
0.031128
0.276978
2.232083
0.570374
-0.295875
0.269347
-0.320788
0.217415
0.093974
-0.112487
-0.289241
-0.250009
0.323381
0.656081
-0.260360
2.074612
-0.069035
-0.113292
-0.103141
0.388063
0.570374
