885.000000
1045.000000
816.000000
490.000000
832.000000
924.000000
897.000000
1185.000000
1005.000000
796.000000
1013.000000
409.000000
712.000000
749.000000
1038.000000
890.000000
757.000000
426.000000
124.000000
1130.000000
218.000000
966.000000
29.000000
1032.000000
346.000000
1104.000000
1014.000000
495.000000
762.000000
676.000000
514.000000
113.000000
396.000000
1102.000000
10.000000
97.000000
1315.000000
207.000000
229.000000
1339.000000
163.000000
497.000000
266.000000
851.000000
120.000000
804.000000
1247.000000
651.000000
1271.000000
298.000000
513.000000
191.000000
37.000000
1270.000000
7.000000
889.000000
942.000000
864.000000
251.000000
1301.000000
665.000000
667.000000
800.000000
1249.000000
1219.000000
136.000000
618.000000
191.000000
976.000000
844.000000
643.000000
299.000000
195.000000
604.000000
637.000000
938.000000
1193.000000
170.000000
962.000000
284.000000
1211.000000
995.000000
1294.000000
983.000000
255.000000
272.000000
210.000000
934.000000
845.000000
230.000000
309.000000
568.000000
959.000000
931.000000
1003.000000
627.000000
266.000000
593.000000
582.000000
1294.000000
