5.157503
9.810303
8.168036
6.277914
6.101535
10.491412
6.959389
10.407604
11.450475
12.845791
12.380869
6.932410
6.081395
9.810303
9.650485
9.214133
11.023449
4.556535
11.191626
9.443026
11.539215
8.182256
5.029554
11.046131
7.496819
7.087370
7.559746
7.469688
7.821324
8.373075
5.506193
6.359674
5.069445
8.326711
11.478767
6.982587
4.728707
12.083656
9.626968
6.179153
9.009488
8.693888
9.781793
12.237415
9.875588
7.306707
7.895492
8.678304
7.690555
12.644636
11.389701
12.048164
6.059407
5.105274
4.915654
6.146863
5.350748
13.585299
10.336881
7.077575
4.887875
9.054379
6.937847
7.789998
4.999162
10.140659
12.055906
11.977048
6.028593
8.153711
10.325067
8.599691
7.128016
6.139843
5.291600
7.655398
9.955097
5.074523
7.397742
6.725055
4.892558
5.110193
11.240862
4.863122
4.723042
9.867685
12.250212
8.858915
7.894816
6.394613
6.936091
9.947666
6.216455
7.302547
7.198592
4.682472
4.640299
6.656102
6.380228
6.196937
