0.159330
0.272104
0.250225
0.391251
0.394599
0.052822
0.167790
0.364224
0.147159
0.289673
0.202583
0.465809
0.327394
0.117934
0.349586
0.380063
0.354240
0.511274
0.093511
0.095383
0.115167
0.058441
0.176292
0.108686
0.189754
0.237407
0.230728
0.185379
0.147317
0.272056
0.143147
0.161507
0.116690
0.202537
0.274652
0.071394
0.055600
0.114485
0.210603
0.219859
0.512005
0.208164
0.084134
0.255193
0.098204
0.196328
0.192726
0.202107
0.229095
0.131857
0.309438
0.105995
0.115612
0.283448
0.084359
0.092293
0.119972
0.072849
0.305883
0.133038
0.106653
0.206227
0.100989
0.172752
0.093268
0.239164
0.093182
0.083128
0.072776
0.131564
0.147467
0.101425
0.130674
0.180797
0.095268
0.061601
0.204506
0.136801
0.273570
0.073381
0.219317
0.075126
0.315437
0.189429
0.250090
0.237469
0.068741
0.059551
0.208626
0.223893
0.059551
0.246709
0.124419
0.064768
0.115009
0.047835
0.096234
0.056960
0.457842
0.180883
